108/09/23,1.71,1.81,1.71,1.81,105000,182050,0.15,3
108/09/24,1.76,1.76,1.68,1.68,110000,192900,-0.13,3
108/09/25,1.61,1.61,1.49,1.49,28000,43180,-0.19,6
108/09/26,1.58,1.58,1.49,1.50,32000,49820,0.01,4
108/09/27,1.35,1.35,1.33,1.33,107000,144110,-0.17,6
108/10/01,1.36,1.36,1.31,1.31,8000,10730,-0.02,2
108/10/02,1.30,1.38,1.30,1.38,23000,31100,0.07,3
108/10/03,1.34,1.44,1.31,1.44,52000,71990,0.06,5
108/10/04,1.49,1.54,1.47,1.47,274000,418450,0.03,10
108/10/07,1.50,1.62,1.49,1.58,451000,714760,0.11,31
108/10/08,1.59,1.60,1.49,1.49,505000,775670,-0.09,37
108/10/09,1.36,1.36,1.25,1.25,464000,609480,-0.24,22
108/10/14,1.34,1.57,1.34,1.54,382000,566350,0.29,46
108/10/15,1.50,1.64,1.46,1.56,434000,671640,0.02,63
108/10/16,1.60,1.74,1.58,1.70,899000,1500950,0.14,34
108/10/17,1.64,1.71,1.60,1.61,501000,822250,-0.09,31
108/10/18,1.53,1.53,1.53,1.53,5000,7650,-0.08,1
108/10/21,1.47,1.47,1.46,1.46,109000,160200,-0.07,4
108/10/22,1.58,1.77,1.58,1.71,144000,242520,0.25,23
108/10/23,1.66,1.71,1.66,1.69,119000,201200,-0.02,14
108/10/24,1.85,1.86,1.64,1.68,61000,106870,-0.01,8
108/10/25,1.69,1.72,1.59,1.70,213000,360090,0.02,14
108/10/28,1.68,1.69,1.63,1.63,40000,66500,-0.07,4
108/10/29,1.60,1.60,1.50,1.50,31000,48060,-0.13,4
108/10/30,1.60,1.70,1.60,1.64,296000,489660,0.14,22
108/10/31,1.68,1.68,1.58,1.58,105000,170340,-0.06,22
108/11/01,1.49,1.52,1.49,1.52,144000,217580,-0.06,6
108/11/04,1.58,1.63,1.58,1.58,81000,128820,0.06,5
108/11/05,1.59,1.64,1.58,1.58,86000,137590,0.00,6
108/11/06,1.55,1.55,1.30,1.32,165000,229770,-0.26,14
108/11/07,1.29,1.36,1.29,1.36,151000,200400,0.04,8
108/11/08,1.41,1.41,1.36,1.36,140000,194120,0.00,14
108/11/11,1.50,1.60,1.50,1.52,164000,252180,0.16,13
108/11/12,1.56,1.78,1.55,1.78,612000,1021800,0.26,34
108/11/13,1.57,1.67,1.56,1.60,173000,279170,-0.18,34
108/11/14,1.60,1.65,1.59,1.63,220000,355700,0.03,9
108/11/15,1.73,1.81,1.63,1.63,1115000,1894160,0.00,16
108/11/18,1.68,1.78,1.66,1.76,1347000,2295680,0.13,39
108/11/19,1.73,1.73,1.61,1.62,360000,611000,-0.14,10
108/11/20,1.55,1.62,1.52,1.62,965000,1556050,0.00,12
108/11/21,1.53,1.53,1.50,1.52,960000,1458550,-0.10,14
108/11/22,1.53,1.53,1.40,1.40,45000,66550,-0.12,6
108/11/25,1.40,1.40,1.35,1.35,60000,81500,-0.05,2
108/11/26,1.40,1.46,1.35,1.35,130000,185000,0.00,8
108/11/27,1.37,1.42,1.37,1.42,66000,90520,0.07,5
108/11/28,1.46,1.53,1.40,1.40,37000,53820,-0.02,7
108/11/29,1.41,1.42,1.30,1.30,152000,202060,-0.10,19
108/12/02,1.20,1.21,1.08,1.12,283000,317390,-0.18,13
108/12/03,1.15,1.15,1.09,1.09,47000,51530,-0.03,2
108/12/04,1.10,1.12,1.10,1.12,192000,212700,0.03,4
108/12/05,1.13,1.18,1.13,1.18,69000,79420,0.06,3
108/12/06,1.14,1.14,1.14,1.14,69000,78660,-0.04,2
108/12/09,1.10,1.10,1.10,1.10,10000,11000,-0.04,1
108/12/10,1.00,1.00,1.00,1.00,30000,30000,-0.10,3
108/12/11,1.03,1.03,1.03,1.03,1000,1030,0.03,1
108/12/12,1.08,1.08,1.08,1.08,20000,21600,0.05,1
108/12/13,--,--,--,--,0,0,0.00,0
108/12/16,1.10,1.12,1.10,1.12,11000,12170,0.00,5
108/12/17,1.20,1.20,1.19,1.19,36000,43090,0.07,5
108/12/18,1.09,1.11,1.09,1.11,25000,27550,-0.08,3
108/12/19,1.00,1.00,0.98,0.98,127000,124660,-0.13,4
108/12/20,0.93,0.98,0.93,0.97,77000,74590,-0.01,4
108/12/23,0.93,0.93,0.75,0.75,226000,196950,-0.22,12
108/12/24,0.71,0.80,0.71,0.80,202000,154560,0.05,5
108/12/25,0.77,0.77,0.75,0.75,193000,147860,-0.05,5
108/12/26,0.72,0.72,0.70,0.71,216000,153760,-0.04,7
108/12/27,0.73,0.74,0.73,0.74,200000,147000,0.03,6
108/12/30,0.74,0.74,0.74,0.74,150000,111000,0.00,2
108/12/31,0.76,0.76,0.74,0.75,325000,243800,0.01,6
109/01/02,0.78,0.87,0.78,0.87,201000,159130,0.12,9
109/01/03,0.93,0.93,0.81,0.81,73000,67050,-0.06,10
109/01/06,0.69,0.69,0.66,0.69,120000,80400,-0.12,6
109/01/07,0.68,0.68,0.67,0.68,105000,70900,-0.01,3
109/01/08,0.63,0.63,0.60,0.60,155000,95700,-0.08,7
109/01/09,0.64,0.67,0.64,0.67,120000,78600,0.07,5
109/01/10,0.66,0.73,0.66,0.73,554000,382710,0.06,13
109/01/13,0.76,0.86,0.74,0.85,487000,401430,0.12,39
109/01/14,0.92,1.03,0.91,0.99,262000,253390,0.14,60
109/01/15,0.98,0.99,0.92,0.92,144000,140700,-0.07,39
109/01/16,0.87,0.87,0.84,0.84,22000,18920,-0.08,6
109/01/17,--,--,--,--,0,0,0.00,0
109/01/20,0.84,0.88,0.84,0.88,33000,28700,0.00,4
109/01/30,0.54,0.57,0.54,0.54,150000,83700,-0.34,6
109/01/31,0.50,0.50,0.34,0.38,240000,107900,-0.16,6
109/02/03,0.28,0.33,0.27,0.32,314000,90130,-0.06,7
109/02/04,0.37,0.50,0.37,0.50,351000,153740,0.18,17
109/02/05,0.51,0.53,0.44,0.44,280000,132650,-0.06,22
109/02/06,0.47,0.51,0.47,0.51,205000,97550,0.07,5
109/02/07,0.45,0.45,0.43,0.43,196000,86980,-0.08,6
109/02/10,0.29,0.43,0.28,0.43,363000,120610,0.00,18
109/02/11,0.47,0.50,0.45,0.50,474000,226470,0.07,23
109/02/12,0.54,0.63,0.54,0.63,178000,107830,0.13,16
109/02/13,0.64,0.65,0.60,0.60,348000,213600,-0.03,21
109/02/14,0.60,0.60,0.53,0.53,336000,184400,-0.07,6
109/02/17,0.50,0.55,0.50,0.51,308000,158320,-0.02,12
109/02/18,0.51,0.53,0.49,0.52,183000,93670,0.01,5
109/02/19,0.51,0.55,0.51,0.54,269000,140600,0.02,13
109/02/20,0.55,0.59,0.54,0.55,252000,147870,0.01,8
109/02/21,0.54,0.56,0.52,0.52,599000,319950,-0.03,15
109/02/24,0.47,0.55,0.47,0.54,591000,291990,0.02,24
109/02/25,0.52,0.53,0.50,0.50,689000,358210,-0.04,12
109/02/26,0.49,0.53,0.47,0.49,775000,391740,-0.01,17
109/02/27,0.48,0.48,0.34,0.35,608000,227790,-0.14,20
109/03/02,0.32,0.37,0.32,0.34,766000,264040,-0.01,21
109/03/03,0.39,0.50,0.38,0.43,947000,427340,0.09,27
109/03/04,0.43,0.46,0.41,0.44,553000,245780,0.01,34
109/03/05,0.50,0.54,0.44,0.44,356000,177290,0.00,13
109/03/06,0.44,0.45,0.43,0.44,424000,185460,0.00,10
109/03/09,0.41,0.44,0.32,0.34,695000,261920,-0.10,16
109/03/10,0.28,0.29,0.22,0.27,715000,184100,-0.07,15
109/03/11,0.28,0.30,0.24,0.24,1251000,344420,-0.03,21
109/03/12,0.17,0.17,0.09,0.12,653000,83100,-0.12,23
109/03/13,0.07,0.11,0.07,0.11,54000,4240,-0.01,9
109/03/16,--,--,--,--,0,0,0.00,0
109/03/17,--,--,--,--,0,0,0.00,0
109/03/18,--,--,--,--,0,0,0.00,0
109/03/19,--,--,--,--,0,0,0.00,0
109/03/20,0.08,0.08,0.08,0.08,13000,1040,0.00,1
109/03/23,--,--,--,--,0,0,0.00,0
109/03/24,0.02,0.02,0.02,0.02,100000,2000,0.00,1
109/03/25,0.03,0.03,0.03,0.03,100000,3000,0.01,1
109/03/26,--,--,--,--,0,0,0.00,0
109/03/27,0.02,0.02,0.02,0.02,131000,2620,0.00,2
109/03/30,0.03,0.03,0.03,0.03,300000,9000,0.01,7
109/03/31,0.04,0.10,0.04,0.10,101000,4100,0.07,3
109/04/01,0.10,0.10,0.10,0.10,3000,300,0.00,1
109/04/06,--,--,--,--,0,0,0.00,0
109/04/07,0.03,0.03,0.03,0.03,299000,8970,0.00,3
109/04/08,0.03,0.03,0.03,0.03,39000,1170,0.00,2
109/04/09,0.04,0.04,0.04,0.04,58000,2320,0.01,1
109/04/10,0.04,0.04,0.04,0.04,4000,160,0.00,1
109/04/13,0.05,0.05,0.05,0.05,84000,4200,0.01,1
109/04/14,0.07,0.10,0.07,0.10,135000,10890,0.05,5
109/04/15,0.11,0.20,0.10,0.10,65000,7830,0.00,7
109/04/16,0.08,0.09,0.08,0.09,25000,2150,-0.01,2
109/04/17,0.10,0.10,0.08,0.08,140000,13200,-0.01,12
109/04/20,0.06,0.06,0.06,0.06,374000,22440,-0.02,2
109/04/21,--,--,--,--,0,0,0.00,0
109/04/22,0.04,0.04,0.04,0.04,99000,3960,0.00,1
109/04/23,--,--,--,--,0,0,0.00,0
109/04/24,--,--,--,--,0,0,0.00,0
109/04/27,--,--,--,--,0,0,0.00,0
109/04/28,0.04,0.14,0.04,0.14,33000,2290,0.00,4
109/04/29,0.10,0.17,0.10,0.11,446000,45880,-0.03,8
109/04/30,0.14,0.14,0.12,0.14,105000,14500,0.03,3
109/05/04,0.11,0.11,0.11,0.11,200000,22000,-0.03,1
109/05/05,0.12,0.13,0.12,0.13,15000,1900,0.02,2
109/05/06,--,--,--,--,0,0,0.00,0
109/05/07,0.15,0.15,0.15,0.15,1000,150,0.00,1
109/05/08,0.15,0.15,0.15,0.15,3000,450,0.00,1
109/05/11,0.15,0.15,0.15,0.15,35000,5250,0.00,1
109/05/12,--,--,--,--,0,0,0.00,0
109/05/13,--,--,--,--,0,0,0.00,0
109/05/14,--,--,--,--,0,0,0.00,0
109/05/15,--,--,--,--,0,0,0.00,0
109/05/14,--,--,--,--,0,0,0.00,0
109/05/13,--,--,--,--,0,0,0.00,0
109/05/12,--,--,--,--,0,0,0.00,0
109/05/11,0.15,0.15,0.15,0.15,35000,5250,0.00,1
109/05/08,0.15,0.15,0.15,0.15,3000,450,0.00,1
109/05/07,0.15,0.15,0.15,0.15,1000,150,0.00,1
109/05/06,--,--,--,--,0,0,0.00,0
109/05/05,0.12,0.13,0.12,0.13,15000,1900,0.02,2
109/05/04,0.11,0.11,0.11,0.11,200000,22000,-0.03,1
109/04/30,0.14,0.14,0.12,0.14,105000,14500,0.03,3
109/04/29,0.10,0.17,0.10,0.11,446000,45880,-0.03,8
109/04/28,0.04,0.14,0.04,0.14,33000,2290,0.00,4
109/04/27,--,--,--,--,0,0,0.00,0
