108/10/03,--,--,--,--,0,0,0.00,0
108/10/04,3.18,3.18,3.18,3.18,10000,31800,0.00,1
108/10/07,3.42,3.42,3.42,3.42,3000,10260,0.24,1
108/10/08,3.25,3.25,3.25,3.25,3000,9750,-0.17,1
108/10/09,--,--,--,--,0,0,0.00,0
108/10/14,2.83,3.33,2.83,3.28,43000,133090,0.00,5
108/10/15,3.27,3.27,3.17,3.22,52000,168190,-0.06,6
108/10/16,3.31,3.32,3.16,3.32,86000,277950,0.10,6
108/10/17,3.05,3.20,3.05,3.20,139000,432050,-0.12,7
108/10/18,3.41,3.46,3.41,3.46,135000,463810,0.26,9
108/10/21,3.57,3.57,3.52,3.52,68000,239860,0.06,5
108/10/22,3.50,3.50,3.50,3.50,10000,35000,-0.02,1
108/10/23,3.54,3.63,3.54,3.63,59000,212100,0.13,3
108/10/24,3.71,3.80,3.71,3.80,97000,364460,0.17,5
108/10/25,3.81,3.81,3.81,3.81,48000,182880,0.01,3
108/10/28,3.81,3.81,3.81,3.81,3000,11430,0.00,1
108/10/29,3.33,3.33,3.17,3.17,71000,232910,-0.64,5
108/10/30,3.07,3.22,3.07,3.07,134000,420330,-0.10,8
108/10/31,3.07,3.33,3.07,3.20,209000,667250,0.13,12
108/11/01,2.98,3.08,2.92,2.98,121000,365000,-0.22,10
108/11/04,2.95,3.00,2.95,3.00,132000,393170,0.02,9
108/11/05,3.12,3.55,3.12,3.55,559000,1800260,0.55,31
108/11/06,3.97,4.00,3.65,3.65,505000,1981270,0.10,25
108/11/07,3.28,3.28,3.22,3.25,25000,81250,-0.40,3
108/11/08,3.63,3.63,3.37,3.37,30000,105700,0.12,3
108/11/11,3.44,3.44,3.35,3.35,20000,68200,-0.02,3
108/11/12,--,--,--,--,0,0,0.00,0
108/11/13,3.21,3.21,2.99,2.99,66000,201150,0.00,7
108/11/14,2.92,2.92,2.92,2.92,4000,11680,-0.07,1
108/11/15,2.89,2.90,2.80,2.80,155000,440950,-0.12,11
108/11/18,2.91,2.96,2.91,2.96,187000,545420,0.16,5
108/11/19,3.00,3.00,3.00,3.00,11000,33000,0.04,1
108/11/20,--,--,--,--,0,0,0.00,0
108/11/21,2.88,2.88,2.88,2.88,10000,28800,0.00,1
108/11/22,3.18,3.18,3.07,3.07,22000,67850,0.19,3
108/11/25,3.17,3.17,3.17,3.17,10000,31700,0.10,1
108/11/26,--,--,--,--,0,0,0.00,0
108/11/27,--,--,--,--,0,0,0.00,0
108/11/28,3.47,3.52,3.46,3.52,24000,83480,0.00,3
108/11/29,3.62,3.62,3.62,3.62,14000,50680,0.10,1
108/12/02,--,--,--,--,0,0,0.00,0
108/12/03,3.25,3.25,3.25,3.25,20000,65000,0.00,1
108/12/04,3.26,3.26,3.26,3.26,10000,32600,0.01,1
108/12/05,3.33,3.42,3.33,3.42,12000,40140,0.16,2
108/12/06,3.32,3.32,3.32,3.32,2000,6640,-0.10,1
108/12/09,3.66,3.66,3.66,3.66,5000,18300,0.34,1
108/12/10,--,--,--,--,0,0,0.00,0
108/12/11,3.43,3.43,3.43,3.43,2000,6860,0.00,1
108/12/12,--,--,--,--,0,0,0.00,0
108/12/13,3.72,3.72,3.66,3.66,6000,22020,0.00,2
108/12/16,4.15,4.15,4.15,4.15,6000,24900,0.49,1
108/12/17,--,--,--,--,0,0,0.00,0
108/12/18,4.11,4.11,4.11,4.11,1000,4110,0.00,1
108/12/19,--,--,--,--,0,0,0.00,0
108/12/20,--,--,--,--,0,0,0.00,0
108/12/23,--,--,--,--,0,0,0.00,0
108/12/24,--,--,--,--,0,0,0.00,0
108/12/25,--,--,--,--,0,0,0.00,0
108/12/26,--,--,--,--,0,0,0.00,0
108/12/27,--,--,--,--,0,0,0.00,0
108/12/30,--,--,--,--,0,0,0.00,0
108/12/31,4.57,4.57,4.57,4.57,3000,13710,0.00,1
109/01/02,4.48,4.48,4.48,4.48,3000,13440,-0.09,1
109/01/03,4.40,4.40,4.40,4.40,3000,13200,-0.08,1
109/01/06,4.12,4.12,3.92,3.92,10000,39900,-0.48,3
109/01/07,--,--,--,--,0,0,0.00,0
109/01/08,3.95,3.95,3.89,3.89,30000,118380,0.00,2
109/01/09,4.14,4.18,4.14,4.18,33000,136820,0.29,2
109/01/10,4.46,4.46,4.46,4.46,5000,22300,0.28,1
109/01/13,--,--,--,--,0,0,0.00,0
109/01/14,4.16,4.23,4.16,4.23,54000,226250,0.00,4
109/01/15,4.07,4.07,3.87,3.87,59000,239130,-0.36,5
109/01/16,--,--,--,--,0,0,0.00,0
109/01/17,4.24,4.31,4.24,4.31,53000,224790,0.00,6
109/01/20,4.19,4.47,4.19,4.26,53000,232290,-0.05,5
109/01/30,3.62,3.62,3.56,3.56,10000,35900,-0.70,2
109/01/31,3.54,3.54,3.18,3.18,29000,98660,-0.38,3
109/02/03,2.59,2.59,2.59,2.59,14000,36260,-0.59,1
109/02/04,--,--,--,--,0,0,0.00,0
109/02/05,--,--,--,--,0,0,0.00,0
109/02/06,--,--,--,--,0,0,0.00,0
109/02/07,--,--,--,--,0,0,0.00,0
109/02/10,--,--,--,--,0,0,0.00,0
109/02/11,--,--,--,--,0,0,0.00,0
109/02/12,--,--,--,--,0,0,0.00,0
109/02/13,3.27,3.27,3.27,3.27,15000,49050,0.00,1
109/02/14,3.12,3.12,3.12,3.12,15000,46800,-0.15,1
109/02/17,--,--,--,--,0,0,0.00,0
109/02/18,--,--,--,--,0,0,0.00,0
109/02/19,--,--,--,--,0,0,0.00,0
109/02/20,--,--,--,--,0,0,0.00,0
109/02/21,--,--,--,--,0,0,0.00,0
109/02/24,--,--,--,--,0,0,0.00,0
109/02/25,2.53,2.53,2.53,2.53,5000,12650,0.00,1
109/02/26,--,--,--,--,0,0,0.00,0
109/02/27,--,--,--,--,0,0,0.00,0
109/03/02,2.18,2.23,2.18,2.23,71000,155530,0.00,4
109/03/03,2.26,2.26,2.26,2.26,66000,149160,0.03,2
109/03/04,2.19,2.30,2.19,2.30,50000,112300,0.04,5
109/03/05,2.44,2.44,2.44,2.44,40000,97600,0.14,2
109/03/06,2.21,2.21,2.21,2.21,10000,22100,-0.23,1
109/03/09,1.81,1.91,1.81,1.91,40000,74400,-0.30,4
109/03/10,1.47,1.69,1.47,1.65,73000,117050,-0.26,7
109/03/11,1.75,1.75,1.61,1.61,114000,187790,-0.04,9
109/03/12,1.29,1.38,1.29,1.38,71000,95410,-0.23,3
109/03/13,0.31,0.60,0.31,0.60,93000,44320,-0.78,10
109/03/16,0.55,0.55,0.55,0.55,83000,45650,-0.05,2
109/03/17,--,--,--,--,0,0,0.00,0
109/03/18,--,--,--,--,0,0,0.00,0
109/03/19,--,--,--,--,0,0,0.00,0
109/03/20,--,--,--,--,0,0,0.00,0
109/03/23,--,--,--,--,0,0,0.00,0
109/03/24,--,--,--,--,0,0,0.00,0
109/03/25,--,--,--,--,0,0,0.00,0
109/03/26,--,--,--,--,0,0,0.00,0
109/03/27,--,--,--,--,0,0,0.00,0
109/03/30,--,--,--,--,0,0,0.00,0
109/03/31,--,--,--,--,0,0,0.00,0
109/04/01,--,--,--,--,0,0,0.00,0
109/04/06,--,--,--,--,0,0,0.00,0
109/04/07,--,--,--,--,0,0,0.00,0
109/04/08,--,--,--,--,0,0,0.00,0
109/04/09,--,--,--,--,0,0,0.00,0
109/04/10,--,--,--,--,0,0,0.00,0
109/04/13,--,--,--,--,0,0,0.00,0
109/04/14,--,--,--,--,0,0,0.00,0
109/04/15,--,--,--,--,0,0,0.00,0
109/04/16,--,--,--,--,0,0,0.00,0
109/04/17,--,--,--,--,0,0,0.00,0
109/04/20,--,--,--,--,0,0,0.00,0
109/04/21,--,--,--,--,0,0,0.00,0
109/04/22,0.80,0.80,0.80,0.80,61000,48800,0.00,2
109/04/23,0.78,0.78,0.78,0.78,61000,47580,-0.02,3
109/04/24,--,--,--,--,0,0,0.00,0
109/04/27,1.10,1.14,1.10,1.14,42000,47000,0.00,2
109/04/28,1.08,1.08,1.04,1.07,52000,55660,-0.07,7
109/04/29,1.27,1.27,1.27,1.27,78000,99060,0.20,6
109/04/30,1.50,1.85,1.50,1.70,368000,619650,0.43,32
109/05/04,1.18,1.18,1.07,1.10,172000,193010,-0.60,16
109/05/05,1.14,1.40,1.14,1.40,46000,59340,0.30,3
109/05/06,1.10,1.10,1.10,1.10,30000,33000,-0.30,3
109/05/07,1.21,1.21,1.21,1.21,20000,24200,0.11,1
109/05/08,1.33,1.33,1.33,1.33,20000,26600,0.12,1
109/05/11,1.25,1.25,1.25,1.25,5000,6250,-0.08,1
109/05/12,--,--,--,--,0,0,0.00,0
109/05/13,0.83,0.83,0.83,0.83,19000,15770,0.00,1
109/05/14,1.33,1.35,1.33,1.35,24000,32020,0.52,2
109/05/15,1.13,1.13,1.13,1.13,5000,5650,-0.22,1
109/05/14,1.33,1.35,1.33,1.35,24000,32020,0.52,2
109/05/13,0.83,0.83,0.83,0.83,19000,15770,0.00,1
109/05/12,--,--,--,--,0,0,0.00,0
109/05/11,1.25,1.25,1.25,1.25,5000,6250,-0.08,1
109/05/08,1.33,1.33,1.33,1.33,20000,26600,0.12,1
109/05/07,1.21,1.21,1.21,1.21,20000,24200,0.11,1
109/05/06,1.10,1.10,1.10,1.10,30000,33000,-0.30,3
109/05/05,1.14,1.40,1.14,1.40,46000,59340,0.30,3
109/05/04,1.18,1.18,1.07,1.10,172000,193010,-0.60,16
109/04/30,1.50,1.85,1.50,1.70,368000,619650,0.43,32
109/04/29,1.27,1.27,1.27,1.27,78000,99060,0.20,6
109/04/28,1.08,1.08,1.04,1.07,52000,55660,-0.07,7
109/04/27,1.10,1.14,1.10,1.14,42000,47000,0.00,2
