108/10/01,3.75,4.05,3.75,4.05,35000,135110,0.47,7
108/10/02,4.03,4.16,3.92,3.92,69000,281070,-0.13,7
108/10/03,3.75,3.75,3.71,3.72,26000,96960,-0.20,6
108/10/04,--,--,--,--,0,0,0.00,0
108/10/07,3.71,3.77,3.71,3.75,114000,426100,0.00,13
108/10/08,3.79,3.79,3.52,3.52,83000,313250,-0.23,10
108/10/09,3.40,3.40,3.40,3.40,7000,23800,-0.12,1
108/10/14,3.51,3.64,3.51,3.64,92000,329680,0.24,13
108/10/15,4.24,4.49,4.14,4.26,338000,1459210,0.62,80
108/10/16,4.70,4.78,4.09,4.09,319000,1472360,-0.17,50
108/10/17,4.11,4.12,3.86,4.04,98000,386290,-0.05,12
108/10/18,3.98,4.12,3.89,4.02,145000,580160,-0.02,20
108/10/21,4.06,4.25,4.01,4.11,148000,605000,0.09,19
108/10/22,4.16,4.20,4.11,4.11,53000,220680,0.00,7
108/10/23,4.22,4.22,3.92,3.96,30000,121000,-0.15,4
108/10/24,4.04,4.09,4.01,4.01,66000,267660,0.05,9
108/10/25,4.07,4.08,4.01,4.03,48000,194980,0.02,8
108/10/28,3.90,3.90,3.79,3.79,14000,53500,-0.24,2
108/10/29,3.79,3.85,3.64,3.64,31000,116690,-0.15,6
108/10/30,3.64,3.75,3.61,3.67,133000,489190,0.03,16
108/10/31,3.74,3.77,3.59,3.59,107000,399780,-0.08,14
108/11/01,3.36,3.39,3.34,3.34,30000,100900,-0.25,3
108/11/04,3.54,3.62,3.46,3.58,91000,322480,0.24,11
108/11/05,3.60,3.70,3.59,3.70,180000,656680,0.12,25
108/11/06,3.82,4.39,3.82,4.16,606000,2501120,0.46,100
108/11/07,3.90,4.10,3.75,4.07,531000,2047410,-0.09,95
108/11/08,3.91,3.91,3.72,3.72,55000,208040,-0.35,7
108/11/11,3.71,3.71,3.59,3.64,48000,177320,-0.08,3
108/11/12,3.59,3.98,3.59,3.98,46000,169160,0.34,8
108/11/13,4.25,4.66,3.93,3.93,135000,594000,-0.05,38
108/11/14,3.75,3.81,3.66,3.79,95000,355130,-0.14,16
108/11/15,3.75,3.82,3.68,3.80,44000,165510,0.01,11
108/11/18,3.78,3.78,3.72,3.75,21000,78320,-0.05,4
108/11/19,3.74,3.97,3.74,3.97,70000,271900,0.22,14
108/11/20,4.19,4.19,3.94,3.94,97000,400600,-0.03,18
108/11/21,3.86,3.99,3.86,3.99,18000,71380,0.05,4
108/11/22,3.97,4.06,3.85,3.85,29000,116090,-0.14,6
108/11/25,3.82,4.05,3.82,4.04,66000,263960,0.19,12
108/11/26,4.20,4.26,4.11,4.12,60000,250670,0.08,12
108/11/27,4.33,5.40,4.26,5.40,388000,1763610,1.28,114
108/11/28,5.35,5.60,5.25,5.35,357000,1950350,-0.05,71
108/11/29,5.30,5.30,4.79,4.79,127000,654980,-0.56,28
108/12/02,4.88,4.88,4.82,4.82,2000,9700,0.03,2
108/12/03,5.35,5.95,5.35,5.95,37000,210200,1.13,7
108/12/04,5.50,5.85,5.50,5.55,36000,204000,-0.40,15
108/12/05,5.95,5.95,5.95,5.95,1000,5950,0.40,1
108/12/06,--,--,--,--,0,0,0.00,0
108/12/09,--,--,--,--,0,0,0.00,0
108/12/10,--,--,--,--,0,0,0.00,0
108/12/11,--,--,--,--,0,0,0.00,0
108/12/12,--,--,--,--,0,0,0.00,0
108/12/13,--,--,--,--,0,0,0.00,0
108/12/16,--,--,--,--,0,0,0.00,0
108/12/17,--,--,--,--,0,0,0.00,0
108/12/18,--,--,--,--,0,0,0.00,0
108/12/19,6.60,6.60,6.60,6.60,4000,26400,0.00,1
108/12/20,6.65,6.65,6.45,6.45,4000,26400,-0.15,4
108/12/23,--,--,--,--,0,0,0.00,0
108/12/24,--,--,--,--,0,0,0.00,0
108/12/25,8.40,9.55,8.40,9.55,15000,131450,0.00,4
108/12/26,9.65,9.65,9.55,9.55,15000,144150,0.00,10
108/12/27,--,--,--,--,0,0,0.00,0
108/12/30,--,--,--,--,0,0,0.00,0
108/12/31,--,--,--,--,0,0,0.00,0
109/01/02,--,--,--,--,0,0,0.00,0
109/01/03,--,--,--,--,0,0,0.00,0
109/01/06,--,--,--,--,0,0,0.00,0
109/01/07,--,--,--,--,0,0,0.00,0
109/01/08,7.85,8.00,7.85,8.00,58000,461000,0.00,7
109/01/09,9.25,9.25,8.65,8.65,58000,518700,0.65,4
109/01/10,--,--,--,--,0,0,0.00,0
109/01/13,--,--,--,--,0,0,0.00,0
109/01/14,9.70,9.70,9.70,9.70,4000,38800,0.00,1
109/01/15,10.30,10.50,10.30,10.50,4000,41600,0.80,4
109/01/16,--,--,--,--,0,0,0.00,0
109/01/17,--,--,--,--,0,0,0.00,0
109/01/20,--,--,--,--,0,0,0.00,0
109/01/30,--,--,--,--,0,0,0.00,0
109/01/31,--,--,--,--,0,0,0.00,0
109/02/03,--,--,--,--,0,0,0.00,0
109/02/04,--,--,--,--,0,0,0.00,0
109/02/05,--,--,--,--,0,0,0.00,0
109/02/06,--,--,--,--,0,0,0.00,0
109/02/07,--,--,--,--,0,0,0.00,0
109/02/10,--,--,--,--,0,0,0.00,0
109/02/11,9.30,9.75,9.30,9.75,15000,143550,0.00,5
109/02/12,9.65,9.65,9.55,9.55,15000,143450,-0.20,13
109/02/13,--,--,--,--,0,0,0.00,0
109/02/14,9.70,9.70,9.70,9.70,5000,48500,0.00,3
109/02/17,--,--,--,--,0,0,0.00,0
109/02/18,--,--,--,--,0,0,0.00,0
109/02/19,--,--,--,--,0,0,0.00,0
109/02/20,8.20,8.20,8.20,8.20,6000,49200,0.00,2
109/02/21,--,--,--,--,0,0,0.00,0
109/02/24,--,--,--,--,0,0,0.00,0
109/02/25,--,--,--,--,0,0,0.00,0
109/02/26,--,--,--,--,0,0,0.00,0
109/02/27,--,--,--,--,0,0,0.00,0
109/03/02,4.57,4.99,4.57,4.99,80000,383200,0.00,9
109/03/03,5.85,5.95,5.70,5.70,85000,492650,0.71,10
109/03/04,--,--,--,--,0,0,0.00,0
109/03/05,5.80,5.80,5.80,5.80,1000,5800,0.00,1
109/03/06,--,--,--,--,0,0,0.00,0
109/03/09,--,--,--,--,0,0,0.00,0
109/03/10,--,--,--,--,0,0,0.00,0
109/03/11,3.79,3.99,3.79,3.99,48000,185020,0.00,7
109/03/12,3.42,3.43,2.39,2.42,78000,225520,-1.57,12
109/03/13,--,--,--,--,0,0,0.00,0
109/03/16,--,--,--,--,0,0,0.00,0
109/03/17,--,--,--,--,0,0,0.00,0
109/03/18,1.06,1.06,1.06,1.06,30000,31800,0.00,1
109/03/19,--,--,--,--,0,0,0.00,0
109/03/20,--,--,--,--,0,0,0.00,0
109/03/23,--,--,--,--,0,0,0.00,0
109/03/24,--,--,--,--,0,0,0.00,0
109/03/25,--,--,--,--,0,0,0.00,0
109/03/26,--,--,--,--,0,0,0.00,0
109/03/27,--,--,--,--,0,0,0.00,0
109/03/30,--,--,--,--,0,0,0.00,0
109/03/31,--,--,--,--,0,0,0.00,0
109/04/01,--,--,--,--,0,0,0.00,0
109/04/06,--,--,--,--,0,0,0.00,0
109/04/07,--,--,--,--,0,0,0.00,0
109/04/08,--,--,--,--,0,0,0.00,0
109/04/09,--,--,--,--,0,0,0.00,0
109/04/10,--,--,--,--,0,0,0.00,0
109/04/13,--,--,--,--,0,0,0.00,0
109/04/14,--,--,--,--,0,0,0.00,0
109/04/15,--,--,--,--,0,0,0.00,0
109/04/16,--,--,--,--,0,0,0.00,0
109/04/17,--,--,--,--,0,0,0.00,0
109/04/20,--,--,--,--,0,0,0.00,0
109/04/21,--,--,--,--,0,0,0.00,0
109/04/22,--,--,--,--,0,0,0.00,0
109/04/23,--,--,--,--,0,0,0.00,0
109/04/24,--,--,--,--,0,0,0.00,0
109/04/27,3.38,3.95,3.38,3.70,67000,246650,0.00,14
109/04/28,3.88,3.88,3.63,3.80,67000,249030,0.10,11
109/04/29,--,--,--,--,0,0,0.00,0
109/04/30,3.96,4.22,3.96,4.22,60000,248100,0.00,12
109/05/04,3.13,3.14,3.13,3.14,60000,188300,-1.08,17
109/05/05,4.11,4.57,4.11,4.11,144000,621150,0.97,42
109/05/06,3.87,3.96,3.87,3.87,98000,380160,-0.24,11
109/05/07,4.27,4.27,4.27,4.27,46000,196420,0.40,1
109/05/08,3.49,3.49,3.49,3.49,10000,34900,-0.78,1
109/05/11,3.88,3.88,3.78,3.78,20000,76600,0.29,2
109/05/12,3.81,3.81,3.81,3.81,10000,38100,0.03,1
109/05/13,--,--,--,--,0,0,0.00,0
109/05/14,--,--,--,--,0,0,0.00,0
109/05/15,--,--,--,--,0,0,0.00,0
109/05/14,--,--,--,--,0,0,0.00,0
109/05/13,--,--,--,--,0,0,0.00,0
109/05/12,3.81,3.81,3.81,3.81,10000,38100,0.03,1
109/05/11,3.88,3.88,3.78,3.78,20000,76600,0.29,2
109/05/08,3.49,3.49,3.49,3.49,10000,34900,-0.78,1
109/05/07,4.27,4.27,4.27,4.27,46000,196420,0.40,1
109/05/06,3.87,3.96,3.87,3.87,98000,380160,-0.24,11
109/05/05,4.11,4.57,4.11,4.11,144000,621150,0.97,42
109/05/04,3.13,3.14,3.13,3.14,60000,188300,-1.08,17
109/04/30,3.96,4.22,3.96,4.22,60000,248100,0.00,12
109/04/29,--,--,--,--,0,0,0.00,0
109/04/28,3.88,3.88,3.63,3.80,67000,249030,0.10,11
109/04/27,3.38,3.95,3.38,3.70,67000,246650,0.00,14
