108/10/07,--,--,--,--,0,0,0.00,0
108/10/08,--,--,--,--,0,0,0.00,0
108/10/09,--,--,--,--,0,0,0.00,0
108/10/14,1.69,1.69,1.69,1.69,36000,60840,0.00,1
108/10/15,1.68,1.80,1.68,1.77,358000,621350,0.08,14
108/10/16,1.74,1.81,1.71,1.81,599000,1053830,0.04,25
108/10/17,1.83,1.91,1.81,1.81,436000,810420,0.00,24
108/10/18,1.77,1.79,1.74,1.75,104000,182860,-0.06,7
108/10/21,1.73,1.76,1.73,1.75,140000,244300,0.00,5
108/10/22,1.75,1.75,1.72,1.74,154000,267750,-0.01,7
108/10/23,1.76,2.03,1.76,2.01,815000,1548450,0.27,60
108/10/24,2.15,2.25,2.06,2.20,933000,2036450,0.19,67
108/10/25,2.27,2.27,2.13,2.16,392000,864470,-0.04,26
108/10/28,2.21,2.42,2.21,2.41,171000,395920,0.25,20
108/10/29,2.44,2.44,2.21,2.22,136000,325640,-0.19,16
108/10/30,2.21,2.26,2.16,2.25,84000,186930,0.03,12
108/10/31,2.21,2.21,2.13,2.13,75000,164250,-0.12,6
108/11/01,2.16,2.19,2.16,2.16,208000,450780,0.03,9
108/11/04,2.19,2.23,2.16,2.16,195000,432990,0.00,11
108/11/05,2.24,2.26,2.06,2.10,80000,171670,-0.06,10
108/11/06,2.36,2.40,2.10,2.10,64000,150030,0.00,12
108/11/07,1.93,1.93,1.81,1.93,124000,232590,-0.17,13
108/11/08,1.97,1.97,1.97,1.97,56000,110320,0.04,2
108/11/11,1.94,1.98,1.83,1.83,45000,87950,-0.14,3
108/11/12,1.90,1.90,1.87,1.89,50000,94400,0.06,3
108/11/13,1.91,1.95,1.91,1.91,24000,46360,0.02,3
108/11/14,1.79,1.79,1.79,1.79,13000,23270,-0.12,1
108/11/15,1.89,1.89,1.89,1.89,12000,22680,0.10,2
108/11/18,1.90,1.95,1.90,1.95,19000,36450,0.06,2
108/11/19,1.96,2.01,1.93,2.01,364000,715270,0.06,21
108/11/20,1.89,1.89,1.83,1.84,373000,691000,-0.17,21
108/11/21,1.73,1.74,1.70,1.74,32000,55060,-0.10,4
108/11/22,1.74,1.80,1.73,1.73,33000,58210,-0.01,5
108/11/25,1.70,1.70,1.70,1.70,7000,11900,-0.03,1
108/11/26,1.72,1.72,1.72,1.72,3000,5160,0.02,1
108/11/27,1.70,1.71,1.69,1.71,32000,54220,-0.01,4
108/11/28,1.69,1.69,1.69,1.69,12000,20280,-0.02,1
108/11/29,1.58,1.58,1.57,1.57,20000,31500,-0.12,2
108/12/02,1.56,1.56,1.45,1.45,22000,33300,-0.12,3
108/12/03,1.53,1.54,1.53,1.54,222000,339800,0.09,6
108/12/04,1.48,1.51,1.48,1.50,193000,289130,-0.04,12
108/12/05,1.56,1.77,1.56,1.77,69000,113730,0.27,10
108/12/06,1.83,1.83,1.82,1.82,25000,45700,0.05,3
108/12/09,1.78,1.78,1.78,1.78,5000,8900,-0.04,1
108/12/10,--,--,--,--,0,0,0.00,0
108/12/11,--,--,--,--,0,0,0.00,0
108/12/12,1.81,1.96,1.81,1.96,113000,210550,0.00,17
108/12/13,1.92,1.98,1.83,1.97,111000,211250,0.01,16
108/12/16,1.84,1.84,1.82,1.83,15000,27550,-0.14,8
108/12/17,--,--,--,--,0,0,0.00,0
108/12/18,1.85,1.85,1.77,1.77,18000,32500,0.00,3
108/12/19,--,--,--,--,0,0,0.00,0
108/12/20,--,--,--,--,0,0,0.00,0
108/12/23,--,--,--,--,0,0,0.00,0
108/12/24,--,--,--,--,0,0,0.00,0
108/12/25,1.71,1.72,1.69,1.69,20000,34250,0.00,7
108/12/26,1.73,1.88,1.71,1.82,261000,472240,0.13,49
108/12/27,1.78,1.79,1.75,1.76,332000,587080,-0.06,64
108/12/30,1.77,1.83,1.71,1.82,69000,123830,0.06,13
108/12/31,1.74,1.74,1.72,1.72,53000,92040,-0.10,14
109/01/02,1.75,1.75,1.75,1.75,20000,35000,0.03,1
109/01/03,1.75,1.75,1.70,1.70,40000,69000,-0.05,2
109/01/06,1.60,1.60,1.54,1.54,41000,63960,-0.16,3
109/01/07,1.58,1.58,1.53,1.53,92000,142540,-0.01,4
109/01/08,1.49,1.67,1.49,1.67,325000,517230,0.14,25
109/01/09,1.65,1.74,1.64,1.71,499000,839300,0.04,47
109/01/10,1.70,1.70,1.65,1.65,270000,449220,-0.06,21
109/01/13,1.67,1.68,1.67,1.68,34000,56920,0.03,4
109/01/14,1.73,1.78,1.73,1.73,93000,163310,0.05,14
109/01/15,1.74,1.80,1.72,1.79,290000,512680,0.06,60
109/01/16,1.76,1.83,1.76,1.79,272000,488500,0.00,33
109/01/17,1.80,1.80,1.72,1.72,79000,137770,-0.07,7
109/01/20,1.69,1.69,1.69,1.69,30000,50700,-0.03,1
109/01/30,1.20,1.20,1.20,1.20,24000,28800,-0.49,2
109/01/31,1.24,1.24,1.17,1.17,42000,50400,-0.03,3
109/02/03,0.90,0.99,0.87,0.96,379000,353320,-0.21,16
109/02/04,0.99,1.04,0.97,1.04,257000,263520,0.08,11
109/02/05,1.08,1.08,1.06,1.06,18000,19280,0.02,2
109/02/06,1.20,1.26,1.20,1.26,76000,93260,0.20,6
109/02/07,1.20,1.24,1.20,1.24,122000,148260,-0.02,6
109/02/10,1.11,1.16,1.11,1.16,46000,52860,-0.08,3
109/02/11,1.25,1.26,1.25,1.26,76000,95180,0.10,3
109/02/12,1.32,1.38,1.30,1.38,135000,181020,0.12,25
109/02/13,1.40,1.40,1.39,1.39,46000,64240,0.01,13
109/02/14,1.39,1.43,1.39,1.43,40000,56360,0.04,4
109/02/17,1.34,1.34,1.34,1.34,33000,44220,-0.09,1
109/02/18,1.34,1.34,1.34,1.34,5000,6700,0.00,1
109/02/19,--,--,--,--,0,0,0.00,0
109/02/20,--,--,--,--,0,0,0.00,0
109/02/21,1.21,1.21,1.21,1.21,4000,4840,0.00,2
109/02/24,--,--,--,--,0,0,0.00,0
109/02/25,1.13,1.13,1.13,1.13,18000,20340,0.00,1
109/02/26,1.12,1.16,1.12,1.16,19000,21320,0.03,3
109/02/27,1.09,1.09,1.09,1.09,3000,3270,-0.07,1
109/03/02,0.93,1.09,0.93,1.09,48000,49260,0.00,5
109/03/03,1.14,1.14,1.11,1.13,92000,103770,0.04,8
109/03/04,1.08,1.18,1.08,1.18,94000,107360,0.05,7
109/03/05,1.27,1.41,1.27,1.41,119000,162380,0.23,15
109/03/06,1.33,1.33,1.26,1.32,98000,126560,-0.09,7
109/03/09,1.13,1.13,1.06,1.06,32000,34700,-0.26,5
109/03/10,1.12,1.18,1.06,1.18,62000,67220,0.12,8
109/03/11,1.16,1.24,1.16,1.24,78000,93920,0.06,6
109/03/12,1.03,1.03,0.82,0.85,68000,63300,-0.39,5
109/03/13,0.68,0.91,0.68,0.91,51000,37200,0.06,6
109/03/16,0.71,0.71,0.71,0.71,1000,710,-0.20,1
109/03/17,0.65,0.65,0.65,0.65,10000,6500,-0.06,1
109/03/18,0.55,0.55,0.55,0.55,10000,5500,-0.10,1
109/03/19,0.45,0.45,0.32,0.32,30000,11000,-0.23,3
109/03/20,0.41,0.41,0.41,0.41,1000,410,0.09,1
109/03/23,--,--,--,--,0,0,0.00,0
109/03/24,0.43,0.43,0.43,0.43,50000,21500,0.00,1
109/03/25,0.58,0.58,0.58,0.58,30000,17400,0.15,1
109/03/26,--,--,--,--,0,0,0.00,0
109/03/27,--,--,--,--,0,0,0.00,0
109/03/30,--,--,--,--,0,0,0.00,0
109/03/31,--,--,--,--,0,0,0.00,0
109/04/01,--,--,--,--,0,0,0.00,0
109/04/06,--,--,--,--,0,0,0.00,0
109/04/07,0.58,0.58,0.58,0.58,10000,5800,0.00,1
109/04/08,0.76,0.76,0.76,0.76,1000,760,0.18,1
109/04/09,--,--,--,--,0,0,0.00,0
109/04/10,--,--,--,--,0,0,0.00,0
109/04/13,--,--,--,--,0,0,0.00,0
109/04/14,0.78,0.78,0.78,0.78,2000,1560,0.00,2
109/04/15,0.85,0.85,0.80,0.80,40000,32500,0.02,2
109/04/16,0.92,0.92,0.86,0.86,94000,81440,0.06,2
109/04/17,--,--,--,--,0,0,0.00,0
109/04/20,0.85,0.85,0.85,0.85,30000,25500,0.00,3
109/04/21,--,--,--,--,0,0,0.00,0
109/04/22,0.78,0.79,0.77,0.77,14000,10920,0.00,3
109/04/23,0.78,0.83,0.78,0.83,12000,9860,0.06,2
109/04/24,0.90,0.90,0.89,0.90,40000,35800,0.07,4
109/04/27,--,--,--,--,0,0,0.00,0
109/04/28,0.98,0.98,0.93,0.96,80000,76300,0.00,6
109/04/29,0.97,1.00,0.93,1.00,54000,51570,0.04,7
109/04/30,1.02,1.05,1.00,1.05,51000,51750,0.05,6
109/05/04,0.98,1.11,0.96,1.08,271000,285290,0.03,18
109/05/05,1.10,1.12,1.02,1.12,110000,115700,0.04,5
109/05/06,1.15,1.20,1.12,1.20,63000,71700,0.08,4
109/05/07,1.19,1.23,1.19,1.23,186000,224330,0.03,9
109/05/08,1.16,1.16,1.16,1.16,30000,34800,-0.07,1
109/05/11,--,--,--,--,0,0,0.00,0
109/05/12,--,--,--,--,0,0,0.00,0
109/05/13,--,--,--,--,0,0,0.00,0
109/05/14,--,--,--,--,0,0,0.00,0
109/05/15,1.00,1.00,1.00,1.00,30000,30000,0.00,3
109/05/14,--,--,--,--,0,0,0.00,0
109/05/13,--,--,--,--,0,0,0.00,0
109/05/12,--,--,--,--,0,0,0.00,0
109/05/11,--,--,--,--,0,0,0.00,0
109/05/08,1.16,1.16,1.16,1.16,30000,34800,-0.07,1
109/05/07,1.19,1.23,1.19,1.23,186000,224330,0.03,9
109/05/06,1.15,1.20,1.12,1.20,63000,71700,0.08,4
109/05/05,1.10,1.12,1.02,1.12,110000,115700,0.04,5
109/05/04,0.98,1.11,0.96,1.08,271000,285290,0.03,18
109/04/30,1.02,1.05,1.00,1.05,51000,51750,0.05,6
109/04/29,0.97,1.00,0.93,1.00,54000,51570,0.04,7
109/04/28,0.98,0.98,0.93,0.96,80000,76300,0.00,6
109/04/27,--,--,--,--,0,0,0.00,0
