108/10/30,1.48,1.49,1.48,1.49,16000,23780,0.20,2
108/10/31,1.46,1.72,1.46,1.69,829000,1388250,0.20,32
108/11/01,1.71,1.75,1.59,1.60,378000,621340,-0.09,43
108/11/04,1.60,1.70,1.60,1.70,156000,259280,0.10,15
108/11/05,1.74,1.96,1.74,1.94,304000,562910,0.24,26
108/11/06,1.96,2.11,1.92,2.11,273000,540120,0.17,46
108/11/07,2.05,2.05,1.88,1.94,205000,400840,-0.17,59
108/11/08,1.89,1.89,1.70,1.72,404000,700070,-0.22,57
108/11/11,1.65,1.68,1.55,1.55,400000,648510,-0.17,25
108/11/12,1.64,1.68,1.63,1.64,244000,404600,0.09,27
108/11/13,1.60,1.71,1.58,1.68,206000,338720,0.04,44
108/11/14,1.64,1.66,1.56,1.66,280000,448010,-0.02,21
108/11/15,1.71,1.93,1.71,1.82,389000,717490,0.16,50
108/11/18,1.82,1.82,1.74,1.81,531000,945310,-0.01,44
108/11/19,1.79,1.84,1.77,1.82,248000,447430,0.01,23
108/11/20,1.80,1.80,1.68,1.68,116000,202840,-0.14,30
108/11/21,1.59,1.63,1.43,1.56,358000,559830,-0.12,58
108/11/22,1.52,1.62,1.52,1.60,389000,612490,0.04,50
108/11/25,1.77,1.83,1.73,1.80,607000,1072470,0.20,111
108/11/26,1.91,1.91,1.76,1.76,167000,308670,-0.04,43
108/11/27,1.83,1.83,1.78,1.82,64000,116110,0.06,13
108/11/28,1.84,2.01,1.84,2.00,287000,558710,0.18,60
108/11/29,2.08,2.08,1.80,1.80,356000,697610,-0.20,55
108/12/02,1.73,1.86,1.65,1.68,407000,700380,-0.12,79
108/12/03,1.74,1.81,1.72,1.73,1049000,1837470,0.05,78
108/12/04,1.67,1.80,1.67,1.79,727000,1279730,0.06,20
108/12/05,1.82,1.82,1.74,1.76,51000,91770,-0.03,17
108/12/06,1.74,1.74,1.64,1.65,102000,168830,-0.11,41
108/12/09,1.72,1.86,1.72,1.85,888000,1631410,0.20,43
108/12/10,1.85,1.85,1.78,1.82,176000,318420,-0.03,19
108/12/11,1.83,1.87,1.82,1.87,152000,281760,0.05,11
108/12/12,1.92,1.95,1.84,1.89,81000,152550,0.02,11
108/12/13,1.92,1.96,1.86,1.95,286000,546430,0.06,13
108/12/16,1.95,2.15,1.95,2.15,306000,626950,0.20,27
108/12/17,2.20,2.60,2.20,2.55,234000,574090,0.40,21
108/12/18,2.44,2.44,2.36,2.44,250000,593290,-0.11,6
108/12/19,2.34,2.41,2.34,2.37,35000,82850,-0.07,3
108/12/20,2.15,2.20,2.15,2.20,22000,47630,-0.17,5
108/12/23,2.22,2.25,2.22,2.25,11000,24720,0.05,2
108/12/24,2.25,2.25,2.19,2.19,10000,22200,-0.06,2
108/12/25,2.18,2.20,2.18,2.20,35000,76900,0.01,2
108/12/26,2.47,2.47,2.47,2.47,5000,12350,0.27,1
108/12/27,2.30,2.30,2.30,2.30,10000,23000,-0.17,2
108/12/30,--,--,--,--,0,0,0.00,0
108/12/31,2.07,2.07,2.07,2.07,61000,126270,0.00,10
109/01/02,2.09,2.09,2.04,2.06,25000,51210,-0.01,12
109/01/03,2.07,2.07,1.73,1.87,451000,849030,-0.19,35
109/01/06,1.71,1.81,1.70,1.70,553000,957050,-0.17,25
109/01/07,1.78,1.80,1.55,1.72,321000,553310,0.02,39
109/01/08,1.74,1.88,1.69,1.79,186000,333620,0.07,32
109/01/09,1.96,1.96,1.84,1.87,156000,295010,0.08,21
109/01/10,1.97,1.97,1.74,1.80,57000,106640,-0.07,5
109/01/13,1.86,1.86,1.62,1.62,709000,1179620,-0.18,19
109/01/14,1.61,1.61,1.43,1.47,434000,649820,-0.15,16
109/01/15,1.37,1.52,1.31,1.47,238000,334020,0.00,19
109/01/16,1.53,1.60,1.52,1.57,97000,150330,0.10,11
109/01/17,1.63,1.65,1.54,1.54,44000,71660,-0.03,6
109/01/20,1.51,1.53,1.48,1.52,194000,293390,-0.02,9
109/01/30,1.09,1.09,0.89,0.90,266000,253500,-0.62,15
109/01/31,0.99,1.04,0.95,0.95,119000,117940,0.05,20
109/02/03,0.76,0.90,0.76,0.84,74000,59960,-0.11,5
109/02/04,0.89,1.04,0.89,1.01,73000,72490,0.17,8
109/02/05,0.87,0.90,0.81,0.87,265000,228460,-0.14,12
109/02/06,0.89,0.94,0.85,0.87,1013000,888740,0.00,34
109/02/07,0.91,0.91,0.79,0.79,572000,484700,-0.08,19
109/02/10,0.73,0.88,0.73,0.81,822000,642980,0.02,19
109/02/11,0.84,0.95,0.84,0.91,1523000,1369170,0.10,39
109/02/12,1.03,1.13,1.01,1.12,885000,955090,0.21,36
109/02/13,1.21,1.27,1.20,1.22,919000,1127310,0.10,28
109/02/14,1.15,1.21,1.15,1.16,424000,496210,-0.06,15
109/02/17,0.99,1.04,0.97,1.00,680000,692280,-0.16,26
109/02/18,0.99,1.00,0.94,0.94,605000,593740,-0.06,20
109/02/19,0.96,0.97,0.87,0.87,1163000,1055390,-0.07,30
109/02/20,0.93,0.94,0.85,0.94,1764000,1609320,0.07,30
109/02/21,0.90,0.93,0.85,0.85,902000,807880,-0.09,28
109/02/24,0.77,0.77,0.67,0.69,628000,454530,-0.16,22
109/02/25,0.65,0.74,0.65,0.69,571000,402590,0.00,12
109/02/26,0.67,0.71,0.63,0.65,173000,116690,-0.04,8
109/02/27,0.60,0.60,0.47,0.47,552000,287520,-0.18,17
109/03/02,0.41,0.53,0.41,0.49,1720000,812800,0.02,14
109/03/03,0.57,0.66,0.57,0.60,542000,344710,0.11,11
109/03/04,0.52,0.57,0.52,0.57,215000,122000,-0.03,4
109/03/05,0.63,0.73,0.63,0.73,701000,475890,0.16,22
109/03/06,0.67,0.67,0.65,0.65,115000,75900,-0.08,5
109/03/09,0.50,0.50,0.44,0.49,140000,66400,-0.16,9
109/03/10,0.50,0.56,0.50,0.56,101000,53500,0.07,5
109/03/11,--,--,--,--,0,0,0.00,0
109/03/12,0.25,0.26,0.21,0.21,155000,35650,0.00,4
109/03/13,0.14,0.15,0.14,0.14,74000,10400,-0.07,8
109/03/16,0.23,0.23,0.15,0.15,230000,36700,0.01,23
109/03/17,--,--,--,--,0,0,0.00,0
109/03/18,0.06,0.06,0.06,0.06,100000,6000,0.00,1
109/03/19,--,--,--,--,0,0,0.00,0
109/03/20,0.10,0.10,0.10,0.10,20000,2000,0.00,2
109/03/23,--,--,--,--,0,0,0.00,0
109/03/24,0.13,0.16,0.13,0.16,20000,2750,0.00,2
109/03/25,0.24,0.25,0.23,0.23,483000,114920,0.07,23
109/03/26,--,--,--,--,0,0,0.00,0
109/03/27,--,--,--,--,0,0,0.00,0
109/03/30,--,--,--,--,0,0,0.00,0
109/03/31,--,--,--,--,0,0,0.00,0
109/04/01,--,--,--,--,0,0,0.00,0
109/04/06,--,--,--,--,0,0,0.00,0
109/04/07,--,--,--,--,0,0,0.00,0
109/04/08,0.25,0.25,0.17,0.17,11000,2670,0.00,2
109/04/09,0.17,0.17,0.17,0.17,20000,3400,0.00,1
109/04/10,--,--,--,--,0,0,0.00,0
109/04/13,--,--,--,--,0,0,0.00,0
109/04/14,0.22,0.28,0.22,0.28,215000,47900,0.00,3
109/04/15,--,--,--,--,0,0,0.00,0
109/04/16,--,--,--,--,0,0,0.00,0
109/04/17,0.35,0.35,0.35,0.35,15000,5250,0.00,2
109/04/20,--,--,--,--,0,0,0.00,0
109/04/21,--,--,--,--,0,0,0.00,0
109/04/22,--,--,--,--,0,0,0.00,0
109/04/23,--,--,--,--,0,0,0.00,0
109/04/24,--,--,--,--,0,0,0.00,0
109/04/27,0.26,0.26,0.26,0.26,10000,2600,0.00,1
109/04/28,--,--,--,--,0,0,0.00,0
109/04/29,0.40,0.53,0.40,0.53,74000,34000,0.00,7
109/04/30,0.70,0.76,0.70,0.76,30000,22100,0.23,3
109/05/04,0.53,0.53,0.53,0.53,10000,5300,-0.23,1
109/05/05,0.57,0.57,0.57,0.57,25000,14250,0.04,2
109/05/06,0.63,0.66,0.63,0.66,20000,12900,0.09,2
109/05/07,0.74,0.74,0.74,0.74,10000,7400,0.08,1
109/05/08,0.74,0.74,0.74,0.74,6000,4440,0.00,1
109/05/11,0.66,0.66,0.66,0.66,5000,3300,-0.08,1
109/05/12,--,--,--,--,0,0,0.00,0
109/05/13,0.62,0.80,0.62,0.80,90000,62350,0.00,8
109/05/14,--,--,--,--,0,0,0.00,0
109/05/15,--,--,--,--,0,0,0.00,0
109/05/14,--,--,--,--,0,0,0.00,0
109/05/13,0.62,0.80,0.62,0.80,90000,62350,0.00,8
109/05/12,--,--,--,--,0,0,0.00,0
109/05/11,0.66,0.66,0.66,0.66,5000,3300,-0.08,1
109/05/08,0.74,0.74,0.74,0.74,6000,4440,0.00,1
109/05/07,0.74,0.74,0.74,0.74,10000,7400,0.08,1
109/05/06,0.63,0.66,0.63,0.66,20000,12900,0.09,2
109/05/05,0.57,0.57,0.57,0.57,25000,14250,0.04,2
109/05/04,0.53,0.53,0.53,0.53,10000,5300,-0.23,1
109/04/30,0.70,0.76,0.70,0.76,30000,22100,0.23,3
109/04/29,0.40,0.53,0.40,0.53,74000,34000,0.00,7
109/04/28,--,--,--,--,0,0,0.00,0
109/04/27,0.26,0.26,0.26,0.26,10000,2600,0.00,1
