108/11/01,--,--,--,--,0,0,0.00,0
108/11/04,1.48,1.48,1.48,1.48,10000,14800,0.00,1
108/11/05,1.50,1.50,1.50,1.50,10000,15000,0.02,1
108/11/06,1.32,1.32,1.25,1.29,26000,33390,-0.21,6
108/11/07,1.22,1.31,1.22,1.31,36000,46000,0.02,5
108/11/08,1.35,1.35,1.32,1.32,53000,71250,0.01,4
108/11/11,1.42,1.51,1.42,1.48,33000,48240,0.16,3
108/11/12,--,--,--,--,0,0,0.00,0
108/11/13,--,--,--,--,0,0,0.00,0
108/11/14,--,--,--,--,0,0,0.00,0
108/11/15,1.62,1.69,1.62,1.69,65000,107720,0.00,4
108/11/18,1.61,1.68,1.61,1.68,71000,114670,-0.01,5
108/11/19,1.61,1.61,1.53,1.53,41000,63460,-0.15,5
108/11/20,1.48,1.55,1.48,1.55,11000,16820,0.02,3
108/11/21,1.46,1.46,1.45,1.45,4000,5820,-0.10,2
108/11/22,1.48,1.48,1.36,1.38,15000,21200,-0.07,6
108/11/25,1.38,1.38,1.30,1.31,37000,49540,-0.07,10
108/11/26,1.35,1.41,1.30,1.30,48000,65310,-0.01,15
108/11/27,1.33,1.37,1.32,1.36,39000,52330,0.06,13
108/11/28,1.40,1.46,1.36,1.36,94000,134620,0.00,12
108/11/29,1.37,1.38,1.26,1.28,103000,137310,-0.08,18
108/12/02,1.19,1.21,1.07,1.11,126000,141400,-0.17,15
108/12/03,1.11,1.14,1.08,1.13,94000,104990,0.02,16
108/12/04,1.08,1.11,1.08,1.08,17000,18550,-0.05,7
108/12/05,1.12,1.15,1.11,1.11,46000,51900,0.03,17
108/12/06,1.14,1.17,1.12,1.12,27000,30850,0.01,12
108/12/09,1.14,1.14,1.08,1.08,20000,22500,-0.04,6
108/12/10,1.03,1.05,1.00,1.05,20000,20440,-0.03,8
108/12/11,1.05,1.07,1.03,1.03,23000,24110,-0.02,11
108/12/12,1.08,1.13,1.08,1.10,60000,66700,0.07,11
108/12/13,1.12,1.12,1.00,1.04,63000,68700,-0.06,14
108/12/16,1.05,1.12,1.05,1.12,57000,62960,0.08,11
108/12/17,1.21,1.21,1.19,1.19,214000,256440,0.07,6
108/12/18,1.11,1.11,1.09,1.09,204000,226080,-0.10,7
108/12/19,1.11,1.11,1.01,1.01,132000,142940,-0.08,10
108/12/20,0.98,1.02,0.96,1.01,94000,91750,0.00,9
108/12/23,0.99,0.99,0.79,0.80,638000,564510,-0.21,73
108/12/24,0.76,0.84,0.74,0.82,1148000,902190,0.02,79
108/12/25,0.80,0.82,0.77,0.78,829000,656560,-0.04,35
108/12/26,0.79,0.79,0.74,0.74,401000,302290,-0.04,17
108/12/27,0.77,0.79,0.76,0.79,220000,170320,0.05,8
108/12/30,0.79,0.79,0.77,0.78,210000,161760,-0.01,7
108/12/31,0.78,0.79,0.78,0.79,502000,396560,0.01,10
109/01/02,0.80,0.92,0.79,0.92,1141000,1004470,0.13,27
109/01/03,0.92,0.92,0.80,0.80,1632000,1360070,-0.12,33
109/01/06,0.74,0.74,0.67,0.70,741000,514720,-0.10,24
109/01/07,0.72,0.73,0.70,0.70,295000,210010,0.00,8
109/01/08,0.65,0.66,0.63,0.63,70000,44600,-0.07,13
109/01/09,0.67,0.71,0.66,0.67,828000,557650,0.04,19
109/01/10,0.69,0.77,0.69,0.77,205000,147720,0.10,9
109/01/13,0.80,0.89,0.79,0.89,356000,305500,0.12,16
109/01/14,0.96,1.04,0.94,1.00,499000,498530,0.11,24
109/01/15,1.00,1.00,0.94,0.94,167000,165880,-0.06,5
109/01/16,0.89,0.89,0.86,0.87,17000,14830,-0.07,5
109/01/17,0.90,0.91,0.82,0.82,35000,29940,-0.05,11
109/01/20,0.85,0.91,0.85,0.91,30000,26690,0.09,7
109/01/30,0.59,0.59,0.57,0.57,227000,132630,-0.34,4
109/01/31,0.57,0.57,0.37,0.45,481000,219130,-0.12,17
109/02/03,0.27,0.35,0.27,0.34,357000,111060,-0.11,13
109/02/04,0.38,0.49,0.38,0.49,205000,80100,0.15,6
109/02/05,0.50,0.50,0.50,0.50,100000,50000,0.01,1
109/02/06,0.51,0.55,0.50,0.55,242000,129000,0.05,9
109/02/07,0.46,0.48,0.46,0.47,112000,51710,-0.08,4
109/02/10,0.34,0.45,0.34,0.45,4000,1470,-0.02,2
109/02/11,0.51,0.51,0.51,0.51,3000,1530,0.06,1
109/02/12,0.58,0.68,0.58,0.68,342000,215550,0.17,13
109/02/13,0.68,0.68,0.63,0.65,302000,196640,-0.03,5
109/02/14,0.61,0.61,0.59,0.59,4000,2400,-0.06,2
109/02/17,0.56,0.57,0.56,0.57,64000,36340,-0.02,4
109/02/18,0.54,0.57,0.54,0.55,105000,58720,-0.02,4
109/02/19,0.58,0.58,0.58,0.58,105000,60900,0.03,4
109/02/20,0.61,0.65,0.60,0.60,91000,56990,0.02,5
109/02/21,0.57,0.59,0.57,0.59,71000,41130,-0.01,5
109/02/24,0.56,0.59,0.56,0.57,10000,5720,-0.02,4
109/02/25,0.57,0.59,0.57,0.57,10000,5820,0.00,5
109/02/26,0.57,0.60,0.52,0.56,74000,40770,-0.01,15
109/02/27,0.52,0.52,0.40,0.44,253000,111490,-0.12,24
109/03/02,0.38,0.43,0.36,0.39,240000,90130,-0.05,17
109/03/03,0.44,0.55,0.43,0.49,313000,158920,0.10,18
109/03/04,0.49,0.53,0.49,0.50,131000,68780,0.01,12
109/03/05,0.56,0.63,0.52,0.54,100000,58910,0.04,20
109/03/06,0.50,0.52,0.50,0.50,105000,53370,-0.04,17
109/03/09,0.49,0.49,0.37,0.37,88000,38220,-0.13,14
109/03/10,0.32,0.34,0.27,0.33,177000,55220,-0.04,22
109/03/11,0.34,0.36,0.25,0.25,34000,10750,-0.08,14
109/03/12,0.18,0.18,0.12,0.12,442000,59890,-0.13,13
109/03/13,0.05,0.06,0.04,0.06,1000000,49480,-0.06,85
109/03/16,0.07,0.08,0.04,0.04,622000,31830,-0.02,61
109/03/17,0.04,0.04,0.02,0.02,687000,22510,-0.02,62
109/03/18,0.03,0.03,0.02,0.02,189000,4950,0.00,17
109/03/19,--,--,--,--,0,0,0.00,0
109/03/20,0.06,0.06,0.06,0.06,1000,60,0.00,1
109/03/23,--,--,--,--,0,0,0.00,0
109/03/24,0.03,0.04,0.03,0.04,30000,1100,0.00,6
109/03/25,0.05,0.06,0.05,0.06,372000,19650,0.02,17
109/03/26,--,--,--,--,0,0,0.00,0
109/03/27,0.07,0.07,0.05,0.05,390000,20700,0.00,9
109/03/30,0.05,0.06,0.05,0.06,207000,10450,0.01,3
109/03/31,0.08,0.08,0.08,0.08,1000,80,0.02,1
109/04/01,--,--,--,--,0,0,0.00,0
109/04/06,0.06,0.06,0.05,0.05,30000,1600,0.00,2
109/04/07,--,--,--,--,0,0,0.00,0
109/04/08,0.08,0.08,0.08,0.08,5000,400,0.00,1
109/04/09,0.11,0.11,0.11,0.11,15000,1650,0.03,2
109/04/10,0.12,0.12,0.12,0.12,10000,1200,0.01,1
109/04/13,0.13,0.16,0.13,0.16,65000,8750,0.04,2
109/04/14,0.15,0.23,0.15,0.21,40000,7600,0.05,4
109/04/15,0.23,0.30,0.21,0.21,758000,191760,0.00,18
109/04/16,0.20,0.22,0.19,0.21,39000,7690,0.00,4
109/04/17,0.17,0.18,0.17,0.18,140000,23900,-0.03,3
109/04/20,0.17,0.18,0.17,0.18,160000,28200,0.00,3
109/04/21,0.18,0.18,0.13,0.13,15000,2450,-0.05,2
109/04/22,0.09,0.12,0.09,0.12,240000,23700,-0.01,7
109/04/23,0.14,0.16,0.14,0.16,209000,32260,0.04,5
109/04/24,--,--,--,--,0,0,0.00,0
109/04/27,0.13,0.16,0.13,0.16,119000,18470,0.00,2
109/04/28,0.16,0.18,0.16,0.18,210000,33800,0.02,5
109/04/29,0.21,0.37,0.21,0.37,282000,86230,0.19,28
109/04/30,0.34,0.38,0.34,0.35,381000,134290,-0.02,18
109/05/04,0.34,0.34,0.34,0.34,9000,3060,-0.01,1
109/05/05,0.31,0.31,0.31,0.31,20000,6200,-0.03,1
109/05/06,0.36,0.36,0.33,0.33,21000,7530,0.02,3
109/05/07,0.38,0.46,0.38,0.40,108000,43560,0.07,7
109/05/08,0.41,0.46,0.41,0.42,119000,52590,0.02,9
109/05/11,0.49,0.49,0.48,0.48,25000,12050,0.06,2
109/05/12,--,--,--,--,0,0,0.00,0
109/05/13,0.45,0.45,0.45,0.45,20000,9000,0.00,1
109/05/14,0.31,0.31,0.31,0.31,20000,6200,-0.14,1
109/05/15,--,--,--,--,0,0,0.00,0
109/05/14,0.31,0.31,0.31,0.31,20000,6200,-0.14,1
109/05/13,0.45,0.45,0.45,0.45,20000,9000,0.00,1
109/05/12,--,--,--,--,0,0,0.00,0
109/05/11,0.49,0.49,0.48,0.48,25000,12050,0.06,2
109/05/08,0.41,0.46,0.41,0.42,119000,52590,0.02,9
109/05/07,0.38,0.46,0.38,0.40,108000,43560,0.07,7
109/05/06,0.36,0.36,0.33,0.33,21000,7530,0.02,3
109/05/05,0.31,0.31,0.31,0.31,20000,6200,-0.03,1
109/05/04,0.34,0.34,0.34,0.34,9000,3060,-0.01,1
109/04/30,0.34,0.38,0.34,0.35,381000,134290,-0.02,18
109/04/29,0.21,0.37,0.21,0.37,282000,86230,0.19,28
109/04/28,0.16,0.18,0.16,0.18,210000,33800,0.02,5
109/04/27,0.13,0.16,0.13,0.16,119000,18470,0.00,2
