108/11/04,--,--,--,--,0,0,0.00,0
108/11/05,2.38,2.38,2.36,2.36,12000,28440,0.00,2
108/11/06,--,--,--,--,0,0,0.00,0
108/11/07,2.24,2.24,2.24,2.24,60000,134400,0.00,1
108/11/08,2.29,2.29,2.17,2.19,60000,134500,-0.05,17
108/11/11,2.19,2.19,2.19,2.19,39000,85410,0.00,1
108/11/12,1.98,2.13,1.98,2.13,137000,285960,-0.06,3
108/11/13,1.99,2.06,1.99,2.06,98000,199540,-0.07,7
108/11/14,--,--,--,--,0,0,0.00,0
108/11/15,--,--,--,--,0,0,0.00,0
108/11/18,2.01,2.01,2.01,2.01,10000,20100,0.00,1
108/11/19,2.15,2.15,2.06,2.06,90000,186300,0.05,2
108/11/20,1.90,1.90,1.78,1.78,160000,294400,-0.28,2
108/11/21,1.65,1.65,1.44,1.47,77000,113670,-0.31,3
108/11/22,1.57,1.57,1.37,1.39,258000,371800,-0.08,5
108/11/25,1.42,1.42,1.36,1.36,148000,207080,-0.03,3
108/11/26,1.40,1.40,1.40,1.40,38000,53200,0.04,1
108/11/27,1.41,1.41,1.41,1.41,38000,53580,0.01,1
108/11/28,1.36,1.54,1.36,1.54,94000,133360,0.13,3
108/11/29,1.40,1.40,1.36,1.36,94000,130880,-0.18,3
108/12/02,1.34,1.34,1.34,1.34,38000,50920,-0.02,1
108/12/03,1.11,1.18,1.07,1.18,128000,142340,-0.16,3
108/12/04,1.10,1.13,1.03,1.13,166000,179710,-0.05,21
108/12/05,1.10,1.10,1.10,1.10,38000,41800,-0.03,1
108/12/06,1.17,1.21,1.17,1.21,68000,79880,0.11,2
108/12/09,1.17,1.17,1.13,1.14,68000,78360,-0.07,15
108/12/10,0.86,0.87,0.86,0.87,27000,23320,-0.27,2
108/12/11,0.91,0.91,0.91,0.91,60000,54600,0.04,1
108/12/12,0.87,0.87,0.87,0.87,60000,52200,-0.04,7
108/12/13,--,--,--,--,0,0,0.00,0
108/12/16,--,--,--,--,0,0,0.00,0
108/12/17,0.89,0.92,0.89,0.92,30000,27200,0.00,3
108/12/18,0.82,0.82,0.82,0.82,20000,16400,-0.10,1
108/12/19,--,--,--,--,0,0,0.00,0
108/12/20,--,--,--,--,0,0,0.00,0
108/12/23,--,--,--,--,0,0,0.00,0
108/12/24,--,--,--,--,0,0,0.00,0
108/12/25,--,--,--,--,0,0,0.00,0
108/12/26,--,--,--,--,0,0,0.00,0
108/12/27,0.56,0.56,0.56,0.56,10000,5600,0.00,1
108/12/30,0.48,0.48,0.46,0.46,30000,14000,-0.10,3
108/12/31,0.42,0.42,0.42,0.42,5000,2100,-0.04,1
109/01/02,0.57,0.57,0.57,0.57,60000,34200,0.15,2
109/01/03,0.48,0.48,0.48,0.48,75000,36000,-0.09,3
109/01/06,--,--,--,--,0,0,0.00,0
109/01/07,--,--,--,--,0,0,0.00,0
109/01/08,0.37,0.37,0.37,0.37,30000,11100,0.00,1
109/01/09,0.37,0.37,0.37,0.37,10000,3700,0.00,1
109/01/10,0.38,0.42,0.38,0.42,80000,32400,0.05,4
109/01/13,0.45,0.66,0.45,0.66,274000,159140,0.24,9
109/01/14,0.62,0.65,0.57,0.64,165000,103250,-0.02,16
109/01/15,0.62,0.62,0.62,0.62,1000,620,-0.02,1
109/01/16,0.64,0.64,0.61,0.61,23000,14420,-0.01,3
109/01/17,0.61,0.61,0.59,0.59,43000,25630,-0.02,4
109/01/20,0.60,0.60,0.56,0.57,70000,39700,-0.02,3
109/01/30,0.34,0.34,0.26,0.26,40000,11800,-0.31,4
109/01/31,--,--,--,--,0,0,0.00,0
109/02/03,0.16,0.16,0.15,0.15,35000,5550,0.00,2
109/02/04,0.23,0.23,0.23,0.23,1000,230,0.08,1
109/02/05,0.18,0.18,0.18,0.18,10000,1800,-0.05,1
109/02/06,0.21,0.26,0.21,0.26,81000,20410,0.08,3
109/02/07,0.19,0.19,0.18,0.18,60000,11240,-0.08,14
109/02/10,0.10,0.10,0.10,0.10,40000,4000,-0.08,1
109/02/11,0.17,0.17,0.17,0.17,4000,680,0.07,1
109/02/12,0.26,0.26,0.26,0.26,1000,260,0.09,1
109/02/13,0.26,0.26,0.26,0.26,60000,15600,0.00,1
109/02/14,--,--,--,--,0,0,0.00,0
109/02/17,0.23,0.23,0.23,0.23,4000,920,0.00,1
109/02/18,--,--,--,--,0,0,0.00,0
109/02/19,0.27,0.28,0.27,0.28,126000,34380,0.00,2
109/02/20,0.31,0.41,0.31,0.41,474000,172510,0.13,11
109/02/21,0.36,0.82,0.36,0.81,638000,302260,0.40,41
109/02/24,0.80,0.90,0.63,0.87,560000,440980,0.06,51
109/02/25,0.74,0.82,0.67,0.68,1083000,777790,-0.19,36
109/02/26,0.70,0.70,0.55,0.67,257000,160620,-0.01,15
109/02/27,0.67,0.67,0.44,0.44,136000,71280,-0.23,13
109/03/02,0.45,0.70,0.45,0.62,300000,166040,0.18,22
109/03/03,0.65,0.83,0.53,0.53,2333000,1525300,-0.09,87
109/03/04,0.50,0.63,0.47,0.57,2654000,1440350,0.04,49
109/03/05,0.62,0.75,0.57,0.57,1899000,1285230,0.00,46
109/03/06,0.52,0.66,0.52,0.57,1296000,729920,0.00,24
109/03/09,0.59,0.75,0.42,0.42,1759000,993760,-0.15,65
109/03/10,0.43,0.50,0.34,0.50,2053000,833530,0.08,52
109/03/11,0.47,0.47,0.28,0.30,2622000,970130,-0.20,63
109/03/12,0.25,0.26,0.11,0.11,3040000,521980,-0.19,55
109/03/13,0.05,0.05,0.03,0.05,789000,35470,-0.06,32
109/03/16,0.07,0.07,0.05,0.05,677000,44460,0.00,13
109/03/17,0.10,0.10,0.10,0.10,1000,100,0.05,1
109/03/18,0.10,0.16,0.06,0.16,208000,21040,0.06,14
109/03/19,--,--,--,--,0,0,0.00,0
109/03/20,0.15,0.30,0.15,0.15,61000,9300,0.00,4
109/03/23,--,--,--,--,0,0,0.00,0
109/03/24,0.20,0.20,0.20,0.20,1000,200,0.00,1
109/03/25,0.30,0.30,0.30,0.30,1000,300,0.10,1
109/03/26,0.15,0.15,0.15,0.15,10000,1500,-0.15,1
109/03/27,0.20,0.20,0.20,0.20,1000,200,0.05,1
109/03/30,0.18,0.18,0.13,0.13,19000,2720,-0.07,3
109/03/31,0.20,0.20,0.20,0.20,60000,12000,0.07,3
109/04/01,0.15,0.15,0.10,0.10,205000,20750,-0.10,5
109/04/06,0.12,0.15,0.11,0.15,363000,41110,0.05,7
109/04/07,0.27,0.27,0.15,0.15,76000,13240,0.00,3
109/04/08,0.12,0.12,0.12,0.12,189000,22680,-0.03,4
109/04/09,0.06,0.06,0.06,0.06,200000,12000,-0.06,2
109/04/10,0.09,0.09,0.09,0.09,10000,900,0.03,1
109/04/13,0.21,0.35,0.21,0.25,27000,6850,0.16,9
109/04/14,0.37,0.50,0.34,0.50,867000,366810,0.25,35
109/04/15,0.68,1.11,0.51,0.51,489000,321500,0.01,36
109/04/16,0.44,0.85,0.44,0.70,136000,95960,0.19,12
109/04/17,0.83,1.00,0.60,0.60,82000,67110,-0.10,7
109/04/20,0.60,0.87,0.60,0.65,55000,33990,0.05,6
109/04/21,0.57,0.57,0.57,0.57,5000,2850,-0.08,1
109/04/22,0.76,0.76,0.75,0.75,11000,8350,0.18,3
109/04/23,0.82,1.07,0.71,0.88,265000,218160,0.13,13
109/04/24,--,--,--,--,0,0,0.00,0
109/04/27,0.60,0.65,0.60,0.65,59000,35900,0.00,4
109/04/28,0.99,1.03,0.99,1.03,6000,6140,0.38,4
109/04/29,1.20,1.29,1.08,1.10,110000,127830,0.07,9
109/04/30,1.43,1.43,1.03,1.03,156000,188030,-0.07,11
109/05/04,0.78,0.91,0.77,0.91,147000,113390,-0.12,3
109/05/05,0.97,0.97,0.59,0.59,153000,97740,-0.32,10
109/05/06,0.58,0.64,0.58,0.62,67000,39960,0.03,4
109/05/07,0.81,0.81,0.69,0.69,2000,1500,0.07,2
109/05/08,0.54,0.79,0.54,0.79,3000,2100,0.10,3
109/05/11,1.07,1.46,1.07,1.46,66000,83110,0.67,9
109/05/12,1.16,1.16,0.77,0.77,30000,24740,-0.69,8
109/05/13,0.80,0.92,0.80,0.92,2000,1720,0.15,2
109/05/14,0.49,0.49,0.49,0.49,10000,4900,-0.43,1
109/05/15,--,--,--,--,0,0,0.00,0
109/05/14,0.49,0.49,0.49,0.49,10000,4900,-0.43,1
109/05/13,0.80,0.92,0.80,0.92,2000,1720,0.15,2
109/05/12,1.16,1.16,0.77,0.77,30000,24740,-0.69,8
109/05/11,1.07,1.46,1.07,1.46,66000,83110,0.67,9
109/05/08,0.54,0.79,0.54,0.79,3000,2100,0.10,3
109/05/07,0.81,0.81,0.69,0.69,2000,1500,0.07,2
109/05/06,0.58,0.64,0.58,0.62,67000,39960,0.03,4
109/05/05,0.97,0.97,0.59,0.59,153000,97740,-0.32,10
109/05/04,0.78,0.91,0.77,0.91,147000,113390,-0.12,3
109/04/30,1.43,1.43,1.03,1.03,156000,188030,-0.07,11
109/04/29,1.20,1.29,1.08,1.10,110000,127830,0.07,9
109/04/28,0.99,1.03,0.99,1.03,6000,6140,0.38,4
109/04/27,0.60,0.65,0.60,0.65,59000,35900,0.00,4
