108/11/11,--,--,--,--,0,0,0.00,0
108/11/12,1.63,1.64,1.63,1.63,44000,71850,0.00,4
108/11/13,1.55,1.82,1.55,1.77,249000,440060,0.14,14
108/11/14,1.79,1.81,1.79,1.81,410000,736900,0.04,15
108/11/15,1.87,2.00,1.85,1.85,410000,793780,0.04,35
108/11/18,2.05,2.05,1.97,1.99,221000,437770,0.14,24
108/11/19,1.92,2.05,1.92,2.05,237000,482100,0.06,17
108/11/20,2.08,2.14,2.06,2.06,233000,488600,0.01,27
108/11/21,1.99,1.99,1.84,1.95,159000,307950,-0.11,14
108/11/22,2.02,2.02,1.98,2.00,90000,181200,0.05,5
108/11/25,--,--,--,--,0,0,0.00,0
108/11/26,1.85,1.85,1.85,1.85,40000,74000,0.00,3
108/11/27,1.85,1.85,1.85,1.85,20000,37000,0.00,1
108/11/28,1.80,1.80,1.75,1.75,26000,46200,-0.10,3
108/11/29,1.63,1.63,1.44,1.44,45000,68850,-0.31,6
108/12/02,1.32,1.47,1.30,1.46,52000,73870,0.02,9
108/12/03,1.51,1.91,1.51,1.80,431000,772260,0.34,27
108/12/04,1.76,1.86,1.67,1.79,370000,665070,-0.01,24
108/12/05,1.82,1.83,1.82,1.83,12000,21940,0.04,2
108/12/06,1.88,2.03,1.88,1.88,105000,202930,0.05,8
108/12/09,1.94,1.94,1.85,1.85,107000,201770,-0.03,18
108/12/10,1.85,1.93,1.85,1.93,57000,109150,0.08,6
108/12/11,2.05,2.20,2.05,2.09,95000,201210,0.16,12
108/12/12,2.06,2.08,2.02,2.08,62000,127320,-0.01,9
108/12/13,2.04,2.06,2.00,2.00,49000,100500,-0.08,5
108/12/16,2.00,2.00,1.86,1.89,73000,137450,-0.11,8
108/12/17,1.96,2.00,1.94,2.00,101000,197780,0.11,12
108/12/18,2.04,2.04,2.02,2.02,74000,150840,0.02,3
108/12/19,2.05,2.05,1.99,1.99,48000,97120,-0.03,5
108/12/20,1.96,1.96,1.96,1.96,5000,9800,-0.03,1
108/12/23,1.89,1.89,1.77,1.77,33000,60750,-0.19,4
108/12/24,1.63,1.63,1.62,1.62,8000,13000,-0.15,2
108/12/25,1.67,1.71,1.62,1.62,36000,60270,0.00,7
108/12/26,1.64,1.64,1.61,1.61,13000,20990,-0.01,3
108/12/27,1.63,1.63,1.59,1.59,77000,125150,-0.02,2
108/12/30,1.56,1.56,1.48,1.48,125000,190050,-0.11,10
108/12/31,1.40,1.40,1.40,1.40,4000,5600,-0.08,1
109/01/02,1.43,1.43,1.35,1.35,25000,35150,-0.05,3
109/01/03,1.42,1.42,1.42,1.42,10000,14200,0.07,1
109/01/06,--,--,--,--,0,0,0.00,0
109/01/07,1.31,1.34,1.31,1.34,88000,116780,0.00,3
109/01/08,1.32,1.32,1.24,1.25,88000,110800,-0.09,6
109/01/09,1.29,1.44,1.29,1.38,276000,375400,0.13,8
109/01/10,1.40,1.44,1.35,1.44,263000,372810,0.06,11
109/01/13,1.44,1.44,1.39,1.39,20000,28300,-0.05,3
109/01/14,1.33,1.33,1.29,1.29,101000,133010,-0.10,3
109/01/15,1.43,1.55,1.38,1.53,172000,258620,0.24,8
109/01/16,1.43,1.43,1.31,1.38,91000,125420,-0.15,12
109/01/17,1.40,1.61,1.40,1.50,218000,332510,0.12,18
109/01/20,1.56,1.56,1.51,1.51,122000,185220,0.01,9
109/01/30,0.87,0.87,0.87,0.87,10000,8700,-0.64,1
109/01/31,1.00,1.00,0.89,0.89,26000,24420,0.02,3
109/02/03,0.77,0.77,0.77,0.77,1000,770,-0.12,1
109/02/04,0.83,0.96,0.83,0.96,166000,150000,0.19,7
109/02/05,1.00,1.00,0.89,0.92,159000,147700,-0.04,16
109/02/06,1.05,1.06,1.05,1.06,6000,6350,0.14,2
109/02/07,1.06,1.06,1.02,1.03,12000,12430,-0.03,3
109/02/10,0.93,0.93,0.87,0.91,75000,68330,-0.12,3
109/02/11,0.96,0.96,0.95,0.95,168000,160600,0.04,2
109/02/12,0.96,1.02,0.96,1.02,136000,136110,0.07,8
109/02/13,0.99,0.99,0.99,0.99,36000,35640,-0.03,4
109/02/14,1.03,1.03,1.03,1.03,50000,51500,0.04,1
109/02/17,0.88,0.88,0.79,0.79,95000,79300,-0.24,10
109/02/18,0.77,0.82,0.77,0.82,43000,33610,0.03,6
109/02/19,0.82,0.94,0.82,0.94,77000,67030,0.12,5
109/02/20,0.90,0.90,0.89,0.89,36000,32390,-0.05,4
109/02/21,0.79,0.82,0.78,0.78,150000,120320,-0.11,4
109/02/24,0.68,0.70,0.66,0.66,165000,113140,-0.12,7
109/02/25,0.59,0.62,0.59,0.62,118000,71120,-0.04,2
109/02/26,0.55,0.63,0.55,0.63,186000,108240,0.01,3
109/02/27,0.57,0.61,0.57,0.61,138000,80060,-0.02,4
109/03/02,0.41,0.57,0.41,0.57,81000,38970,-0.04,7
109/03/03,0.53,0.56,0.51,0.51,80000,43780,-0.06,5
109/03/04,0.49,0.50,0.49,0.50,254000,126460,-0.01,3
109/03/05,0.56,0.57,0.56,0.57,300000,170900,0.07,4
109/03/06,0.44,0.44,0.36,0.36,200000,78200,-0.21,3
109/03/09,0.25,0.25,0.25,0.25,100000,25000,-0.11,1
109/03/10,--,--,--,--,0,0,0.00,0
109/03/11,0.19,0.19,0.19,0.19,100000,19000,0.00,1
109/03/12,0.08,0.08,0.08,0.08,100000,8000,-0.11,1
109/03/13,--,--,--,--,0,0,0.00,0
109/03/16,--,--,--,--,0,0,0.00,0
109/03/17,--,--,--,--,0,0,0.00,0
109/03/18,--,--,--,--,0,0,0.00,0
109/03/19,--,--,--,--,0,0,0.00,0
109/03/20,--,--,--,--,0,0,0.00,0
109/03/23,--,--,--,--,0,0,0.00,0
109/03/24,--,--,--,--,0,0,0.00,0
109/03/25,--,--,--,--,0,0,0.00,0
109/03/26,--,--,--,--,0,0,0.00,0
109/03/27,--,--,--,--,0,0,0.00,0
109/03/30,--,--,--,--,0,0,0.00,0
109/03/31,0.59,0.59,0.59,0.59,103000,60770,0.00,2
109/04/01,0.53,0.59,0.53,0.58,403000,226650,-0.01,5
109/04/06,0.61,0.69,0.61,0.67,412000,258990,0.09,6
109/04/07,0.76,0.76,0.76,0.76,33000,25080,0.09,1
109/04/08,0.61,0.61,0.61,0.61,29000,17690,-0.15,1
109/04/09,--,--,--,--,0,0,0.00,0
109/04/10,--,--,--,--,0,0,0.00,0
109/04/13,0.54,0.55,0.54,0.55,503000,274620,0.00,4
109/04/14,0.70,0.83,0.64,0.83,908000,660500,0.28,21
109/04/15,0.71,0.72,0.65,0.67,452000,300140,-0.16,8
109/04/16,0.58,0.58,0.58,0.58,3000,1740,-0.09,3
109/04/17,--,--,--,--,0,0,0.00,0
109/04/20,0.46,0.46,0.46,0.46,260000,119600,0.00,1
109/04/21,0.39,0.39,0.39,0.39,260000,101400,-0.07,1
109/04/22,--,--,--,--,0,0,0.00,0
109/04/23,0.30,0.30,0.30,0.30,300000,90000,0.00,1
109/04/24,0.29,0.29,0.29,0.29,300000,87000,-0.01,1
109/04/27,--,--,--,--,0,0,0.00,0
109/04/28,--,--,--,--,0,0,0.00,0
109/04/29,0.29,0.32,0.29,0.32,311000,90520,0.00,2
109/04/30,0.33,0.39,0.33,0.38,567000,196370,0.06,5
109/05/04,0.19,0.25,0.19,0.24,670000,147800,-0.14,31
109/05/05,0.19,0.19,0.19,0.19,58000,11020,-0.05,1
109/05/06,0.12,0.12,0.12,0.12,150000,18000,-0.07,1
109/05/07,--,--,--,--,0,0,0.00,0
109/05/07,--,--,--,--,0,0,0.00,0
109/05/06,0.12,0.12,0.12,0.12,150000,18000,-0.07,1
109/05/05,0.19,0.19,0.19,0.19,58000,11020,-0.05,1
109/05/04,0.19,0.25,0.19,0.24,670000,147800,-0.14,31
109/04/30,0.33,0.39,0.33,0.38,567000,196370,0.06,5
109/04/29,0.29,0.32,0.29,0.32,311000,90520,0.00,2
109/04/28,--,--,--,--,0,0,0.00,0
109/04/27,--,--,--,--,0,0,0.00,0
