108/11/13,--,--,--,--,0,0,0.00,0
108/11/14,1.88,1.93,1.80,1.80,267000,499220,0.00,14
108/11/15,1.78,1.78,1.68,1.68,79000,134720,-0.12,3
108/11/18,1.70,1.70,1.63,1.63,420000,696200,-0.05,7
108/11/19,--,--,--,--,0,0,0.00,0
108/11/20,--,--,--,--,0,0,0.00,0
108/11/21,1.55,1.59,1.55,1.59,87000,137250,0.00,2
108/11/22,1.54,1.54,1.54,1.54,27000,41580,-0.05,1
108/11/25,1.61,1.66,1.60,1.66,61000,97760,0.12,3
108/11/26,1.79,1.81,1.78,1.78,304000,543200,0.12,6
108/11/27,1.83,1.91,1.83,1.90,104000,192160,0.12,6
108/11/28,1.92,1.92,1.85,1.90,187000,353460,0.00,13
108/11/29,1.91,1.91,1.78,1.78,113000,207760,-0.12,4
108/12/02,1.85,1.92,1.76,1.90,304000,558740,0.12,12
108/12/03,1.88,2.60,1.86,2.55,471000,999120,0.65,39
108/12/04,2.53,2.84,2.44,2.44,394000,1043220,-0.11,45
108/12/05,2.63,2.65,2.47,2.47,252000,641960,0.03,25
108/12/06,2.51,2.66,2.43,2.62,109000,271760,0.15,16
108/12/09,2.95,2.95,2.75,2.75,134000,374470,0.13,27
108/12/10,2.68,2.75,2.56,2.56,49000,131360,-0.19,10
108/12/11,2.62,2.88,2.62,2.88,162000,455600,0.32,34
108/12/12,2.91,2.93,2.74,2.93,178000,508070,0.05,25
108/12/13,3.11,3.11,2.80,2.80,156000,458060,-0.13,21
108/12/16,2.85,2.89,2.70,2.85,274000,777510,0.05,35
108/12/17,2.85,2.90,2.76,2.78,185000,523230,-0.07,21
108/12/18,2.73,2.92,2.70,2.74,406000,1140580,-0.04,43
108/12/19,2.82,2.94,2.82,2.91,589000,1691880,0.17,69
108/12/20,3.23,3.49,3.13,3.17,352000,1163710,0.26,49
108/12/23,3.06,3.06,2.90,2.90,223000,667820,-0.27,27
108/12/24,3.12,3.31,3.04,3.24,235000,752380,0.34,29
108/12/25,3.31,3.46,3.30,3.42,282000,957980,0.18,40
108/12/26,3.64,3.73,3.40,3.42,284000,1005000,0.00,33
108/12/27,3.54,3.67,3.54,3.67,276000,994860,0.25,22
108/12/30,3.96,4.50,3.85,4.38,510000,2049160,0.71,69
108/12/31,4.32,4.77,4.27,4.47,283000,1272020,0.09,42
109/01/02,4.75,4.75,4.35,4.43,64000,290660,-0.04,15
109/01/03,5.15,5.60,5.10,5.45,148000,783100,1.02,18
109/01/06,5.35,5.65,5.35,5.45,58000,314700,0.00,12
109/01/07,4.09,4.36,3.71,3.71,33000,136040,-1.74,13
109/01/08,2.90,3.41,2.72,2.85,310000,929510,-0.86,46
109/01/09,3.15,3.28,2.97,3.01,104000,329490,0.16,29
109/01/10,3.16,3.26,2.98,2.98,172000,540710,-0.03,10
109/01/13,3.11,3.11,2.73,2.86,102000,301570,-0.12,12
109/01/14,3.15,3.70,3.15,3.70,372000,1297640,0.84,38
109/01/15,3.94,4.04,3.66,3.66,372000,1431540,-0.04,32
109/01/16,3.92,3.95,3.92,3.95,55000,216950,0.29,5
109/01/17,3.92,3.92,3.58,3.58,58000,219450,-0.37,10
109/01/20,3.63,3.63,3.63,3.63,4000,14520,0.05,1
109/01/30,2.50,2.50,2.34,2.34,29000,69960,-1.29,7
109/01/31,2.66,2.67,2.42,2.67,29000,75440,0.33,6
109/02/03,2.38,2.58,2.38,2.55,83000,212140,-0.12,7
109/02/04,3.11,3.73,3.04,3.68,213000,734520,1.13,38
109/02/05,3.83,3.83,3.33,3.38,178000,662350,-0.30,27
109/02/06,3.72,3.80,3.49,3.59,88000,324540,0.21,10
109/02/07,3.57,3.65,3.41,3.46,130000,460340,-0.13,14
109/02/10,3.55,3.67,3.46,3.50,115000,406860,0.04,18
109/02/11,3.92,4.29,3.92,4.23,226000,940750,0.73,39
109/02/12,4.47,4.52,4.24,4.52,226000,990290,0.29,30
109/02/13,4.67,4.67,4.17,4.20,221000,992630,-0.32,25
109/02/14,4.20,4.67,4.20,4.65,236000,1051190,0.45,30
109/02/17,4.60,4.73,4.55,4.66,140000,643240,0.01,10
109/02/18,5.00,5.00,4.60,4.60,33000,157200,-0.06,3
109/02/19,4.44,4.85,4.21,4.85,81000,366250,0.25,9
109/02/20,4.93,5.10,4.93,5.10,54000,268180,0.25,4
109/02/21,5.00,5.25,4.99,5.25,93000,466940,0.15,9
109/02/24,5.15,5.75,5.15,5.75,20000,109000,0.50,3
109/02/25,--,--,--,--,0,0,0.00,0
109/02/26,4.41,4.41,4.05,4.05,49000,204700,0.00,12
109/02/27,4.31,4.31,3.21,3.29,155000,586760,-0.76,18
109/03/02,3.21,3.52,2.97,3.25,317000,1008100,-0.04,32
109/03/03,3.71,3.71,3.38,3.43,151000,538310,0.18,10
109/03/04,3.06,3.06,2.74,2.82,247000,703810,-0.61,19
109/03/05,2.95,3.09,2.89,3.09,98000,295890,0.27,13
109/03/06,2.92,2.99,2.81,2.93,414000,1184830,-0.16,17
109/03/09,2.60,2.70,2.23,2.30,213000,544950,-0.63,13
109/03/10,2.32,2.55,2.04,2.55,169000,390540,0.25,11
109/03/11,2.57,2.77,2.17,2.17,142000,350860,-0.38,10
109/03/12,2.07,2.07,1.30,1.30,110000,195830,-0.87,8
109/03/13,0.69,0.91,0.69,0.86,298000,216410,-0.44,30
109/03/16,0.88,0.88,0.60,0.60,207000,163600,-0.26,8
109/03/17,0.34,0.34,0.26,0.26,33000,8820,-0.34,3
109/03/18,0.24,0.24,0.24,0.24,21000,5040,-0.02,1
109/03/19,--,--,--,--,0,0,0.00,0
109/03/20,0.18,0.18,0.18,0.18,15000,2700,0.00,2
109/03/23,--,--,--,--,0,0,0.00,0
109/03/24,0.33,0.33,0.24,0.30,52000,15540,0.00,5
109/03/25,0.37,0.37,0.37,0.37,16000,5920,0.07,1
109/03/26,--,--,--,--,0,0,0.00,0
109/03/27,--,--,--,--,0,0,0.00,0
109/03/30,--,--,--,--,0,0,0.00,0
109/03/31,--,--,--,--,0,0,0.00,0
109/04/01,--,--,--,--,0,0,0.00,0
109/04/06,--,--,--,--,0,0,0.00,0
109/04/07,--,--,--,--,0,0,0.00,0
109/04/08,0.39,0.56,0.39,0.56,69000,31540,0.00,6
109/04/09,--,--,--,--,0,0,0.00,0
109/04/10,0.92,0.92,0.92,0.92,5000,4600,0.00,1
109/04/13,--,--,--,--,0,0,0.00,0
109/04/14,--,--,--,--,0,0,0.00,0
109/04/15,1.00,1.13,1.00,1.13,10000,10650,0.00,2
109/04/16,0.76,0.76,0.76,0.76,80000,60800,-0.37,1
109/04/17,--,--,--,--,0,0,0.00,0
109/04/20,--,--,--,--,0,0,0.00,0
109/04/21,--,--,--,--,0,0,0.00,0
109/04/22,--,--,--,--,0,0,0.00,0
109/04/23,--,--,--,--,0,0,0.00,0
109/04/24,--,--,--,--,0,0,0.00,0
109/04/27,1.01,1.41,1.01,1.41,35000,39350,0.00,3
109/04/28,1.69,2.01,1.60,1.60,53000,88300,0.19,9
109/04/29,1.66,1.66,1.66,1.66,5000,8300,0.06,1
109/04/30,1.71,1.80,1.71,1.80,40000,71610,0.14,5
109/05/04,1.28,1.58,1.28,1.58,48000,63740,-0.22,4
109/05/05,2.13,2.65,2.13,2.27,83000,198910,0.69,9
109/05/06,2.35,2.35,2.24,2.24,50000,114200,-0.03,2
109/05/07,2.21,2.21,2.21,2.21,10000,22100,-0.03,1
109/05/08,2.12,2.12,1.91,2.01,125000,246980,-0.20,11
109/05/11,2.03,2.08,2.03,2.08,65000,132450,0.07,3
109/05/12,2.15,2.25,1.93,1.93,25000,51820,-0.15,5
109/05/13,1.82,1.82,1.82,1.82,1000,1820,-0.11,1
109/05/14,1.56,1.56,1.36,1.36,12000,18320,-0.46,2
109/05/15,--,--,--,--,0,0,0.00,0
109/05/14,1.56,1.56,1.36,1.36,12000,18320,-0.46,2
109/05/13,1.82,1.82,1.82,1.82,1000,1820,-0.11,1
109/05/12,2.15,2.25,1.93,1.93,25000,51820,-0.15,5
109/05/11,2.03,2.08,2.03,2.08,65000,132450,0.07,3
109/05/08,2.12,2.12,1.91,2.01,125000,246980,-0.20,11
109/05/07,2.21,2.21,2.21,2.21,10000,22100,-0.03,1
109/05/06,2.35,2.35,2.24,2.24,50000,114200,-0.03,2
109/05/05,2.13,2.65,2.13,2.27,83000,198910,0.69,9
109/05/04,1.28,1.58,1.28,1.58,48000,63740,-0.22,4
109/04/30,1.71,1.80,1.71,1.80,40000,71610,0.14,5
109/04/29,1.66,1.66,1.66,1.66,5000,8300,0.06,1
109/04/28,1.69,2.01,1.60,1.60,53000,88300,0.19,9
109/04/27,1.01,1.41,1.01,1.41,35000,39350,0.00,3
