108/11/14,--,--,--,--,0,0,0.00,0
108/11/15,--,--,--,--,0,0,0.00,0
108/11/18,1.47,1.47,1.47,1.47,10000,14700,0.00,1
108/11/19,1.47,1.47,1.47,1.47,10000,14700,0.00,1
108/11/20,--,--,--,--,0,0,0.00,0
108/11/21,--,--,--,--,0,0,0.00,0
108/11/22,--,--,--,--,0,0,0.00,0
108/11/25,1.08,1.08,1.08,1.08,14000,15120,0.00,1
108/11/26,1.08,1.08,1.08,1.08,14000,15120,0.00,1
108/11/27,1.09,1.12,1.09,1.12,31000,34240,0.04,2
108/11/28,1.12,1.12,1.12,1.12,31000,34720,0.00,1
108/11/29,1.08,1.08,1.08,1.08,98000,105840,-0.04,1
108/12/02,0.77,0.77,0.77,0.77,98000,75460,-0.31,1
108/12/03,--,--,--,--,0,0,0.00,0
108/12/04,0.91,0.91,0.91,0.91,98000,89180,0.00,1
108/12/05,0.83,0.83,0.83,0.83,98000,81340,-0.08,1
108/12/06,0.97,1.00,0.97,1.00,172000,167940,0.17,9
108/12/09,0.88,0.89,0.86,0.88,143000,125160,-0.12,30
108/12/10,0.84,0.84,0.84,0.84,75000,63000,-0.04,2
108/12/11,0.77,0.77,0.77,0.77,185000,142450,-0.07,4
108/12/12,0.70,0.72,0.68,0.68,185000,127530,-0.09,6
108/12/13,0.68,0.68,0.68,0.68,71000,48280,0.00,1
108/12/16,0.70,0.70,0.70,0.70,210000,147000,0.02,2
108/12/17,0.72,0.74,0.72,0.74,210000,152400,0.04,2
108/12/18,--,--,--,--,0,0,0.00,0
108/12/19,--,--,--,--,0,0,0.00,0
108/12/20,--,--,--,--,0,0,0.00,0
108/12/23,--,--,--,--,0,0,0.00,0
108/12/24,--,--,--,--,0,0,0.00,0
108/12/25,--,--,--,--,0,0,0.00,0
108/12/26,--,--,--,--,0,0,0.00,0
108/12/27,--,--,--,--,0,0,0.00,0
108/12/30,--,--,--,--,0,0,0.00,0
108/12/31,--,--,--,--,0,0,0.00,0
109/01/02,--,--,--,--,0,0,0.00,0
109/01/03,--,--,--,--,0,0,0.00,0
109/01/06,--,--,--,--,0,0,0.00,0
109/01/07,--,--,--,--,0,0,0.00,0
109/01/08,--,--,--,--,0,0,0.00,0
109/01/09,--,--,--,--,0,0,0.00,0
109/01/10,--,--,--,--,0,0,0.00,0
109/01/13,--,--,--,--,0,0,0.00,0
109/01/14,--,--,--,--,0,0,0.00,0
109/01/15,--,--,--,--,0,0,0.00,0
109/01/16,--,--,--,--,0,0,0.00,0
109/01/17,--,--,--,--,0,0,0.00,0
109/01/20,--,--,--,--,0,0,0.00,0
109/01/30,--,--,--,--,0,0,0.00,0
109/01/31,--,--,--,--,0,0,0.00,0
109/02/03,--,--,--,--,0,0,0.00,0
109/02/04,--,--,--,--,0,0,0.00,0
109/02/05,--,--,--,--,0,0,0.00,0
109/02/06,--,--,--,--,0,0,0.00,0
109/02/07,--,--,--,--,0,0,0.00,0
109/02/10,--,--,--,--,0,0,0.00,0
109/02/11,--,--,--,--,0,0,0.00,0
109/02/12,--,--,--,--,0,0,0.00,0
109/02/13,--,--,--,--,0,0,0.00,0
109/02/14,--,--,--,--,0,0,0.00,0
109/02/17,--,--,--,--,0,0,0.00,0
109/02/18,0.26,0.26,0.25,0.25,6000,1550,0.00,2
109/02/19,0.26,0.30,0.26,0.30,3000,850,0.05,3
109/02/20,0.36,0.39,0.36,0.39,385000,144630,0.09,12
109/02/21,0.37,0.69,0.35,0.69,676000,295070,0.30,35
109/02/24,0.69,0.77,0.55,0.77,697000,479990,0.08,54
109/02/25,0.67,0.71,0.61,0.63,222000,149170,-0.14,24
109/02/26,0.59,0.61,0.59,0.61,92000,54580,-0.02,3
109/02/27,0.66,0.66,0.49,0.49,61000,30060,-0.12,2
109/03/02,0.43,0.66,0.43,0.61,776000,485530,0.12,17
109/03/03,0.64,0.78,0.58,0.65,1589000,1072090,0.04,44
109/03/04,0.56,0.62,0.53,0.61,961000,562560,-0.04,38
109/03/05,0.64,0.76,0.61,0.76,352000,250470,0.15,6
109/03/06,0.65,0.65,0.59,0.59,290000,183980,-0.17,5
109/03/09,0.55,0.55,0.55,0.55,68000,37400,-0.04,1
109/03/10,0.42,0.42,0.42,0.42,10000,4200,-0.13,1
109/03/11,0.43,0.43,0.43,0.43,10000,4300,0.01,1
109/03/12,0.20,0.21,0.20,0.21,50000,10400,-0.22,5
109/03/13,0.06,0.06,0.06,0.06,50000,3000,-0.15,1
109/03/16,--,--,--,--,0,0,0.00,0
109/03/17,0.06,0.06,0.06,0.06,10000,600,0.00,2
109/03/18,--,--,--,--,0,0,0.00,0
109/03/19,--,--,--,--,0,0,0.00,0
109/03/20,--,--,--,--,0,0,0.00,0
109/03/23,--,--,--,--,0,0,0.00,0
109/03/24,--,--,--,--,0,0,0.00,0
109/03/25,--,--,--,--,0,0,0.00,0
109/03/26,0.27,0.27,0.27,0.27,5000,1350,0.00,1
109/03/27,0.46,0.46,0.46,0.46,5000,2300,0.19,1
109/03/30,0.50,0.62,0.49,0.54,363000,194600,0.08,16
109/03/31,0.64,0.77,0.64,0.75,507000,364950,0.21,18
109/04/01,0.70,0.70,0.53,0.63,386000,230630,-0.12,12
109/04/06,0.62,0.62,0.59,0.62,76000,46610,-0.01,5
109/04/07,0.76,0.90,0.56,0.56,330000,280860,-0.06,10
109/04/08,0.43,0.43,0.43,0.43,219000,94170,-0.13,3
109/04/09,0.43,0.43,0.43,0.43,58000,24940,0.00,1
109/04/10,0.41,0.46,0.41,0.46,12000,5110,0.03,5
109/04/13,0.54,0.71,0.53,0.71,74000,46370,0.25,11
109/04/14,0.71,1.10,0.70,1.10,180000,177280,0.39,41
109/04/15,1.33,1.57,1.11,1.11,182000,252860,0.01,37
109/04/16,1.04,1.40,1.04,1.29,115000,147460,0.18,28
109/04/17,1.62,1.63,1.21,1.21,58000,90070,-0.08,22
109/04/20,1.33,1.33,1.33,1.33,1000,1330,0.12,1
109/04/21,1.01,1.04,1.01,1.04,10000,10250,-0.29,2
109/04/22,0.99,1.06,0.99,1.05,15000,15500,0.01,3
109/04/23,1.03,1.12,1.03,1.12,46000,48760,0.07,4
109/04/24,1.17,1.20,1.17,1.20,41000,48120,0.08,2
109/04/27,--,--,--,--,0,0,0.00,0
109/04/28,1.45,1.45,1.45,1.45,2000,2900,0.00,1
109/04/29,1.58,1.58,1.58,1.58,10000,15800,0.13,1
109/04/30,1.79,1.79,1.50,1.50,20000,32900,-0.08,2
109/05/04,1.12,1.21,1.12,1.21,20000,23300,-0.29,2
109/05/05,1.21,1.21,0.97,0.97,58000,65200,-0.24,6
109/05/06,1.00,1.00,0.91,0.91,52000,51640,-0.06,2
109/05/07,0.94,0.94,0.78,0.78,8000,6880,-0.13,2
109/05/08,0.70,0.97,0.70,0.97,12000,10560,0.19,3
109/05/11,--,--,--,--,0,0,0.00,0
109/05/11,--,--,--,--,0,0,0.00,0
109/05/08,0.70,0.97,0.70,0.97,12000,10560,0.19,3
109/05/07,0.94,0.94,0.78,0.78,8000,6880,-0.13,2
109/05/06,1.00,1.00,0.91,0.91,52000,51640,-0.06,2
109/05/05,1.21,1.21,0.97,0.97,58000,65200,-0.24,6
109/05/04,1.12,1.21,1.12,1.21,20000,23300,-0.29,2
109/04/30,1.79,1.79,1.50,1.50,20000,32900,-0.08,2
109/04/29,1.58,1.58,1.58,1.58,10000,15800,0.13,1
109/04/28,1.45,1.45,1.45,1.45,2000,2900,0.00,1
109/04/27,--,--,--,--,0,0,0.00,0
