108/11/20,--,--,--,--,0,0,0.00,0
108/11/21,--,--,--,--,0,0,0.00,0
108/11/22,1.74,1.74,1.73,1.73,1650000,2864480,0.00,36
108/11/25,1.74,1.93,1.74,1.86,397000,725630,0.13,20
108/11/26,1.87,1.95,1.83,1.87,367000,683130,0.01,39
108/11/27,1.95,1.95,1.89,1.92,645000,1234450,0.05,26
108/11/28,1.94,1.96,1.82,1.96,1557000,2975350,0.04,66
108/11/29,2.22,2.42,1.96,1.97,1882000,4204010,0.01,154
108/12/02,2.06,2.08,1.78,1.91,695000,1340660,-0.06,57
108/12/03,1.79,1.84,1.79,1.82,235000,425410,-0.09,17
108/12/04,1.79,1.86,1.77,1.82,284000,516600,0.00,18
108/12/05,1.85,1.93,1.81,1.93,436000,822890,0.11,40
108/12/06,2.00,2.02,1.90,1.90,580000,1138980,-0.03,47
108/12/09,1.96,2.06,1.92,1.97,501000,995380,0.07,51
108/12/10,1.96,1.96,1.85,1.85,341000,654780,-0.12,35
108/12/11,1.85,1.85,1.76,1.76,69000,123640,-0.09,13
108/12/12,1.79,1.84,1.76,1.76,82000,148330,0.00,8
108/12/13,1.81,1.81,1.66,1.72,154000,268400,-0.04,15
108/12/16,1.75,2.11,1.73,2.01,996000,1963150,0.29,83
108/12/17,2.04,2.28,2.00,2.00,1288000,2768060,-0.01,135
108/12/18,2.03,2.04,1.88,1.89,708000,1384340,-0.11,61
108/12/19,1.88,1.96,1.86,1.95,760000,1448370,0.06,40
108/12/20,1.99,1.99,1.88,1.95,535000,1045140,0.00,32
108/12/23,2.02,2.07,1.95,1.96,303000,606110,0.01,35
108/12/24,1.95,2.10,1.94,2.08,520000,1053030,0.12,59
108/12/25,2.09,2.10,2.00,2.03,480000,982210,-0.05,59
108/12/26,2.07,2.18,1.95,1.95,2091000,4341340,-0.08,63
108/12/27,1.96,1.98,1.88,1.88,277000,533360,-0.07,25
108/12/30,1.86,1.89,1.80,1.81,178000,326670,-0.07,19
108/12/31,1.84,1.86,1.82,1.82,106000,195670,0.01,7
109/01/02,1.89,1.95,1.86,1.91,216000,412160,0.09,21
109/01/03,1.96,1.96,1.72,1.76,415000,752380,-0.15,33
109/01/06,1.67,1.74,1.59,1.60,139000,225620,-0.16,15
109/01/07,1.71,1.71,1.62,1.64,86000,141540,0.04,5
109/01/08,1.48,1.55,1.47,1.47,245000,368440,-0.17,9
109/01/09,1.55,1.55,1.47,1.47,694000,1028360,0.00,12
109/01/10,1.42,1.42,1.30,1.34,1166000,1568170,-0.13,35
109/01/13,1.38,1.47,1.36,1.47,937000,1312670,0.13,19
109/01/14,1.50,1.50,1.47,1.47,327000,486320,0.00,17
109/01/15,1.47,1.47,1.41,1.41,77000,109730,-0.06,5
109/01/16,--,--,--,--,0,0,0.00,0
109/01/17,--,--,--,--,0,0,0.00,0
109/01/20,1.34,1.34,1.31,1.32,87000,114820,0.00,10
109/01/30,0.86,0.89,0.80,0.80,99000,85690,-0.52,10
109/01/31,0.65,0.65,0.58,0.63,96000,58800,-0.17,4
109/02/03,0.67,0.67,0.38,0.53,158000,95490,-0.10,6
109/02/04,0.56,0.56,0.55,0.56,113000,62350,0.03,4
109/02/05,0.52,0.58,0.52,0.54,145000,76900,-0.02,5
109/02/06,0.59,0.63,0.58,0.63,57000,35050,0.09,5
109/02/07,0.58,0.58,0.58,0.58,37000,21460,-0.05,1
109/02/10,0.58,0.58,0.54,0.54,23000,12920,-0.04,3
109/02/11,0.57,0.61,0.57,0.59,31000,18470,0.05,3
109/02/12,0.58,0.59,0.58,0.59,44000,25910,0.00,2
109/02/13,0.58,0.77,0.58,0.72,188000,127440,0.13,9
109/02/14,0.62,0.65,0.60,0.60,101000,63760,-0.12,6
109/02/17,0.56,0.58,0.55,0.55,49000,28040,-0.05,3
109/02/18,--,--,--,--,0,0,0.00,0
109/02/19,--,--,--,--,0,0,0.00,0
109/02/20,0.51,0.51,0.51,0.51,5000,2550,0.00,1
109/02/21,--,--,--,--,0,0,0.00,0
109/02/24,--,--,--,--,0,0,0.00,0
109/02/25,0.44,0.58,0.44,0.56,561000,254150,0.00,6
109/02/26,0.63,0.97,0.63,0.97,669000,483880,0.41,22
109/02/27,0.92,0.94,0.59,0.60,541000,478850,-0.37,22
109/03/02,0.58,0.73,0.58,0.70,167000,104050,0.10,7
109/03/03,0.74,0.79,0.74,0.79,120000,91840,0.09,4
109/03/04,0.70,0.70,0.68,0.68,65000,44500,-0.11,3
109/03/05,0.98,1.07,0.98,0.98,292000,294420,0.30,17
109/03/06,0.95,1.12,0.95,1.03,360000,362850,0.05,25
109/03/09,0.96,0.96,0.71,0.71,300000,251930,-0.32,20
109/03/10,0.82,0.93,0.82,0.93,142000,117320,0.22,7
109/03/11,1.13,1.15,0.86,0.90,91000,85030,-0.03,11
109/03/12,0.72,0.73,0.60,0.67,314000,203390,-0.23,15
109/03/13,0.43,0.43,0.36,0.39,631000,232810,-0.28,7
109/03/16,0.76,0.76,0.43,0.44,145000,85450,0.05,11
109/03/17,0.48,0.55,0.48,0.54,36000,19280,0.10,4
109/03/18,--,--,--,--,0,0,0.00,0
109/03/19,--,--,--,--,0,0,0.00,0
109/03/20,0.40,0.43,0.40,0.43,115000,49050,0.00,12
109/03/23,0.41,0.47,0.41,0.47,12000,5040,0.04,2
109/03/24,0.63,0.72,0.55,0.72,52000,33500,0.25,6
109/03/25,0.75,0.75,0.75,0.75,22000,16500,0.03,2
109/03/26,0.61,0.74,0.61,0.74,138000,86780,-0.01,4
109/03/27,0.68,0.68,0.68,0.68,40000,27200,-0.06,1
109/03/30,0.71,0.76,0.71,0.74,82000,59420,0.06,9
109/03/31,--,--,--,--,0,0,0.00,0
109/04/01,0.60,0.65,0.60,0.62,82000,52600,0.00,3
109/04/06,--,--,--,--,0,0,0.00,0
109/04/07,--,--,--,--,0,0,0.00,0
109/04/08,--,--,--,--,0,0,0.00,0
109/04/09,0.55,0.55,0.55,0.55,40000,22000,0.00,1
109/04/10,--,--,--,--,0,0,0.00,0
109/04/13,0.71,0.71,0.65,0.65,60000,40100,0.00,6
109/04/14,0.57,0.64,0.57,0.62,90000,53800,-0.03,6
109/04/15,0.59,0.64,0.58,0.64,35000,20700,0.02,4
109/04/16,0.62,0.62,0.62,0.62,5000,3100,-0.02,1
109/04/17,0.54,0.54,0.54,0.54,30000,16200,-0.08,1
109/04/20,0.42,0.42,0.42,0.42,10000,4200,-0.12,1
109/04/21,0.50,0.50,0.50,0.50,5000,2500,0.08,1
109/04/22,--,--,--,--,0,0,0.00,0
109/04/23,--,--,--,--,0,0,0.00,0
109/04/24,--,--,--,--,0,0,0.00,0
109/04/27,--,--,--,--,0,0,0.00,0
109/04/28,0.48,0.81,0.48,0.73,116000,82620,0.00,15
109/04/29,0.89,0.89,0.83,0.83,41000,35230,0.10,3
109/04/30,0.68,0.68,0.62,0.62,35000,23500,-0.21,3
109/05/04,0.62,0.62,0.62,0.62,5000,3100,0.00,1
109/05/05,0.64,0.64,0.64,0.64,5000,3200,0.02,1
109/05/06,--,--,--,--,0,0,0.00,0
109/05/07,--,--,--,--,0,0,0.00,0
109/05/08,0.39,0.42,0.38,0.38,35000,13800,0.00,6
109/05/11,--,--,--,--,0,0,0.00,0
109/05/12,0.37,0.37,0.22,0.22,50000,16200,0.00,5
109/05/13,0.18,0.18,0.18,0.18,10000,1800,-0.04,1
109/05/14,0.27,0.27,0.15,0.15,50000,10200,-0.03,3
109/05/15,--,--,--,--,0,0,0.00,0
109/05/14,0.27,0.27,0.15,0.15,50000,10200,-0.03,3
109/05/13,0.18,0.18,0.18,0.18,10000,1800,-0.04,1
109/05/12,0.37,0.37,0.22,0.22,50000,16200,0.00,5
109/05/11,--,--,--,--,0,0,0.00,0
109/05/08,0.39,0.42,0.38,0.38,35000,13800,0.00,6
109/05/07,--,--,--,--,0,0,0.00,0
109/05/06,--,--,--,--,0,0,0.00,0
109/05/05,0.64,0.64,0.64,0.64,5000,3200,0.02,1
109/05/04,0.62,0.62,0.62,0.62,5000,3100,0.00,1
109/04/30,0.68,0.68,0.62,0.62,35000,23500,-0.21,3
109/04/29,0.89,0.89,0.83,0.83,41000,35230,0.10,3
109/04/28,0.48,0.81,0.48,0.73,116000,82620,0.00,15
109/04/27,--,--,--,--,0,0,0.00,0
