108/11/21,--,--,--,--,0,0,0.00,0
108/11/22,1.46,1.46,1.46,1.46,6000,8760,0.00,1
108/11/25,1.69,1.69,1.69,1.69,6000,10140,0.23,1
108/11/26,1.43,1.43,1.43,1.43,56000,80080,-0.26,1
108/11/27,1.54,1.65,1.51,1.63,201000,319510,0.20,11
108/11/28,1.65,1.65,1.60,1.61,150000,243020,-0.02,21
108/11/29,1.52,1.52,1.52,1.52,10000,15200,-0.09,1
108/12/02,--,--,--,--,0,0,0.00,0
108/12/03,1.21,1.24,1.21,1.24,6000,7360,0.00,3
108/12/04,1.12,1.12,1.12,1.12,6000,6720,-0.12,1
108/12/05,--,--,--,--,0,0,0.00,0
108/12/06,--,--,--,--,0,0,0.00,0
108/12/09,1.23,1.31,1.23,1.31,6000,7700,0.00,3
108/12/10,1.22,1.35,1.22,1.35,8000,10220,0.04,6
108/12/11,1.30,1.34,1.30,1.34,49000,65150,-0.01,7
108/12/12,1.36,1.37,1.31,1.31,42000,57000,-0.03,3
108/12/13,--,--,--,--,0,0,0.00,0
108/12/16,1.32,1.46,1.32,1.45,265000,367460,0.00,23
108/12/17,1.59,1.90,1.54,1.88,391000,633520,0.43,57
108/12/18,1.78,1.80,1.67,1.69,120000,208180,-0.19,23
108/12/19,1.69,1.69,1.48,1.49,29000,44480,-0.20,9
108/12/20,1.45,1.49,1.31,1.49,40000,55130,0.00,14
108/12/23,1.40,1.45,1.39,1.41,25000,35860,-0.08,8
108/12/24,1.40,1.40,1.32,1.33,35000,47210,-0.08,8
108/12/25,1.36,1.36,1.24,1.26,15000,19260,-0.07,7
108/12/26,1.30,1.30,1.23,1.25,66000,82730,-0.01,5
108/12/27,1.29,1.35,1.29,1.35,91000,120830,0.10,3
108/12/30,1.33,1.33,1.24,1.24,78000,101680,-0.11,4
108/12/31,1.23,1.23,1.23,1.23,5000,6150,-0.01,1
109/01/02,1.28,1.70,1.28,1.70,106000,166880,0.47,12
109/01/03,1.77,1.81,1.49,1.51,36000,60780,-0.19,9
109/01/06,1.64,1.64,1.64,1.64,1000,1640,0.13,1
109/01/07,1.53,1.53,1.16,1.20,134000,192720,-0.44,5
109/01/08,1.07,1.19,1.07,1.15,130000,148300,-0.05,3
109/01/09,1.34,1.55,1.34,1.53,184000,268440,0.38,7
109/01/10,1.43,1.49,1.36,1.49,207000,298450,-0.04,25
109/01/13,1.57,1.89,1.47,1.89,226000,405470,0.40,20
109/01/14,1.90,2.05,1.85,2.00,233000,450350,0.11,30
109/01/15,1.97,1.99,1.84,1.84,20000,38140,-0.16,5
109/01/16,1.64,1.78,1.60,1.74,37000,60560,-0.10,7
109/01/17,2.19,2.42,2.08,2.08,83000,191600,0.34,20
109/01/20,2.25,2.25,2.00,2.00,12000,26130,-0.08,6
109/01/30,1.60,1.60,1.34,1.34,62000,97880,-0.66,4
109/01/31,1.44,1.46,1.34,1.43,78000,111420,0.09,13
109/02/03,1.07,1.21,1.07,1.21,46000,51800,-0.22,8
109/02/04,1.24,1.39,1.19,1.39,20000,24650,0.18,5
109/02/05,--,--,--,--,0,0,0.00,0
109/02/06,1.73,1.73,1.57,1.57,17000,26850,0.00,4
109/02/07,1.47,1.47,1.44,1.44,18000,26250,-0.13,5
109/02/10,1.23,1.25,1.20,1.25,7000,8600,-0.19,4
109/02/11,1.23,1.33,1.22,1.31,59000,76540,0.06,7
109/02/12,1.34,1.50,1.34,1.46,84000,117930,0.15,13
109/02/13,1.40,1.45,1.40,1.42,46000,65040,-0.04,13
109/02/14,1.44,1.62,1.44,1.57,137000,214780,0.15,10
109/02/17,1.40,1.57,1.39,1.57,262000,373780,0.00,16
109/02/18,1.38,1.40,1.24,1.26,241000,325880,-0.31,7
109/02/19,1.33,1.46,1.33,1.43,472000,666050,0.17,15
109/02/20,1.38,1.38,1.20,1.21,205000,251100,-0.22,9
109/02/21,1.16,1.16,1.14,1.14,192000,219880,-0.07,3
109/02/24,--,--,--,--,0,0,0.00,0
109/02/25,0.85,0.89,0.85,0.89,3000,2590,0.00,2
109/02/26,--,--,--,--,0,0,0.00,0
109/02/27,--,--,--,--,0,0,0.00,0
109/03/02,0.30,0.51,0.30,0.51,28000,12660,0.00,4
109/03/03,0.59,0.59,0.58,0.58,86000,50100,0.07,7
109/03/04,0.50,0.53,0.50,0.53,60000,31170,-0.05,5
109/03/05,0.70,0.70,0.70,0.70,1000,700,0.17,1
109/03/06,0.69,0.69,0.69,0.69,10000,6900,-0.01,1
109/03/09,0.55,0.58,0.55,0.58,78000,44940,-0.11,2
109/03/10,0.54,0.54,0.54,0.54,68000,36720,-0.04,1
109/03/11,--,--,--,--,0,0,0.00,0
109/03/12,--,--,--,--,0,0,0.00,0
109/03/13,--,--,--,--,0,0,0.00,0
109/03/16,--,--,--,--,0,0,0.00,0
109/03/17,0.46,0.46,0.37,0.37,193000,81520,0.00,18
109/03/18,0.36,0.37,0.32,0.33,183000,61830,-0.04,25
109/03/19,--,--,--,--,0,0,0.00,0
109/03/20,--,--,--,--,0,0,0.00,0
109/03/23,--,--,--,--,0,0,0.00,0
109/03/24,--,--,--,--,0,0,0.00,0
109/03/25,0.45,0.45,0.45,0.45,10000,4500,0.00,1
109/03/26,--,--,--,--,0,0,0.00,0
109/03/27,--,--,--,--,0,0,0.00,0
109/03/30,--,--,--,--,0,0,0.00,0
109/03/31,--,--,--,--,0,0,0.00,0
109/04/01,--,--,--,--,0,0,0.00,0
109/04/06,--,--,--,--,0,0,0.00,0
109/04/07,--,--,--,--,0,0,0.00,0
109/04/08,--,--,--,--,0,0,0.00,0
109/04/09,--,--,--,--,0,0,0.00,0
109/04/10,--,--,--,--,0,0,0.00,0
109/04/13,--,--,--,--,0,0,0.00,0
109/04/14,--,--,--,--,0,0,0.00,0
109/04/15,--,--,--,--,0,0,0.00,0
109/04/16,--,--,--,--,0,0,0.00,0
109/04/17,--,--,--,--,0,0,0.00,0
109/04/20,--,--,--,--,0,0,0.00,0
109/04/21,--,--,--,--,0,0,0.00,0
109/04/22,--,--,--,--,0,0,0.00,0
109/04/23,--,--,--,--,0,0,0.00,0
109/04/24,--,--,--,--,0,0,0.00,0
109/04/27,1.02,1.02,1.02,1.02,10000,10200,0.00,1
109/04/28,0.88,0.88,0.84,0.84,20000,17200,-0.18,2
109/04/29,0.95,1.15,0.94,1.10,76000,79750,0.26,14
109/04/30,1.21,1.43,1.16,1.39,99000,129440,0.29,31
109/05/04,0.88,0.99,0.84,0.93,56000,49800,-0.46,17
109/05/05,0.94,0.94,0.80,0.84,26000,23360,-0.09,5
109/05/06,0.84,0.84,0.84,0.84,10000,8400,0.00,1
109/05/07,0.97,1.11,0.97,1.06,143000,151450,0.22,13
109/05/08,1.02,1.02,0.98,1.02,142000,141260,-0.04,19
109/05/11,1.00,1.00,1.00,1.00,37000,37000,-0.02,3
109/05/12,0.95,0.95,0.95,0.95,7000,6650,-0.05,1
109/05/13,--,--,--,--,0,0,0.00,0
109/05/14,--,--,--,--,0,0,0.00,0
109/05/15,--,--,--,--,0,0,0.00,0
109/05/14,--,--,--,--,0,0,0.00,0
109/05/13,--,--,--,--,0,0,0.00,0
109/05/12,0.95,0.95,0.95,0.95,7000,6650,-0.05,1
109/05/11,1.00,1.00,1.00,1.00,37000,37000,-0.02,3
109/05/08,1.02,1.02,0.98,1.02,142000,141260,-0.04,19
109/05/07,0.97,1.11,0.97,1.06,143000,151450,0.22,13
109/05/06,0.84,0.84,0.84,0.84,10000,8400,0.00,1
109/05/05,0.94,0.94,0.80,0.84,26000,23360,-0.09,5
109/05/04,0.88,0.99,0.84,0.93,56000,49800,-0.46,17
109/04/30,1.21,1.43,1.16,1.39,99000,129440,0.29,31
109/04/29,0.95,1.15,0.94,1.10,76000,79750,0.26,14
109/04/28,0.88,0.88,0.84,0.84,20000,17200,-0.18,2
109/04/27,1.02,1.02,1.02,1.02,10000,10200,0.00,1
