108/11/22,--,--,--,--,0,0,0.00,0
108/11/25,2.53,2.74,2.53,2.65,173000,456450,0.00,7
108/11/26,2.61,2.72,2.61,2.67,242000,637320,0.02,9
108/11/27,2.75,2.75,2.70,2.70,99000,270070,0.03,5
108/11/28,2.73,2.74,2.73,2.74,130000,355900,0.04,3
108/11/29,3.40,3.62,2.80,2.80,275000,907370,0.06,26
108/12/02,2.89,2.91,2.57,2.69,130000,369560,-0.11,12
108/12/03,2.48,2.56,2.48,2.52,21000,53260,-0.17,4
108/12/04,2.52,2.55,2.49,2.49,173000,439790,-0.03,8
108/12/05,2.55,2.73,2.52,2.71,471000,1240230,0.22,25
108/12/06,2.78,2.83,2.69,2.72,337000,935150,0.01,18
108/12/09,2.72,2.87,2.70,2.77,187000,517120,0.05,12
108/12/10,2.72,2.72,2.63,2.72,142000,384820,-0.05,16
108/12/11,2.45,2.45,2.45,2.45,5000,12250,-0.27,1
108/12/12,--,--,--,--,0,0,0.00,0
108/12/13,2.23,2.32,2.23,2.32,6000,13470,0.00,2
108/12/16,2.49,2.86,2.49,2.84,394000,1086360,0.52,66
108/12/17,2.93,3.24,2.89,3.03,607000,1852510,0.19,77
108/12/18,2.81,2.81,2.57,2.57,207000,563880,-0.46,43
108/12/19,2.52,2.64,2.51,2.64,37000,97040,0.07,6
108/12/20,2.65,2.70,2.64,2.70,66000,176100,0.06,5
108/12/23,2.68,2.80,2.68,2.72,38000,102990,0.02,6
108/12/24,2.74,2.89,2.74,2.80,239000,676280,0.08,27
108/12/25,2.85,2.85,2.75,2.81,243000,680200,0.01,23
108/12/26,2.84,3.04,2.62,2.62,146000,433950,-0.19,28
108/12/27,2.64,2.64,2.52,2.52,127000,329130,-0.10,21
108/12/30,2.40,2.46,2.39,2.46,8000,19290,-0.06,3
108/12/31,2.42,2.42,2.42,2.42,1000,2420,-0.04,1
109/01/02,2.53,2.61,2.53,2.54,68000,175530,0.12,6
109/01/03,2.54,2.56,2.13,2.24,89000,216240,-0.30,9
109/01/06,2.09,2.09,2.00,2.00,24000,49000,-0.24,6
109/01/07,2.06,2.11,1.97,2.08,48000,99060,0.08,7
109/01/08,1.86,1.93,1.82,1.92,47000,88540,-0.16,6
109/01/09,1.87,1.87,1.83,1.86,30000,55720,-0.06,4
109/01/10,1.66,1.66,1.56,1.61,17000,27860,-0.25,4
109/01/13,1.64,1.76,1.64,1.76,15000,25040,0.15,3
109/01/14,1.82,1.83,1.80,1.80,30000,54140,0.04,4
109/01/15,--,--,--,--,0,0,0.00,0
109/01/16,1.66,1.66,1.65,1.65,22000,36400,0.00,3
109/01/17,--,--,--,--,0,0,0.00,0
109/01/20,--,--,--,--,0,0,0.00,0
109/01/30,--,--,--,--,0,0,0.00,0
109/01/31,--,--,--,--,0,0,0.00,0
109/02/03,--,--,--,--,0,0,0.00,0
109/02/04,--,--,--,--,0,0,0.00,0
109/02/05,0.55,0.55,0.55,0.55,11000,6050,0.00,1
109/02/06,0.55,0.59,0.55,0.58,161000,92940,0.03,5
109/02/07,0.54,0.54,0.52,0.52,150000,78200,-0.06,2
109/02/10,0.48,0.52,0.48,0.52,53000,27320,0.00,2
109/02/11,0.52,0.52,0.49,0.50,53000,27030,-0.02,24
109/02/12,--,--,--,--,0,0,0.00,0
109/02/13,0.61,0.77,0.61,0.71,44000,31870,0.00,19
109/02/14,0.57,0.60,0.55,0.60,44000,25330,-0.11,17
109/02/17,--,--,--,--,0,0,0.00,0
109/02/18,0.54,0.54,0.51,0.51,14000,7470,0.00,2
109/02/19,0.44,0.44,0.44,0.44,11000,4840,-0.07,1
109/02/20,0.45,0.45,0.45,0.45,11000,4950,0.01,1
109/02/21,0.39,0.39,0.39,0.39,11000,4290,-0.06,1
109/02/24,--,--,--,--,0,0,0.00,0
109/02/25,0.44,0.51,0.44,0.50,66000,31270,0.00,11
109/02/26,0.53,0.85,0.53,0.85,477000,346540,0.35,78
109/02/27,0.85,0.86,0.74,0.74,338000,276850,-0.11,42
109/03/02,0.43,0.64,0.43,0.64,388000,206290,-0.10,20
109/03/03,0.70,0.70,0.64,0.67,208000,139980,0.03,21
109/03/04,0.60,0.63,0.58,0.62,177000,108120,-0.05,14
109/03/05,0.82,1.01,0.82,1.00,238000,209140,0.38,9
109/03/06,0.88,0.94,0.85,0.94,138000,122360,-0.06,11
109/03/09,0.79,0.85,0.65,0.65,174000,129930,-0.29,4
109/03/10,0.70,0.89,0.68,0.89,482000,358170,0.24,16
109/03/11,1.06,1.12,0.80,0.80,507000,515750,-0.09,15
109/03/12,0.68,0.68,0.59,0.59,112000,71420,-0.21,4
109/03/13,0.35,0.35,0.35,0.35,53000,18550,-0.24,2
109/03/16,0.62,0.62,0.37,0.37,183000,103960,0.02,6
109/03/17,0.19,0.38,0.19,0.29,110000,32050,-0.08,10
109/03/18,0.40,0.40,0.28,0.29,397000,129900,0.00,12
109/03/19,0.19,0.28,0.11,0.11,720000,115950,-0.18,23
109/03/20,0.14,0.25,0.14,0.25,164000,35400,0.14,11
109/03/23,0.16,0.26,0.16,0.22,55000,13120,-0.03,8
109/03/24,0.37,0.46,0.36,0.41,299000,121120,0.19,11
109/03/25,0.59,0.59,0.52,0.52,13000,7360,0.11,3
109/03/26,--,--,--,--,0,0,0.00,0
109/03/27,--,--,--,--,0,0,0.00,0
109/03/30,--,--,--,--,0,0,0.00,0
109/03/31,--,--,--,--,0,0,0.00,0
109/04/01,--,--,--,--,0,0,0.00,0
109/04/06,--,--,--,--,0,0,0.00,0
109/04/07,--,--,--,--,0,0,0.00,0
109/04/08,--,--,--,--,0,0,0.00,0
109/04/09,--,--,--,--,0,0,0.00,0
109/04/10,--,--,--,--,0,0,0.00,0
109/04/13,--,--,--,--,0,0,0.00,0
109/04/14,--,--,--,--,0,0,0.00,0
109/04/15,--,--,--,--,0,0,0.00,0
109/04/16,--,--,--,--,0,0,0.00,0
109/04/17,--,--,--,--,0,0,0.00,0
109/04/20,0.23,0.23,0.23,0.23,20000,4600,0.00,1
109/04/21,0.18,0.18,0.18,0.18,20000,3600,-0.05,1
109/04/22,--,--,--,--,0,0,0.00,0
109/04/23,--,--,--,--,0,0,0.00,0
109/04/24,--,--,--,--,0,0,0.00,0
109/04/27,0.16,0.16,0.16,0.16,10000,1600,0.00,1
109/04/28,0.25,0.39,0.25,0.39,30000,9100,0.23,3
109/04/29,0.47,0.48,0.37,0.37,331000,136130,-0.02,33
109/04/30,0.26,0.29,0.26,0.27,306000,82430,-0.10,7
109/05/04,0.22,0.22,0.22,0.22,5000,1100,-0.05,1
109/05/05,--,--,--,--,0,0,0.00,0
109/05/06,--,--,--,--,0,0,0.00,0
109/05/07,--,--,--,--,0,0,0.00,0
109/05/08,0.09,0.09,0.09,0.09,250000,22500,0.00,1
109/05/11,--,--,--,--,0,0,0.00,0
109/05/12,--,--,--,--,0,0,0.00,0
109/05/13,--,--,--,--,0,0,0.00,0
109/05/14,--,--,--,--,0,0,0.00,0
109/05/15,--,--,--,--,0,0,0.00,0
109/05/14,--,--,--,--,0,0,0.00,0
109/05/13,--,--,--,--,0,0,0.00,0
109/05/12,--,--,--,--,0,0,0.00,0
109/05/11,--,--,--,--,0,0,0.00,0
109/05/08,0.09,0.09,0.09,0.09,250000,22500,0.00,1
109/05/07,--,--,--,--,0,0,0.00,0
109/05/06,--,--,--,--,0,0,0.00,0
109/05/05,--,--,--,--,0,0,0.00,0
109/05/04,0.22,0.22,0.22,0.22,5000,1100,-0.05,1
109/04/30,0.26,0.29,0.26,0.27,306000,82430,-0.10,7
109/04/29,0.47,0.48,0.37,0.37,331000,136130,-0.02,33
109/04/28,0.25,0.39,0.25,0.39,30000,9100,0.23,3
109/04/27,0.16,0.16,0.16,0.16,10000,1600,0.00,1
