108/11/25,2.77,3.02,2.71,3.02,27000,76490,0.04,4
108/11/26,3.14,3.14,3.14,3.14,25000,78500,0.12,1
108/11/27,3.22,3.22,3.22,3.22,2000,6440,0.08,1
108/11/28,3.19,3.24,3.19,3.24,2000,6430,0.02,2
108/11/29,2.89,2.89,2.89,2.89,2000,5780,-0.35,2
108/12/02,3.01,3.01,3.01,3.01,2000,6020,0.12,1
108/12/03,--,--,--,--,0,0,0.00,0
108/12/04,2.79,2.79,2.59,2.59,3000,8080,0.00,3
108/12/05,2.84,3.81,2.84,3.81,12000,41060,1.22,7
108/12/06,3.75,4.05,3.60,3.60,9000,34800,-0.21,3
108/12/09,4.49,4.49,4.49,4.49,1000,4490,0.89,1
108/12/10,4.12,4.12,4.12,4.12,1000,4120,-0.37,1
108/12/11,3.62,3.62,3.62,3.62,50000,181000,-0.50,1
108/12/12,4.13,4.19,4.13,4.15,53000,219670,0.53,4
108/12/13,4.52,4.52,4.47,4.47,3000,13510,0.32,2
108/12/16,--,--,--,--,0,0,0.00,0
108/12/17,4.69,4.69,4.69,4.69,1000,4690,0.00,1
108/12/18,5.20,5.20,5.10,5.10,3000,15400,0.41,2
108/12/19,--,--,--,--,0,0,0.00,0
108/12/20,--,--,--,--,0,0,0.00,0
108/12/23,--,--,--,--,0,0,0.00,0
108/12/24,--,--,--,--,0,0,0.00,0
108/12/25,--,--,--,--,0,0,0.00,0
108/12/26,--,--,--,--,0,0,0.00,0
108/12/27,--,--,--,--,0,0,0.00,0
108/12/30,--,--,--,--,0,0,0.00,0
108/12/31,4.62,4.62,4.62,4.62,3000,13860,0.00,1
109/01/02,--,--,--,--,0,0,0.00,0
109/01/03,5.00,5.00,4.05,4.05,7000,30280,0.00,4
109/01/06,3.49,3.49,3.10,3.10,3000,9700,-0.95,3
109/01/07,3.16,3.16,2.91,3.11,8000,24580,0.01,6
109/01/08,3.02,3.46,3.02,3.46,7000,22450,0.35,5
109/01/09,3.64,3.64,3.55,3.55,5000,18070,0.09,4
109/01/10,4.12,4.37,4.12,4.37,2000,8490,0.82,2
109/01/13,4.34,4.63,4.34,4.63,22000,96060,0.26,2
109/01/14,5.35,5.35,4.86,4.86,27000,141460,0.23,4
109/01/15,4.81,4.81,4.21,4.21,18000,76900,-0.65,5
109/01/16,3.99,4.40,3.99,4.30,12000,52290,0.09,3
109/01/17,4.51,4.51,4.16,4.16,3000,13050,-0.14,3
109/01/20,4.14,4.14,4.11,4.11,2000,8250,-0.05,2
109/01/30,3.11,3.26,2.64,2.64,8000,22840,-1.47,5
109/01/31,--,--,--,--,0,0,0.00,0
109/02/03,2.37,2.47,2.28,2.47,4000,9540,0.00,4
109/02/04,3.07,3.33,3.07,3.27,53000,176110,0.80,3
109/02/05,3.25,3.25,3.07,3.07,52000,167820,-0.20,3
109/02/06,2.92,3.03,2.76,3.03,4000,11630,-0.04,4
109/02/07,2.71,2.71,2.58,2.58,3000,7870,-0.45,2
109/02/10,2.14,2.46,2.14,2.46,2000,4600,-0.12,2
109/02/11,2.45,2.45,2.34,2.34,2000,4790,-0.12,2
109/02/12,2.38,2.78,2.38,2.78,26000,70900,0.44,8
109/02/13,2.99,3.01,2.98,2.98,22000,65600,0.20,3
109/02/14,2.78,2.87,2.65,2.87,4000,11110,-0.11,4
109/02/17,2.55,2.60,2.43,2.60,7000,17630,-0.27,5
109/02/18,2.34,2.34,2.34,2.34,2000,4680,-0.26,1
109/02/19,2.07,2.31,1.95,2.28,11000,23630,-0.06,8
109/02/20,2.35,2.35,2.10,2.10,4000,9040,-0.18,3
109/02/21,2.20,2.20,2.01,2.14,12000,25190,0.04,5
109/02/24,1.84,1.84,1.72,1.72,8000,14020,-0.42,3
109/02/25,1.59,1.76,1.59,1.74,8000,13460,0.02,5
109/02/26,1.60,1.75,1.56,1.56,6000,9630,-0.18,3
109/02/27,1.42,1.42,1.28,1.28,4000,5260,-0.28,2
109/03/02,1.11,1.11,1.11,1.11,1000,1110,-0.17,1
109/03/03,1.45,1.58,1.45,1.58,3000,4570,0.47,3
109/03/04,1.52,1.52,1.46,1.46,2000,2980,-0.12,2
109/03/05,1.51,1.51,1.46,1.50,111000,166460,0.04,6
109/03/06,1.40,1.40,1.40,1.40,105000,147000,-0.10,2
109/03/09,1.01,1.01,1.01,1.01,1000,1010,-0.39,1
109/03/10,0.90,0.99,0.90,0.99,3000,2880,-0.02,2
109/03/11,--,--,--,--,0,0,0.00,0
109/03/12,--,--,--,--,0,0,0.00,0
109/03/13,0.41,0.50,0.41,0.50,3000,1320,0.00,2
109/03/16,0.62,0.62,0.42,0.42,4000,2080,-0.08,2
109/03/17,1.38,1.38,1.29,1.29,52000,71580,0.87,2
109/03/18,1.12,1.15,1.12,1.15,51000,57150,-0.14,2
109/03/19,--,--,--,--,0,0,0.00,0
109/03/20,0.65,0.78,0.65,0.78,16000,11950,0.00,4
109/03/23,0.59,0.59,0.59,0.59,5000,2950,-0.19,1
109/03/24,0.98,0.99,0.95,0.95,11000,10680,0.36,3
109/03/25,--,--,--,--,0,0,0.00,0
109/03/26,--,--,--,--,0,0,0.00,0
109/03/27,--,--,--,--,0,0,0.00,0
109/03/30,--,--,--,--,0,0,0.00,0
109/03/31,--,--,--,--,0,0,0.00,0
109/04/01,--,--,--,--,0,0,0.00,0
109/04/06,--,--,--,--,0,0,0.00,0
109/04/07,--,--,--,--,0,0,0.00,0
109/04/08,3.78,3.78,3.78,3.78,1000,3780,0.00,1
109/04/09,3.88,3.88,3.88,3.88,1000,3880,0.10,1
109/04/10,--,--,--,--,0,0,0.00,0
109/04/13,--,--,--,--,0,0,0.00,0
109/04/14,--,--,--,--,0,0,0.00,0
109/04/15,2.86,2.86,2.86,2.86,2000,5720,0.00,1
109/04/16,2.65,2.65,2.55,2.55,3000,7750,-0.31,2
109/04/17,2.56,2.83,2.56,2.77,60000,167130,0.22,5
109/04/20,2.82,2.82,2.66,2.69,49000,134240,-0.08,6
109/04/21,--,--,--,--,0,0,0.00,0
109/04/22,--,--,--,--,0,0,0.00,0
109/04/23,--,--,--,--,0,0,0.00,0
109/04/24,2.01,2.01,1.99,1.99,28000,56080,0.00,2
109/04/27,2.08,2.08,2.08,2.08,18000,37440,0.09,1
109/04/28,--,--,--,--,0,0,0.00,0
109/04/29,2.24,2.45,2.24,2.45,59000,139070,0.00,5
109/04/30,2.45,2.75,2.45,2.75,134000,342290,0.30,10
109/05/04,2.16,2.16,2.00,2.00,83000,171340,-0.75,6
109/05/05,2.18,2.18,2.15,2.16,35000,75680,0.16,4
109/05/06,1.84,2.22,1.84,2.22,116000,243180,0.06,5
109/05/07,2.44,2.44,2.35,2.35,89000,211400,0.13,5
109/05/08,2.62,3.00,2.62,2.94,46000,125380,0.59,5
109/05/11,2.65,2.67,2.62,2.62,66000,174600,-0.32,4
109/05/12,2.27,2.27,2.27,2.27,30000,68100,-0.35,1
109/05/13,--,--,--,--,0,0,0.00,0
109/05/14,--,--,--,--,0,0,0.00,0
109/05/15,2.01,2.01,1.78,1.78,59000,116290,0.00,2
109/05/14,--,--,--,--,0,0,0.00,0
109/05/13,--,--,--,--,0,0,0.00,0
109/05/12,2.27,2.27,2.27,2.27,30000,68100,-0.35,1
109/05/11,2.65,2.67,2.62,2.62,66000,174600,-0.32,4
109/05/08,2.62,3.00,2.62,2.94,46000,125380,0.59,5
109/05/07,2.44,2.44,2.35,2.35,89000,211400,0.13,5
109/05/06,1.84,2.22,1.84,2.22,116000,243180,0.06,5
109/05/05,2.18,2.18,2.15,2.16,35000,75680,0.16,4
109/05/04,2.16,2.16,2.00,2.00,83000,171340,-0.75,6
109/04/30,2.45,2.75,2.45,2.75,134000,342290,0.30,10
109/04/29,2.24,2.45,2.24,2.45,59000,139070,0.00,5
109/04/28,--,--,--,--,0,0,0.00,0
109/04/27,2.08,2.08,2.08,2.08,18000,37440,0.09,1
