108/11/27,3.40,3.47,3.40,3.44,111000,381290,0.15,11
108/11/28,3.49,3.52,3.38,3.38,104000,363190,-0.06,27
108/11/29,3.29,3.29,2.93,2.93,11000,33870,-0.45,8
108/12/02,2.57,2.63,2.57,2.63,5000,12910,-0.30,2
108/12/03,2.70,2.70,2.58,2.64,4000,10530,0.01,4
108/12/04,2.47,2.47,2.47,2.47,1000,2470,-0.17,1
108/12/05,2.60,2.63,2.37,2.40,9000,21940,-0.07,5
108/12/06,2.49,2.61,2.49,2.61,11000,27870,0.21,6
108/12/09,2.71,2.89,2.71,2.84,21000,58380,0.23,4
108/12/10,2.73,2.92,2.73,2.89,23000,63530,0.05,6
108/12/11,2.83,2.93,2.83,2.93,16000,46380,0.04,6
108/12/12,2.97,2.97,2.85,2.85,12000,35400,-0.08,2
108/12/13,2.97,3.11,2.97,3.11,31000,94500,0.26,5
108/12/16,2.97,3.20,2.90,3.20,94000,290290,0.09,16
108/12/17,3.25,4.02,3.25,3.94,185000,665300,0.74,37
108/12/18,4.11,4.11,1.55,3.77,95000,367240,-0.17,23
108/12/19,3.63,3.63,3.21,3.24,43000,141290,-0.53,9
108/12/20,3.25,3.25,3.01,3.25,42000,133180,0.01,10
108/12/23,3.09,3.16,3.06,3.09,10000,31000,-0.16,7
108/12/24,3.14,3.14,2.84,2.84,56000,161440,-0.25,3
108/12/25,2.98,3.02,2.82,2.82,49000,146260,-0.02,4
108/12/26,2.83,2.83,2.83,2.83,2000,5660,0.01,1
108/12/27,2.91,3.11,2.91,3.11,70000,212840,0.28,7
108/12/30,2.99,2.99,2.80,2.80,69000,202460,-0.31,7
108/12/31,2.89,2.89,2.89,2.89,3000,8670,0.09,1
109/01/02,2.87,3.69,2.87,3.69,303000,971150,0.80,24
109/01/03,3.97,3.97,3.23,3.86,451000,1712250,0.17,51
109/01/06,3.45,3.60,3.27,3.31,167000,568140,-0.55,24
109/01/07,3.43,3.43,2.64,2.64,103000,321430,-0.67,9
109/01/08,2.44,2.91,2.44,2.75,165000,446760,0.11,12
109/01/09,2.86,3.49,2.86,3.38,354000,1161360,0.63,25
109/01/10,3.29,3.51,3.11,3.43,452000,1487520,0.05,36
109/01/13,3.71,4.19,3.37,4.19,271000,1057480,0.76,40
109/01/14,4.12,4.45,4.04,4.37,362000,1546600,0.18,46
109/01/15,4.30,4.34,3.93,3.93,81000,343040,-0.44,17
109/01/16,3.91,3.95,3.48,3.95,37000,139090,0.02,5
109/01/17,4.55,5.50,4.55,4.90,101000,505260,0.95,17
109/01/20,4.74,4.87,4.31,4.31,117000,544710,-0.59,22
109/01/30,3.50,3.50,3.03,3.03,7000,22150,-1.28,2
109/01/31,3.14,3.36,3.03,3.36,38000,118580,0.33,5
109/02/03,2.77,2.77,2.64,2.67,57000,152760,-0.69,7
109/02/04,2.99,3.20,2.99,3.13,40000,123800,0.46,4
109/02/05,--,--,--,--,0,0,0.00,0
109/02/06,3.53,3.98,3.53,3.68,125000,455440,0.00,22
109/02/07,3.50,3.50,3.20,3.34,134000,449150,-0.34,30
109/02/10,2.71,3.09,2.71,2.85,189000,548600,-0.49,11
109/02/11,2.96,3.18,2.89,3.10,145000,435740,0.25,12
109/02/12,3.15,3.61,3.15,3.34,183000,613760,0.24,28
109/02/13,3.43,3.43,3.35,3.35,90000,304780,0.01,13
109/02/14,3.52,3.76,3.52,3.68,55000,202510,0.33,7
109/02/17,3.33,3.65,3.33,3.65,51000,174230,-0.03,8
109/02/18,3.19,3.19,3.15,3.15,10000,31740,-0.50,2
109/02/19,3.23,3.35,3.23,3.35,34000,113020,0.20,3
109/02/20,3.48,3.48,3.48,3.48,10000,34800,0.13,1
109/02/21,2.67,2.67,2.67,2.67,3000,8010,-0.81,1
109/02/24,2.22,2.25,2.22,2.25,10000,22380,-0.42,2
109/02/25,2.31,2.31,2.25,2.25,4000,9060,0.00,2
109/02/26,1.70,1.89,1.70,1.89,55000,98680,-0.36,5
109/02/27,1.81,1.81,1.62,1.62,57000,98300,-0.27,7
109/03/02,0.94,1.33,0.90,1.33,57000,58670,-0.29,4
109/03/03,1.40,1.57,1.40,1.47,83000,125650,0.14,12
109/03/04,1.33,1.35,1.33,1.35,29000,38790,-0.12,3
109/03/05,1.87,1.87,1.84,1.84,63000,117120,0.49,4
109/03/06,1.84,1.84,1.79,1.79,61000,109240,-0.05,2
109/03/09,1.49,1.49,1.49,1.49,4000,5960,-0.30,1
109/03/10,1.44,1.44,1.44,1.44,4000,5760,-0.05,1
109/03/11,1.34,1.37,1.32,1.32,16000,21590,-0.12,4
109/03/12,0.95,0.95,0.57,0.57,71000,53310,-0.75,5
109/03/13,0.22,0.43,0.22,0.43,84000,24230,-0.14,11
109/03/16,0.30,0.34,0.21,0.21,69000,20450,-0.22,6
109/03/17,0.10,0.10,0.10,0.10,10000,1000,-0.11,1
109/03/18,--,--,--,--,0,0,0.00,0
109/03/19,--,--,--,--,0,0,0.00,0
109/03/20,--,--,--,--,0,0,0.00,0
109/03/23,--,--,--,--,0,0,0.00,0
109/03/24,--,--,--,--,0,0,0.00,0
109/03/25,--,--,--,--,0,0,0.00,0
109/03/26,--,--,--,--,0,0,0.00,0
109/03/27,1.32,1.32,1.32,1.32,7000,9240,0.00,1
109/03/30,0.95,1.04,0.95,1.04,57000,54780,-0.28,3
109/03/31,1.15,1.68,1.09,1.68,203000,285260,0.64,23
109/04/01,1.68,1.68,1.50,1.63,143000,230060,-0.05,10
109/04/06,--,--,--,--,0,0,0.00,0
109/04/07,2.03,2.03,2.03,2.03,5000,10150,0.00,1
109/04/08,1.87,1.90,1.70,1.70,56000,104080,-0.33,4
109/04/09,1.72,1.82,1.60,1.82,132000,231410,0.12,8
109/04/10,1.81,1.81,1.71,1.76,82000,143150,-0.06,7
109/04/13,1.59,1.59,1.52,1.52,18000,28480,-0.24,2
109/04/14,1.58,1.93,1.58,1.93,221000,394530,0.41,8
109/04/15,1.82,1.92,1.79,1.85,156000,286090,-0.08,11
109/04/16,1.84,1.87,1.84,1.86,112000,206920,0.01,5
109/04/17,1.91,2.43,1.85,2.22,403000,860210,0.36,23
109/04/20,2.09,2.27,1.95,2.27,268000,558780,0.05,19
109/04/21,1.91,2.17,1.91,2.14,43000,91130,-0.13,4
109/04/22,1.92,2.37,1.92,2.37,125000,264750,0.23,8
109/04/23,2.30,2.30,1.99,2.05,120000,256980,-0.32,9
109/04/24,--,--,--,--,0,0,0.00,0
109/04/27,1.99,2.30,1.99,2.30,122000,262240,0.00,3
109/04/28,2.03,2.03,1.88,1.88,122000,236380,-0.42,5
109/04/29,2.26,2.30,2.26,2.30,34000,77710,0.42,4
109/04/30,2.61,3.02,2.61,3.02,57000,157130,0.72,5
109/05/04,1.95,2.21,1.95,2.21,29000,61780,-0.81,4
109/05/05,1.98,1.98,1.98,1.98,50000,99000,-0.23,1
109/05/06,1.86,1.86,1.68,1.68,50000,86100,-0.30,3
109/05/07,2.04,2.11,2.04,2.11,63000,129430,0.43,2
109/05/08,2.14,2.14,2.07,2.07,63000,133910,-0.04,2
109/05/11,--,--,--,--,0,0,0.00,0
109/05/12,--,--,--,--,0,0,0.00,0
109/05/13,--,--,--,--,0,0,0.00,0
109/05/14,--,--,--,--,0,0,0.00,0
109/05/15,--,--,--,--,0,0,0.00,0
109/05/14,--,--,--,--,0,0,0.00,0
109/05/13,--,--,--,--,0,0,0.00,0
109/05/12,--,--,--,--,0,0,0.00,0
109/05/11,--,--,--,--,0,0,0.00,0
109/05/08,2.14,2.14,2.07,2.07,63000,133910,-0.04,2
109/05/07,2.04,2.11,2.04,2.11,63000,129430,0.43,2
109/05/06,1.86,1.86,1.68,1.68,50000,86100,-0.30,3
109/05/05,1.98,1.98,1.98,1.98,50000,99000,-0.23,1
109/05/04,1.95,2.21,1.95,2.21,29000,61780,-0.81,4
109/04/30,2.61,3.02,2.61,3.02,57000,157130,0.72,5
109/04/29,2.26,2.30,2.26,2.30,34000,77710,0.42,4
109/04/28,2.03,2.03,1.88,1.88,122000,236380,-0.42,5
109/04/27,1.99,2.30,1.99,2.30,122000,262240,0.00,3
