108/11/28,--,--,--,--,0,0,0.00,0
108/11/29,--,--,--,--,0,0,0.00,0
108/12/02,--,--,--,--,0,0,0.00,0
108/12/03,0.84,0.87,0.84,0.87,33000,27990,0.00,3
108/12/04,0.85,0.88,0.85,0.88,75000,64970,0.01,12
108/12/05,0.89,0.99,0.89,0.90,329000,300320,0.02,28
108/12/06,0.87,0.87,0.85,0.87,302000,262000,-0.03,17
108/12/09,0.95,0.96,0.93,0.93,20000,18960,0.06,8
108/12/10,0.84,0.86,0.82,0.85,57000,47780,-0.08,11
108/12/11,0.85,0.85,0.84,0.84,15000,12700,-0.01,2
108/12/12,--,--,--,--,0,0,0.00,0
108/12/13,0.84,0.85,0.84,0.85,114000,96800,0.00,8
108/12/16,0.85,0.91,0.83,0.89,132000,112680,0.04,11
108/12/17,0.89,0.90,0.88,0.90,57000,50370,0.01,10
108/12/18,0.94,0.94,0.87,0.88,34000,30450,-0.02,7
108/12/19,0.89,0.90,0.85,0.85,43000,38090,-0.03,10
108/12/20,0.85,0.87,0.85,0.85,16000,13760,0.00,3
108/12/23,0.86,0.86,0.86,0.86,7000,6020,0.01,1
108/12/24,0.89,0.89,0.89,0.89,10000,8900,0.03,1
108/12/25,1.01,1.10,1.00,1.07,496000,520010,0.18,57
108/12/26,1.15,1.20,1.09,1.20,439000,495080,0.13,27
108/12/27,1.24,1.24,1.19,1.21,106000,130830,0.01,5
108/12/30,1.23,1.27,1.22,1.22,57000,70890,0.01,6
108/12/31,1.25,1.27,1.24,1.26,309000,389340,0.04,9
109/01/02,1.21,1.26,1.21,1.26,248000,312130,0.00,3
109/01/03,1.30,1.30,1.09,1.10,67000,80900,-0.16,7
109/01/06,0.98,1.04,0.98,1.04,9000,9120,-0.06,2
109/01/07,0.99,0.99,0.97,0.97,22000,21590,-0.07,4
109/01/08,0.92,0.92,0.86,0.86,80000,71050,-0.11,4
109/01/09,0.95,1.06,0.95,0.97,429000,431290,0.11,11
109/01/10,0.93,0.93,0.91,0.93,385000,357930,-0.04,8
109/01/13,0.97,1.05,0.97,1.05,41000,42100,0.12,5
109/01/14,1.06,1.13,1.05,1.13,690000,777880,0.08,24
109/01/15,1.11,1.13,1.04,1.04,543000,604090,-0.09,24
109/01/16,1.03,1.06,1.03,1.06,279000,290460,0.02,7
109/01/17,1.05,1.07,0.99,1.07,364000,384820,0.01,13
109/01/20,1.07,1.11,1.04,1.11,338000,365930,0.04,11
109/01/30,0.68,0.68,0.65,0.65,35000,23250,-0.46,4
109/01/31,0.53,0.53,0.46,0.52,90000,44400,-0.13,6
109/02/03,0.30,0.30,0.29,0.29,25000,7400,-0.23,2
109/02/04,0.45,0.53,0.45,0.53,141000,68560,0.24,11
109/02/05,0.52,0.52,0.45,0.51,141000,68250,-0.02,27
109/02/06,0.59,0.59,0.58,0.58,50000,29300,0.07,2
109/02/07,0.50,0.50,0.50,0.50,20000,10000,-0.08,2
109/02/10,0.39,0.55,0.39,0.49,103000,49950,-0.01,17
109/02/11,0.52,0.54,0.51,0.52,162000,84470,0.03,17
109/02/12,0.56,0.75,0.56,0.70,307000,199320,0.18,11
109/02/13,0.75,0.78,0.71,0.71,65000,47300,0.01,15
109/02/14,0.76,0.76,0.76,0.76,1000,760,0.05,1
109/02/17,0.69,0.78,0.69,0.73,77000,56370,-0.03,12
109/02/18,0.75,0.75,0.72,0.72,71000,52580,-0.01,11
109/02/19,0.69,0.72,0.67,0.69,112000,77720,-0.03,9
109/02/20,0.71,0.76,0.71,0.71,114000,82490,0.02,7
109/02/21,0.67,0.69,0.65,0.65,65000,43410,-0.06,10
109/02/24,0.65,0.65,0.65,0.65,41000,26650,0.00,5
109/02/25,0.62,0.66,0.62,0.66,38000,23680,0.01,4
109/02/26,0.63,0.67,0.63,0.67,101000,64830,0.01,2
109/02/27,0.60,0.60,0.46,0.46,120000,60860,-0.21,3
109/03/02,0.43,0.43,0.43,0.43,10000,4300,-0.03,1
109/03/03,0.51,0.58,0.51,0.58,191000,106690,0.15,25
109/03/04,0.49,0.51,0.47,0.47,181000,87610,-0.11,23
109/03/05,0.51,0.54,0.51,0.51,11000,5640,0.04,4
109/03/06,0.51,0.53,0.51,0.52,7000,3620,0.01,7
109/03/09,0.45,0.45,0.41,0.41,101000,45410,-0.11,2
109/03/10,0.44,0.48,0.44,0.48,40000,18380,0.07,6
109/03/11,0.54,0.54,0.52,0.52,50000,26500,0.04,10
109/03/12,0.42,0.42,0.30,0.30,50000,16200,-0.22,2
109/03/13,0.17,0.18,0.17,0.18,20000,3500,-0.12,2
109/03/16,0.17,0.17,0.17,0.17,10000,1700,-0.01,2
109/03/17,0.24,0.24,0.24,0.24,10000,2400,0.07,1
109/03/18,0.31,0.32,0.29,0.32,76000,22340,0.08,4
109/03/19,0.21,0.21,0.19,0.21,86000,17390,-0.11,32
109/03/20,--,--,--,--,0,0,0.00,0
109/03/23,--,--,--,--,0,0,0.00,0
109/03/24,--,--,--,--,0,0,0.00,0
109/03/25,0.27,0.27,0.27,0.27,10000,2700,0.00,1
109/03/26,--,--,--,--,0,0,0.00,0
109/03/27,--,--,--,--,0,0,0.00,0
109/03/30,--,--,--,--,0,0,0.00,0
109/03/31,--,--,--,--,0,0,0.00,0
109/04/01,--,--,--,--,0,0,0.00,0
109/04/06,0.31,0.35,0.29,0.35,300000,97200,0.00,17
109/04/07,0.41,0.41,0.39,0.40,300000,120100,0.05,26
109/04/08,--,--,--,--,0,0,0.00,0
109/04/09,--,--,--,--,0,0,0.00,0
109/04/10,--,--,--,--,0,0,0.00,0
109/04/13,--,--,--,--,0,0,0.00,0
109/04/14,--,--,--,--,0,0,0.00,0
109/04/15,--,--,--,--,0,0,0.00,0
109/04/16,--,--,--,--,0,0,0.00,0
109/04/17,--,--,--,--,0,0,0.00,0
109/04/20,--,--,--,--,0,0,0.00,0
109/04/21,--,--,--,--,0,0,0.00,0
109/04/22,--,--,--,--,0,0,0.00,0
109/04/23,--,--,--,--,0,0,0.00,0
109/04/24,--,--,--,--,0,0,0.00,0
109/04/27,--,--,--,--,0,0,0.00,0
109/04/28,--,--,--,--,0,0,0.00,0
109/04/29,--,--,--,--,0,0,0.00,0
109/04/30,0.36,0.46,0.36,0.46,20000,8200,0.00,3
109/05/04,0.43,0.51,0.43,0.51,30000,13800,0.05,9
109/05/05,0.56,0.56,0.56,0.56,58000,32480,0.05,6
109/05/06,0.51,0.51,0.49,0.49,73000,36730,-0.07,4
109/05/07,0.54,0.59,0.54,0.59,35000,19800,0.10,3
109/05/08,0.65,0.65,0.65,0.65,10000,6500,0.06,1
109/05/11,--,--,--,--,0,0,0.00,0
109/05/12,--,--,--,--,0,0,0.00,0
109/05/13,--,--,--,--,0,0,0.00,0
109/05/14,--,--,--,--,0,0,0.00,0
109/05/15,0.63,0.63,0.63,0.63,7000,4410,0.00,1
109/05/14,--,--,--,--,0,0,0.00,0
109/05/13,--,--,--,--,0,0,0.00,0
109/05/12,--,--,--,--,0,0,0.00,0
109/05/11,--,--,--,--,0,0,0.00,0
109/05/08,0.65,0.65,0.65,0.65,10000,6500,0.06,1
109/05/07,0.54,0.59,0.54,0.59,35000,19800,0.10,3
109/05/06,0.51,0.51,0.49,0.49,73000,36730,-0.07,4
109/05/05,0.56,0.56,0.56,0.56,58000,32480,0.05,6
109/05/04,0.43,0.51,0.43,0.51,30000,13800,0.05,9
109/04/30,0.36,0.46,0.36,0.46,20000,8200,0.00,3
109/04/29,--,--,--,--,0,0,0.00,0
109/04/28,--,--,--,--,0,0,0.00,0
109/04/27,--,--,--,--,0,0,0.00,0
