108/11/29,--,--,--,--,0,0,0.00,0
108/12/02,--,--,--,--,0,0,0.00,0
108/12/03,--,--,--,--,0,0,0.00,0
108/12/04,--,--,--,--,0,0,0.00,0
108/12/05,--,--,--,--,0,0,0.00,0
108/12/06,--,--,--,--,0,0,0.00,0
108/12/09,1.92,1.92,1.92,1.92,2000,3840,0.00,1
108/12/10,--,--,--,--,0,0,0.00,0
108/12/11,--,--,--,--,0,0,0.00,0
108/12/12,1.93,1.93,1.93,1.93,10000,19300,0.00,1
108/12/13,1.93,1.93,1.93,1.93,10000,19300,0.00,1
108/12/16,1.97,1.97,1.97,1.97,10000,19700,0.04,1
108/12/17,2.04,2.04,2.03,2.04,44000,89740,0.07,4
108/12/18,2.03,2.03,2.03,2.03,2000,4060,-0.01,1
108/12/19,--,--,--,--,0,0,0.00,0
108/12/20,--,--,--,--,0,0,0.00,0
108/12/23,--,--,--,--,0,0,0.00,0
108/12/24,1.98,1.98,1.98,1.98,30000,59400,0.00,1
108/12/25,--,--,--,--,0,0,0.00,0
108/12/26,--,--,--,--,0,0,0.00,0
108/12/27,2.07,2.18,2.07,2.18,169000,351920,0.00,2
108/12/30,2.01,2.01,1.92,1.92,169000,326190,-0.26,2
108/12/31,1.92,1.96,1.92,1.96,15000,29200,0.04,2
109/01/02,1.96,1.96,1.96,1.96,15000,29400,0.00,1
109/01/03,--,--,--,--,0,0,0.00,0
109/01/06,--,--,--,--,0,0,0.00,0
109/01/07,--,--,--,--,0,0,0.00,0
109/01/08,--,--,--,--,0,0,0.00,0
109/01/09,1.92,1.92,1.91,1.91,20000,38300,0.00,2
109/01/10,1.85,1.85,1.85,1.85,20000,37000,-0.06,2
109/01/13,--,--,--,--,0,0,0.00,0
109/01/14,1.97,2.03,1.97,2.03,40000,80000,0.00,2
109/01/15,2.27,2.41,2.13,2.41,199000,449580,0.38,19
109/01/16,2.41,2.43,2.27,2.29,172000,398140,-0.12,18
109/01/17,2.38,2.45,2.35,2.37,52000,124640,0.08,8
109/01/20,2.45,2.45,2.32,2.36,37000,88870,-0.01,6
109/01/30,1.67,1.78,1.67,1.78,8000,13610,-0.58,3
109/01/31,1.41,1.41,1.41,1.41,4000,5640,-0.37,1
109/02/03,1.00,1.00,1.00,1.00,4000,4000,-0.41,1
109/02/04,1.08,1.08,1.08,1.08,15000,16200,0.08,1
109/02/05,1.10,1.10,1.07,1.07,24000,25800,-0.01,2
109/02/06,1.12,1.36,1.12,1.36,99000,125220,0.29,12
109/02/07,1.37,1.43,1.37,1.37,72000,99030,0.01,9
109/02/10,1.13,1.21,1.13,1.21,10000,11380,-0.16,2
109/02/11,1.26,1.27,1.26,1.27,60000,76140,0.06,4
109/02/12,1.52,1.53,1.45,1.53,60000,88640,0.26,7
109/02/13,1.47,1.47,1.39,1.39,10000,14460,-0.14,3
109/02/14,1.33,1.40,1.33,1.40,20000,27090,0.01,3
109/02/17,1.39,1.43,1.39,1.43,20000,28200,0.03,2
109/02/18,1.35,1.35,1.35,1.35,10000,13500,-0.08,1
109/02/19,1.48,1.48,1.40,1.40,33000,47650,0.05,6
109/02/20,1.39,1.39,1.39,1.39,10000,13900,-0.01,1
109/02/21,1.39,1.40,1.37,1.40,82000,113550,0.01,4
109/02/24,--,--,--,--,0,0,0.00,0
109/02/25,--,--,--,--,0,0,0.00,0
109/02/26,1.17,1.17,1.17,1.17,45000,52650,0.00,1
109/02/27,1.11,1.11,1.11,1.11,1000,1110,-0.06,1
109/03/02,0.88,0.92,0.88,0.92,144000,129620,-0.19,3
109/03/03,1.08,1.20,1.08,1.18,181000,198840,0.26,8
109/03/04,1.08,1.11,1.07,1.11,104000,114510,-0.07,10
109/03/05,1.12,1.23,1.12,1.19,122000,144200,0.08,8
109/03/06,1.06,1.22,1.06,1.19,103000,122190,0.00,6
109/03/09,1.08,1.17,1.05,1.05,68000,75060,-0.14,10
109/03/10,1.02,1.05,1.01,1.02,767000,781480,-0.03,10
109/03/11,1.03,1.03,0.97,0.97,173000,174440,-0.05,6
109/03/12,0.70,0.70,0.62,0.62,616000,429920,-0.35,4
109/03/13,--,--,--,--,0,0,0.00,0
109/03/16,--,--,--,--,0,0,0.00,0
109/03/17,--,--,--,--,0,0,0.00,0
109/03/18,--,--,--,--,0,0,0.00,0
109/03/19,0.26,0.26,0.26,0.26,36000,9360,0.00,1
109/03/20,--,--,--,--,0,0,0.00,0
109/03/23,--,--,--,--,0,0,0.00,0
109/03/24,--,--,--,--,0,0,0.00,0
109/03/25,0.86,0.87,0.86,0.87,60000,51900,0.00,2
109/03/26,0.81,0.82,0.79,0.80,60000,48510,-0.07,8
109/03/27,1.13,1.13,1.12,1.12,10000,11280,0.32,2
109/03/30,1.00,1.10,1.00,1.10,60000,65000,-0.02,2
109/03/31,1.15,1.15,1.15,1.15,50000,57500,0.05,1
109/04/01,1.12,1.12,1.12,1.12,38000,42560,-0.03,1
109/04/06,1.22,1.25,1.22,1.25,154000,189360,0.13,4
109/04/07,1.53,1.53,1.41,1.46,416000,603480,0.21,4
109/04/08,1.49,1.56,1.49,1.54,388000,583580,0.08,4
109/04/09,1.42,1.42,1.37,1.42,134000,189400,-0.12,4
109/04/10,1.37,1.38,1.37,1.38,76000,104500,-0.04,2
109/04/13,--,--,--,--,0,0,0.00,0
109/04/14,1.50,1.50,1.49,1.49,78000,116620,0.00,2
109/04/15,1.53,1.65,1.53,1.63,161000,255910,0.14,5
109/04/16,1.58,1.77,1.58,1.76,182000,307180,0.13,6
109/04/17,1.75,1.81,1.73,1.78,119000,209580,0.02,7
109/04/20,1.66,1.66,1.66,1.66,20000,33200,-0.12,1
109/04/21,1.70,1.72,1.70,1.72,7000,12020,0.06,2
109/04/22,1.42,1.59,1.41,1.58,11000,16190,-0.14,7
109/04/23,1.78,2.13,1.77,2.13,79000,150940,0.55,10
109/04/24,1.82,1.82,1.72,1.72,105000,186040,-0.41,5
109/04/27,--,--,--,--,0,0,0.00,0
109/04/28,--,--,--,--,0,0,0.00,0
109/04/29,--,--,--,--,0,0,0.00,0
109/04/30,1.59,1.77,1.59,1.77,151000,252370,0.00,6
109/05/04,1.49,1.72,1.49,1.72,160000,242360,-0.05,5
109/05/05,1.92,1.92,1.92,1.92,9000,17280,0.20,1
109/05/06,--,--,--,--,0,0,0.00,0
109/05/07,1.70,1.70,1.70,1.70,9000,15300,0.00,1
109/05/08,1.96,1.96,1.96,1.96,21000,41160,0.26,2
109/05/11,1.83,1.83,1.83,1.83,12000,21960,-0.13,1
109/05/12,--,--,--,--,0,0,0.00,0
109/05/13,--,--,--,--,0,0,0.00,0
109/05/14,--,--,--,--,0,0,0.00,0
109/05/15,--,--,--,--,0,0,0.00,0
109/05/14,--,--,--,--,0,0,0.00,0
109/05/13,--,--,--,--,0,0,0.00,0
109/05/12,--,--,--,--,0,0,0.00,0
109/05/11,1.83,1.83,1.83,1.83,12000,21960,-0.13,1
109/05/08,1.96,1.96,1.96,1.96,21000,41160,0.26,2
109/05/07,1.70,1.70,1.70,1.70,9000,15300,0.00,1
109/05/06,--,--,--,--,0,0,0.00,0
109/05/05,1.92,1.92,1.92,1.92,9000,17280,0.20,1
109/05/04,1.49,1.72,1.49,1.72,160000,242360,-0.05,5
109/04/30,1.59,1.77,1.59,1.77,151000,252370,0.00,6
109/04/29,--,--,--,--,0,0,0.00,0
109/04/28,--,--,--,--,0,0,0.00,0
109/04/27,--,--,--,--,0,0,0.00,0
