108/12/05,--,--,--,--,0,0,0.00,0
108/12/06,1.85,1.85,1.85,1.85,5000,9250,0.00,1
108/12/09,2.11,2.11,2.11,2.11,5000,10550,0.26,1
108/12/10,1.86,1.87,1.86,1.87,86000,160390,-0.24,2
108/12/11,1.80,1.96,1.77,1.96,119000,219880,0.09,12
108/12/12,1.96,1.96,1.92,1.95,33000,64190,-0.01,6
108/12/13,--,--,--,--,0,0,0.00,0
108/12/16,1.98,1.98,1.98,1.98,10000,19800,0.00,1
108/12/17,1.99,1.99,1.99,1.99,10000,19900,0.01,1
108/12/18,1.88,1.98,1.88,1.98,37000,70060,-0.01,2
108/12/19,1.96,1.96,1.93,1.94,37000,71980,-0.04,5
108/12/20,2.42,2.52,2.21,2.21,70000,167600,0.27,6
108/12/23,2.03,2.13,2.00,2.13,97000,198320,-0.08,22
108/12/24,2.12,2.29,2.12,2.28,105000,234200,0.15,4
108/12/25,2.34,2.37,2.34,2.36,61000,143770,0.08,5
108/12/26,2.60,2.71,2.40,2.40,100000,258470,0.04,19
108/12/27,2.47,2.63,2.47,2.63,63000,160320,0.23,9
108/12/30,2.87,3.31,2.80,3.28,48000,149940,0.65,19
108/12/31,3.17,3.53,3.17,3.37,79000,268510,0.09,20
109/01/02,3.50,3.50,3.29,3.40,16000,54190,0.03,7
109/01/03,3.84,4.72,3.79,4.44,250000,1047610,1.04,59
109/01/06,4.24,4.55,4.11,4.16,261000,1130260,-0.28,57
109/01/07,3.05,3.17,2.20,2.20,175000,494640,-1.96,30
109/01/08,1.98,2.26,1.81,1.96,80000,158070,-0.24,12
109/01/09,2.18,2.19,2.02,2.02,19000,41090,0.06,5
109/01/10,2.12,2.17,1.98,1.98,66000,135530,-0.04,8
109/01/13,1.91,1.95,1.85,1.85,16000,30050,-0.13,4
109/01/14,2.17,2.60,2.17,2.46,177000,419050,0.61,22
109/01/15,2.78,2.91,2.70,2.72,91000,255970,0.26,23
109/01/16,2.88,2.88,2.65,2.67,164000,445000,-0.05,15
109/01/17,2.68,2.68,2.50,2.50,8000,20720,-0.17,2
109/01/20,2.56,2.56,2.51,2.53,44000,111240,0.03,4
109/01/30,1.69,1.69,1.48,1.48,23000,37420,-1.05,5
109/01/31,1.68,1.68,1.65,1.66,52000,86260,0.18,4
109/02/03,1.30,1.76,1.30,1.76,72000,116390,0.10,10
109/02/04,2.02,2.57,1.99,2.50,95000,201910,0.74,11
109/02/05,2.60,2.62,2.27,2.27,67000,160270,-0.23,9
109/02/06,2.52,2.63,2.43,2.43,17000,41990,0.16,4
109/02/07,2.47,2.48,2.32,2.32,75000,182330,-0.11,7
109/02/10,2.36,2.39,2.36,2.36,15000,35460,0.04,4
109/02/11,2.69,3.00,2.69,2.96,67000,193770,0.60,8
109/02/12,3.17,3.25,3.05,3.25,161000,509370,0.29,11
109/02/13,3.11,3.11,2.98,2.98,11000,34080,-0.27,2
109/02/14,3.31,3.52,3.31,3.52,160000,553520,0.54,22
109/02/17,3.51,3.53,3.29,3.38,30000,101250,-0.14,12
109/02/18,3.84,4.03,3.30,3.30,128000,471850,-0.08,33
109/02/19,3.33,3.52,2.95,3.52,149000,487090,0.22,15
109/02/20,3.71,3.79,3.55,3.55,94000,341370,0.03,16
109/02/21,3.66,4.00,3.60,3.95,179000,687680,0.40,45
109/02/24,3.68,4.31,3.64,4.31,213000,824370,0.36,35
109/02/25,4.09,4.84,4.09,4.53,133000,615020,0.22,22
109/02/26,4.12,4.25,2.78,2.80,557000,1841280,-1.73,50
109/02/27,2.85,2.85,2.10,2.10,83000,212500,-0.70,16
109/03/02,2.04,2.29,1.93,2.05,51000,103880,-0.05,12
109/03/03,2.51,2.51,2.03,2.03,26000,58810,-0.02,9
109/03/04,2.01,2.01,1.61,1.62,350000,597630,-0.41,18
109/03/05,1.77,1.77,1.64,1.70,212000,360030,0.08,9
109/03/06,1.65,1.71,1.65,1.69,130000,219820,-0.01,5
109/03/09,1.48,1.52,1.15,1.20,112000,162590,-0.49,14
109/03/10,1.09,1.09,1.09,1.09,10000,10900,-0.11,1
109/03/11,1.44,1.44,1.06,1.06,8000,10760,-0.03,2
109/03/12,1.04,1.04,0.63,0.63,135000,120740,-0.43,18
109/03/13,0.21,0.22,0.21,0.22,105000,22400,-0.41,3
109/03/16,0.31,0.31,0.31,0.31,55000,17050,0.09,6
109/03/17,--,--,--,--,0,0,0.00,0
109/03/18,0.14,0.14,0.14,0.14,120000,16800,0.00,12
109/03/19,--,--,--,--,0,0,0.00,0
109/03/20,--,--,--,--,0,0,0.00,0
109/03/23,--,--,--,--,0,0,0.00,0
109/03/24,--,--,--,--,0,0,0.00,0
109/03/25,--,--,--,--,0,0,0.00,0
109/03/26,--,--,--,--,0,0,0.00,0
109/03/27,--,--,--,--,0,0,0.00,0
109/03/30,--,--,--,--,0,0,0.00,0
109/03/31,--,--,--,--,0,0,0.00,0
109/04/01,--,--,--,--,0,0,0.00,0
109/04/06,--,--,--,--,0,0,0.00,0
109/04/07,--,--,--,--,0,0,0.00,0
109/04/08,--,--,--,--,0,0,0.00,0
109/04/09,0.81,0.81,0.81,0.81,2000,1620,0.00,1
109/04/10,--,--,--,--,0,0,0.00,0
109/04/13,0.58,0.58,0.58,0.58,7000,4060,0.00,2
109/04/14,--,--,--,--,0,0,0.00,0
109/04/15,0.68,0.86,0.68,0.86,9000,6840,0.00,3
109/04/16,0.85,0.85,0.84,0.84,22000,18580,-0.02,3
109/04/17,0.87,0.87,0.87,0.87,10000,8700,0.03,1
109/04/20,--,--,--,--,0,0,0.00,0
109/04/21,--,--,--,--,0,0,0.00,0
109/04/22,--,--,--,--,0,0,0.00,0
109/04/23,--,--,--,--,0,0,0.00,0
109/04/24,--,--,--,--,0,0,0.00,0
109/04/27,0.31,0.51,0.31,0.51,35000,13650,0.00,3
109/04/28,0.56,0.83,0.54,0.83,333000,241420,0.32,26
109/04/29,0.82,0.93,0.80,0.93,27000,23920,0.10,6
109/04/30,1.08,1.08,1.07,1.07,12000,12860,0.14,2
109/05/04,1.22,1.22,1.21,1.21,21000,25570,0.14,4
109/05/05,1.07,2.37,1.07,2.37,9000,16150,1.16,6
109/05/06,3.99,3.99,3.86,3.86,7000,27320,1.49,3
109/05/07,4.28,4.28,2.35,2.35,3000,8980,-1.51,2
109/05/08,--,--,--,--,0,0,0.00,0
109/05/11,2.84,2.84,0.64,0.66,146000,111140,0.00,7
109/05/12,0.70,0.82,0.53,0.53,60000,38000,-0.13,4
109/05/13,0.58,0.58,0.45,0.45,61000,30450,-0.08,4
109/05/14,0.42,0.43,0.42,0.43,19000,8080,-0.02,2
109/05/15,0.36,0.36,0.21,0.21,35000,8100,-0.22,2
109/05/14,0.42,0.43,0.42,0.43,19000,8080,-0.02,2
109/05/13,0.58,0.58,0.45,0.45,61000,30450,-0.08,4
109/05/12,0.70,0.82,0.53,0.53,60000,38000,-0.13,4
109/05/11,2.84,2.84,0.64,0.66,146000,111140,0.00,7
109/05/08,--,--,--,--,0,0,0.00,0
109/05/07,4.28,4.28,2.35,2.35,3000,8980,-1.51,2
109/05/06,3.99,3.99,3.86,3.86,7000,27320,1.49,3
109/05/05,1.07,2.37,1.07,2.37,9000,16150,1.16,6
109/05/04,1.22,1.22,1.21,1.21,21000,25570,0.14,4
109/04/30,1.08,1.08,1.07,1.07,12000,12860,0.14,2
109/04/29,0.82,0.93,0.80,0.93,27000,23920,0.10,6
109/04/28,0.56,0.83,0.54,0.83,333000,241420,0.32,26
109/04/27,0.31,0.51,0.31,0.51,35000,13650,0.00,3
