108/12/10,--,--,--,--,0,0,0.00,0
108/12/11,0.75,0.78,0.75,0.77,244000,186510,0.00,10
108/12/12,0.76,0.80,0.73,0.80,190000,143940,0.03,10
108/12/13,0.84,0.84,0.75,0.75,254000,199160,-0.05,9
108/12/16,0.76,0.76,0.73,0.76,39000,28860,0.01,3
108/12/17,0.78,0.78,0.74,0.74,35000,26750,-0.02,3
108/12/18,0.70,0.74,0.70,0.74,30000,21800,0.00,3
108/12/19,0.79,0.79,0.77,0.77,47000,36590,0.03,4
108/12/20,0.87,0.97,0.84,0.86,765000,685500,0.09,47
108/12/23,0.75,0.81,0.75,0.80,453000,360220,-0.06,29
108/12/24,0.83,0.91,0.82,0.89,936000,824170,0.09,43
108/12/25,0.93,0.96,0.90,0.95,412000,384840,0.06,43
108/12/26,0.98,1.06,0.94,0.95,572000,567160,0.00,35
108/12/27,0.95,1.03,0.95,1.03,1095000,1104240,0.08,39
108/12/30,1.85,1.85,1.09,1.28,2457000,2893270,0.25,147
108/12/31,1.21,1.42,1.21,1.31,3905000,5158910,0.03,157
109/01/02,1.40,1.40,1.26,1.30,1339000,1757230,-0.01,85
109/01/03,1.39,1.80,1.39,1.71,3743000,5994650,0.41,253
109/01/06,1.71,1.73,1.58,1.60,3203000,5291250,-0.11,185
109/01/07,1.51,1.51,1.00,1.00,2713000,3067300,-0.60,223
109/01/08,0.80,1.03,0.71,0.77,3468000,2726250,-0.23,252
109/01/09,0.85,0.89,0.78,0.81,1923000,1618240,0.04,90
109/01/10,0.82,0.89,0.78,0.79,571000,471680,-0.02,36
109/01/13,0.81,0.81,0.71,0.75,1195000,892790,-0.04,78
109/01/14,0.80,1.04,0.80,1.04,2115000,2006260,0.29,107
109/01/15,1.04,1.15,0.97,1.00,2134000,2289970,-0.04,95
109/01/16,1.08,1.13,1.04,1.06,1318000,1419200,0.06,70
109/01/17,1.10,1.11,0.99,1.00,1502000,1596130,-0.06,73
109/01/20,1.01,1.03,0.98,1.01,918000,927090,0.01,36
109/01/30,0.91,0.91,0.58,0.60,1278000,860940,-0.41,111
109/01/31,0.67,0.70,0.61,0.69,1007000,676840,0.09,53
109/02/03,0.58,0.74,0.52,0.74,2191000,1364700,0.05,92
109/02/04,0.84,1.04,0.80,1.00,2401000,2198320,0.26,111
109/02/05,1.06,1.07,0.91,0.93,2213000,2233240,-0.07,99
109/02/06,1.01,1.06,0.96,0.99,989000,1006110,0.06,50
109/02/07,0.96,1.01,0.94,0.95,885000,859830,-0.04,45
109/02/10,1.00,1.03,0.87,0.97,1041000,984480,0.02,41
109/02/11,1.11,1.24,1.11,1.22,2783000,3284080,0.25,141
109/02/12,1.26,1.30,1.23,1.30,1050000,1325810,0.08,74
109/02/13,1.30,1.37,1.20,1.21,758000,974700,-0.09,40
109/02/14,1.18,1.40,1.18,1.40,998000,1320300,0.19,49
109/02/17,1.37,1.45,1.29,1.37,490000,666780,-0.03,50
109/02/18,1.40,1.60,1.34,1.35,775000,1163720,-0.02,55
109/02/19,1.36,1.44,1.22,1.42,762000,1015190,0.07,58
109/02/20,1.47,1.50,1.42,1.42,947000,1372720,0.00,49
109/02/21,1.45,1.61,1.44,1.59,1426000,2157420,0.17,59
109/02/24,1.53,1.75,1.47,1.75,1045000,1633440,0.16,65
109/02/25,1.67,1.95,1.67,1.77,1138000,2096660,0.02,73
109/02/26,1.73,1.73,1.12,1.14,1713000,2332430,-0.63,94
109/02/27,1.18,1.18,0.81,0.85,1099000,1114030,-0.29,69
109/03/02,0.82,0.95,0.77,0.86,253000,216050,0.01,34
109/03/03,0.99,1.08,0.86,0.86,231000,223150,0.00,28
109/03/04,0.86,0.86,0.69,0.69,1048000,760440,-0.17,53
109/03/05,0.76,0.80,0.72,0.80,300000,226010,0.11,24
109/03/06,0.71,0.76,0.69,0.73,334000,241880,-0.07,24
109/03/09,0.65,0.69,0.53,0.57,804000,487810,-0.16,41
109/03/10,0.51,0.60,0.46,0.60,424000,225230,0.03,26
109/03/11,0.64,0.67,0.46,0.51,346000,206360,-0.09,23
109/03/12,0.44,0.45,0.25,0.26,822000,271820,-0.25,40
109/03/13,0.06,0.25,0.06,0.23,373000,56510,-0.03,34
109/03/16,0.17,0.17,0.11,0.11,106000,14000,-0.12,12
109/03/17,0.10,0.15,0.08,0.08,63000,6660,-0.03,9
109/03/18,0.09,0.11,0.07,0.11,180000,16100,0.03,16
109/03/19,0.08,0.08,0.07,0.07,40000,3000,-0.04,2
109/03/20,0.11,0.11,0.10,0.10,56000,5820,0.03,10
109/03/23,0.10,0.10,0.10,0.10,5000,500,0.00,1
109/03/24,0.14,0.15,0.14,0.15,25000,3700,0.05,3
109/03/25,0.17,0.17,0.17,0.17,2000,340,0.02,1
109/03/26,0.16,0.16,0.16,0.16,1000,160,-0.01,1
109/03/27,0.07,0.15,0.07,0.15,21000,1550,-0.01,2
109/03/30,0.07,0.15,0.06,0.15,36000,2280,0.00,6
109/03/31,0.04,0.10,0.04,0.04,66000,3300,-0.11,5
109/04/01,--,--,--,--,0,0,0.00,0
109/04/06,0.08,0.08,0.07,0.07,37000,2600,0.00,2
109/04/07,0.04,0.10,0.04,0.10,85000,7550,0.03,7
109/04/08,0.12,0.22,0.12,0.22,133000,24570,0.12,21
109/04/09,0.22,0.26,0.20,0.20,12000,2810,-0.02,4
109/04/10,0.23,0.23,0.23,0.23,1000,230,0.03,1
109/04/13,0.24,0.24,0.24,0.24,5000,1200,0.01,1
109/04/14,0.13,0.14,0.12,0.14,31000,4160,-0.10,6
109/04/15,0.24,0.26,0.24,0.25,102000,25280,0.11,10
109/04/16,--,--,--,--,0,0,0.00,0
109/04/17,0.15,0.20,0.11,0.20,137000,17800,0.00,6
109/04/20,0.18,0.18,0.18,0.18,1000,180,-0.02,1
109/04/21,0.12,0.12,0.12,0.12,5000,600,-0.06,1
109/04/22,0.16,0.17,0.15,0.17,45000,7200,0.05,7
109/04/23,0.20,0.21,0.20,0.21,6000,1230,0.04,3
109/04/24,--,--,--,--,0,0,0.00,0
109/04/27,0.21,0.30,0.21,0.30,121000,33440,0.00,14
109/04/28,0.35,0.45,0.35,0.45,182000,73100,0.15,16
109/04/29,0.29,0.40,0.25,0.25,79000,24160,-0.20,9
109/04/30,0.38,0.45,0.30,0.30,61000,24820,0.05,7
109/05/04,0.30,0.40,0.30,0.40,4000,1500,0.10,2
109/05/05,0.48,0.68,0.48,0.50,309000,176000,0.10,26
109/05/06,0.70,0.70,0.64,0.64,10000,6700,0.14,2
109/05/07,0.80,0.80,0.80,0.80,13000,10400,0.16,1
109/05/08,0.42,0.42,0.34,0.35,465000,176840,-0.45,9
109/05/11,0.35,0.50,0.35,0.45,100000,39370,0.10,11
109/05/12,--,--,--,--,0,0,0.00,0
109/05/13,0.38,0.38,0.38,0.38,10000,3800,0.00,1
109/05/14,--,--,--,--,0,0,0.00,0
109/05/15,0.27,0.27,0.27,0.27,5000,1350,0.00,1
109/05/14,--,--,--,--,0,0,0.00,0
109/05/13,0.38,0.38,0.38,0.38,10000,3800,0.00,1
109/05/12,--,--,--,--,0,0,0.00,0
109/05/11,0.35,0.50,0.35,0.45,100000,39370,0.10,11
109/05/08,0.42,0.42,0.34,0.35,465000,176840,-0.45,9
109/05/07,0.80,0.80,0.80,0.80,13000,10400,0.16,1
109/05/06,0.70,0.70,0.64,0.64,10000,6700,0.14,2
109/05/05,0.48,0.68,0.48,0.50,309000,176000,0.10,26
109/05/04,0.30,0.40,0.30,0.40,4000,1500,0.10,2
109/04/30,0.38,0.45,0.30,0.30,61000,24820,0.05,7
109/04/29,0.29,0.40,0.25,0.25,79000,24160,-0.20,9
109/04/28,0.35,0.45,0.35,0.45,182000,73100,0.15,16
109/04/27,0.21,0.30,0.21,0.30,121000,33440,0.00,14
