108/12/12,--,--,--,--,0,0,0.00,0
108/12/13,--,--,--,--,0,0,0.00,0
108/12/16,2.99,2.99,2.99,2.99,5000,14950,0.00,1
108/12/17,3.02,3.02,3.02,3.02,5000,15100,0.03,1
108/12/18,--,--,--,--,0,0,0.00,0
108/12/19,--,--,--,--,0,0,0.00,0
108/12/20,--,--,--,--,0,0,0.00,0
108/12/23,--,--,--,--,0,0,0.00,0
108/12/24,--,--,--,--,0,0,0.00,0
108/12/25,--,--,--,--,0,0,0.00,0
108/12/26,--,--,--,--,0,0,0.00,0
108/12/27,--,--,--,--,0,0,0.00,0
108/12/30,--,--,--,--,0,0,0.00,0
108/12/31,--,--,--,--,0,0,0.00,0
109/01/02,--,--,--,--,0,0,0.00,0
109/01/03,3.34,3.34,3.17,3.17,991000,3226130,0.00,2
109/01/06,3.06,3.08,2.98,2.98,993000,3003800,-0.19,6
109/01/07,3.00,3.00,2.68,2.68,3000,8680,-0.30,2
109/01/08,2.69,2.69,2.69,2.69,1000,2690,0.01,1
109/01/09,--,--,--,--,0,0,0.00,0
109/01/10,--,--,--,--,0,0,0.00,0
109/01/13,--,--,--,--,0,0,0.00,0
109/01/14,--,--,--,--,0,0,0.00,0
109/01/15,--,--,--,--,0,0,0.00,0
109/01/16,3.10,3.10,3.10,3.10,1000,3100,0.00,1
109/01/17,--,--,--,--,0,0,0.00,0
109/01/20,3.32,3.32,3.32,3.32,1000,3320,0.00,1
109/01/30,1.58,1.58,1.53,1.53,75000,115450,-1.79,3
109/01/31,1.80,1.81,1.54,1.71,77000,132940,0.18,5
109/02/03,1.33,1.33,1.33,1.33,1000,1330,-0.38,1
109/02/04,--,--,--,--,0,0,0.00,0
109/02/05,1.81,1.81,1.81,1.81,1000,1810,0.00,1
109/02/06,--,--,--,--,0,0,0.00,0
109/02/07,--,--,--,--,0,0,0.00,0
109/02/10,1.47,1.47,1.47,1.47,1000,1470,0.00,1
109/02/11,1.95,1.95,1.95,1.95,1000,1950,0.48,1
109/02/12,--,--,--,--,0,0,0.00,0
109/02/13,--,--,--,--,0,0,0.00,0
109/02/14,--,--,--,--,0,0,0.00,0
109/02/17,--,--,--,--,0,0,0.00,0
109/02/18,--,--,--,--,0,0,0.00,0
109/02/19,2.20,2.20,2.14,2.14,216000,467240,0.00,12
109/02/20,2.28,2.29,2.04,2.04,420000,906320,-0.10,10
109/02/21,1.96,2.12,1.90,1.93,479000,955120,-0.11,9
109/02/24,1.60,1.60,1.51,1.59,127000,199090,-0.34,8
109/02/25,1.58,1.64,1.50,1.64,547000,870390,0.05,12
109/02/26,1.26,1.40,1.26,1.36,290000,389550,-0.28,10
109/02/27,1.31,1.31,1.05,1.17,306000,361110,-0.19,12
109/03/02,0.90,1.00,0.88,1.00,218000,215370,-0.17,7
109/03/03,1.12,1.20,1.12,1.17,72000,82320,0.17,5
109/03/04,1.10,1.19,1.10,1.19,92000,106120,0.02,4
109/03/05,1.38,1.38,1.37,1.37,30000,41300,0.18,2
109/03/06,--,--,--,--,0,0,0.00,0
109/03/09,0.54,0.64,0.54,0.63,95000,58700,0.00,10
109/03/10,--,--,--,--,0,0,0.00,0
109/03/11,0.57,0.57,0.55,0.55,70000,38600,0.00,2
109/03/12,0.20,0.20,0.20,0.20,5000,1000,-0.35,1
109/03/13,--,--,--,--,0,0,0.00,0
109/03/16,--,--,--,--,0,0,0.00,0
109/03/17,0.22,0.22,0.22,0.22,80000,17600,0.00,1
109/03/18,--,--,--,--,0,0,0.00,0
109/03/19,--,--,--,--,0,0,0.00,0
109/03/20,--,--,--,--,0,0,0.00,0
109/03/23,--,--,--,--,0,0,0.00,0
109/03/24,--,--,--,--,0,0,0.00,0
109/03/25,1.54,1.54,1.54,1.54,5000,7700,0.00,1
109/03/26,1.57,1.57,1.57,1.57,5000,7850,0.03,1
109/03/27,--,--,--,--,0,0,0.00,0
109/03/30,--,--,--,--,0,0,0.00,0
109/03/31,--,--,--,--,0,0,0.00,0
109/04/01,--,--,--,--,0,0,0.00,0
109/04/06,--,--,--,--,0,0,0.00,0
109/04/07,1.82,1.82,1.82,1.82,10000,18200,0.00,1
109/04/08,1.83,1.83,1.83,1.83,10000,18300,0.01,1
109/04/09,--,--,--,--,0,0,0.00,0
109/04/10,--,--,--,--,0,0,0.00,0
109/04/13,--,--,--,--,0,0,0.00,0
109/04/14,--,--,--,--,0,0,0.00,0
109/04/15,--,--,--,--,0,0,0.00,0
109/04/16,--,--,--,--,0,0,0.00,0
109/04/17,--,--,--,--,0,0,0.00,0
109/04/20,--,--,--,--,0,0,0.00,0
109/04/21,--,--,--,--,0,0,0.00,0
109/04/22,--,--,--,--,0,0,0.00,0
109/04/23,--,--,--,--,0,0,0.00,0
109/04/24,--,--,--,--,0,0,0.00,0
109/04/27,--,--,--,--,0,0,0.00,0
109/04/28,--,--,--,--,0,0,0.00,0
109/04/29,--,--,--,--,0,0,0.00,0
109/04/30,2.56,2.56,2.56,2.56,3000,7680,0.00,1
109/05/04,2.04,2.14,2.04,2.07,39000,81050,-0.49,5
109/05/05,2.13,2.15,2.13,2.14,40000,85550,0.07,5
109/05/06,2.00,2.00,2.00,2.00,5000,10000,-0.14,1
109/05/07,2.19,2.19,2.19,2.19,10000,21900,0.19,1
109/05/08,--,--,--,--,0,0,0.00,0
109/05/11,--,--,--,--,0,0,0.00,0
109/05/12,1.97,1.97,1.97,1.97,6000,11820,0.00,1
109/05/13,1.89,2.03,1.89,2.03,12000,23520,0.06,2
109/05/14,1.88,1.88,1.72,1.72,35000,62460,-0.31,5
109/05/15,1.78,1.78,1.68,1.73,20000,34850,0.01,3
109/05/14,1.88,1.88,1.72,1.72,35000,62460,-0.31,5
109/05/13,1.89,2.03,1.89,2.03,12000,23520,0.06,2
109/05/12,1.97,1.97,1.97,1.97,6000,11820,0.00,1
109/05/11,--,--,--,--,0,0,0.00,0
109/05/08,--,--,--,--,0,0,0.00,0
109/05/07,2.19,2.19,2.19,2.19,10000,21900,0.19,1
109/05/06,2.00,2.00,2.00,2.00,5000,10000,-0.14,1
109/05/05,2.13,2.15,2.13,2.14,40000,85550,0.07,5
109/05/04,2.04,2.14,2.04,2.07,39000,81050,-0.49,5
109/04/30,2.56,2.56,2.56,2.56,3000,7680,0.00,1
109/04/29,--,--,--,--,0,0,0.00,0
109/04/28,--,--,--,--,0,0,0.00,0
109/04/27,--,--,--,--,0,0,0.00,0
