108/12/17,--,--,--,--,0,0,0.00,0
108/12/18,--,--,--,--,0,0,0.00,0
108/12/19,--,--,--,--,0,0,0.00,0
108/12/20,1.44,1.44,1.17,1.24,20000,24390,0.00,4
108/12/23,1.30,1.31,1.27,1.31,60000,78120,0.07,6
108/12/24,1.25,1.36,1.25,1.36,60000,78160,0.05,14
108/12/25,1.32,1.32,1.32,1.32,2000,2640,-0.04,1
108/12/26,--,--,--,--,0,0,0.00,0
108/12/27,--,--,--,--,0,0,0.00,0
108/12/30,--,--,--,--,0,0,0.00,0
108/12/31,--,--,--,--,0,0,0.00,0
109/01/02,1.41,1.43,1.41,1.43,137000,194550,0.00,3
109/01/03,1.32,1.32,1.15,1.15,147000,169520,-0.28,3
109/01/06,0.99,0.99,0.99,0.99,10000,9900,-0.16,1
109/01/07,1.25,1.25,1.25,1.25,1000,1250,0.26,1
109/01/08,1.13,1.38,1.13,1.38,5000,6650,0.13,2
109/01/09,1.48,1.49,1.46,1.49,4000,5910,0.11,4
109/01/10,--,--,--,--,0,0,0.00,0
109/01/13,1.73,1.80,1.73,1.80,12000,20970,0.00,2
109/01/14,1.94,1.94,1.87,1.89,12000,22990,0.09,10
109/01/15,--,--,--,--,0,0,0.00,0
109/01/16,--,--,--,--,0,0,0.00,0
109/01/17,--,--,--,--,0,0,0.00,0
109/01/20,1.51,1.51,1.51,1.51,3000,4530,0.00,1
109/01/30,1.09,1.09,1.09,1.09,3000,3270,-0.42,1
109/01/31,--,--,--,--,0,0,0.00,0
109/02/03,--,--,--,--,0,0,0.00,0
109/02/04,1.42,1.42,1.42,1.42,10000,14200,0.00,2
109/02/05,1.38,1.38,1.26,1.26,15000,19500,-0.16,2
109/02/06,--,--,--,--,0,0,0.00,0
109/02/07,--,--,--,--,0,0,0.00,0
109/02/10,1.04,1.04,1.04,1.04,10000,10400,0.00,1
109/02/11,1.16,1.29,1.16,1.29,20000,24500,0.25,2
109/02/12,1.43,1.50,1.43,1.50,37000,54550,0.21,3
109/02/13,--,--,--,--,0,0,0.00,0
109/02/14,1.36,1.36,1.31,1.33,75000,99790,0.00,4
109/02/17,1.24,1.31,1.22,1.22,108000,136300,-0.11,5
109/02/18,1.18,1.18,1.08,1.08,35000,41200,-0.14,2
109/02/19,--,--,--,--,0,0,0.00,0
109/02/20,--,--,--,--,0,0,0.00,0
109/02/21,--,--,--,--,0,0,0.00,0
109/02/24,--,--,--,--,0,0,0.00,0
109/02/25,--,--,--,--,0,0,0.00,0
109/02/26,--,--,--,--,0,0,0.00,0
109/02/27,--,--,--,--,0,0,0.00,0
109/03/02,0.42,0.57,0.42,0.56,92000,47680,0.00,5
109/03/03,0.60,0.65,0.60,0.65,197000,125610,0.09,11
109/03/04,0.52,0.57,0.52,0.57,105000,57470,-0.08,19
109/03/05,0.64,0.64,0.64,0.64,86000,55040,0.07,2
109/03/06,0.62,0.62,0.62,0.62,86000,53320,-0.02,2
109/03/09,--,--,--,--,0,0,0.00,0
109/03/10,0.42,0.42,0.35,0.35,20000,7700,0.00,2
109/03/11,0.40,0.42,0.40,0.42,88000,36560,0.07,2
109/03/12,0.30,0.30,0.28,0.28,68000,19340,-0.14,3
109/03/13,--,--,--,--,0,0,0.00,0
109/03/16,--,--,--,--,0,0,0.00,0
109/03/17,--,--,--,--,0,0,0.00,0
109/03/18,0.38,0.38,0.38,0.38,30000,11400,0.00,1
109/03/19,0.25,0.25,0.24,0.24,30000,7300,-0.14,3
109/03/20,0.49,0.58,0.49,0.58,135000,73290,0.34,13
109/03/23,0.28,0.35,0.26,0.35,135000,40220,-0.23,20
109/03/24,0.48,0.60,0.48,0.54,73000,37800,0.19,8
109/03/25,0.58,0.67,0.58,0.67,162000,101270,0.13,18
109/03/26,0.65,0.65,0.61,0.61,99000,63230,-0.06,12
109/03/27,0.69,0.69,0.69,0.69,50000,34500,0.08,1
109/03/30,0.54,0.65,0.54,0.65,95000,56250,-0.04,2
109/03/31,0.63,0.63,0.63,0.63,45000,28350,-0.02,1
109/04/01,--,--,--,--,0,0,0.00,0
109/04/06,0.64,0.77,0.64,0.77,146000,106760,0.00,5
109/04/07,1.00,1.00,0.91,0.91,234000,224790,0.14,5
109/04/08,0.91,0.91,0.91,0.91,88000,80080,0.00,3
109/04/09,0.84,0.85,0.83,0.85,20000,16800,-0.06,3
109/04/10,0.79,0.80,0.79,0.80,20000,15820,-0.05,3
109/04/13,--,--,--,--,0,0,0.00,0
109/04/14,0.70,0.70,0.70,0.70,40000,28000,0.00,3
109/04/15,0.72,0.72,0.68,0.70,41000,28700,0.00,6
109/04/16,0.62,0.63,0.62,0.63,11000,6920,-0.07,2
109/04/17,0.63,0.63,0.63,0.63,10000,6300,0.00,1
109/04/20,0.55,0.55,0.55,0.55,20000,11000,-0.08,1
109/04/21,0.50,0.51,0.50,0.51,30000,15200,-0.04,2
109/04/22,0.35,0.35,0.35,0.35,10000,3500,-0.16,1
109/04/23,--,--,--,--,0,0,0.00,0
109/04/24,0.34,0.34,0.34,0.34,50000,17000,0.00,1
109/04/27,0.34,0.34,0.31,0.33,50000,16500,-0.01,5
109/04/28,--,--,--,--,0,0,0.00,0
109/04/29,--,--,--,--,0,0,0.00,0
109/04/30,0.37,0.39,0.37,0.39,110000,41500,0.00,4
109/05/04,0.28,0.31,0.27,0.31,110000,32400,-0.08,8
109/05/05,0.41,0.41,0.41,0.41,50000,20500,0.10,1
109/05/06,0.36,0.37,0.35,0.37,100000,36100,-0.04,6
109/05/07,0.63,0.63,0.63,0.63,50000,31500,0.26,1
109/05/08,0.59,0.59,0.59,0.59,50000,29500,-0.04,1
109/05/11,0.55,0.55,0.55,0.55,50000,27500,-0.04,1
109/05/12,0.55,0.55,0.55,0.55,50000,27500,0.00,1
109/05/13,--,--,--,--,0,0,0.00,0
109/05/14,0.54,0.54,0.44,0.44,100000,49000,0.00,2
109/05/15,0.41,0.41,0.41,0.41,50000,20500,-0.03,1
109/05/14,0.54,0.54,0.44,0.44,100000,49000,0.00,2
109/05/13,--,--,--,--,0,0,0.00,0
109/05/12,0.55,0.55,0.55,0.55,50000,27500,0.00,1
109/05/11,0.55,0.55,0.55,0.55,50000,27500,-0.04,1
109/05/08,0.59,0.59,0.59,0.59,50000,29500,-0.04,1
109/05/07,0.63,0.63,0.63,0.63,50000,31500,0.26,1
109/05/06,0.36,0.37,0.35,0.37,100000,36100,-0.04,6
109/05/05,0.41,0.41,0.41,0.41,50000,20500,0.10,1
109/05/04,0.28,0.31,0.27,0.31,110000,32400,-0.08,8
109/04/30,0.37,0.39,0.37,0.39,110000,41500,0.00,4
109/04/29,--,--,--,--,0,0,0.00,0
109/04/28,--,--,--,--,0,0,0.00,0
109/04/27,0.34,0.34,0.31,0.33,50000,16500,-0.01,5
