108/12/17,--,--,--,--,0,0,0.00,0
108/12/18,3.42,3.45,3.42,3.45,45000,154800,0.00,5
108/12/19,3.47,3.47,3.47,3.47,45000,156150,0.02,2
108/12/20,--,--,--,--,0,0,0.00,0
108/12/23,3.34,3.34,3.34,3.34,1000,3340,0.00,1
108/12/24,--,--,--,--,0,0,0.00,0
108/12/25,--,--,--,--,0,0,0.00,0
108/12/26,--,--,--,--,0,0,0.00,0
108/12/27,3.03,3.26,3.03,3.15,75000,236760,0.00,7
108/12/30,3.07,3.10,3.03,3.10,72000,220180,-0.05,11
108/12/31,--,--,--,--,0,0,0.00,0
109/01/02,2.83,2.83,2.56,2.61,465000,1264500,0.00,27
109/01/03,2.76,2.78,2.31,2.31,452000,1243120,-0.30,12
109/01/06,1.70,1.70,1.70,1.70,50000,85000,-0.61,1
109/01/07,1.78,1.78,1.68,1.68,100000,172900,-0.02,4
109/01/08,1.60,1.64,1.58,1.58,50000,80100,-0.10,5
109/01/09,1.87,1.93,1.87,1.89,130000,248080,0.31,5
109/01/10,1.94,1.94,1.73,1.76,180000,320000,-0.13,11
109/01/13,1.84,1.84,1.79,1.81,50000,90800,0.05,5
109/01/14,--,--,--,--,0,0,0.00,0
109/01/15,--,--,--,--,0,0,0.00,0
109/01/16,--,--,--,--,0,0,0.00,0
109/01/17,--,--,--,--,0,0,0.00,0
109/01/20,--,--,--,--,0,0,0.00,0
109/01/30,--,--,--,--,0,0,0.00,0
109/01/31,--,--,--,--,0,0,0.00,0
109/02/03,0.62,0.65,0.62,0.65,106000,65900,0.00,2
109/02/04,0.67,0.84,0.67,0.79,76000,62370,0.14,5
109/02/05,0.85,0.97,0.82,0.97,138000,123960,0.18,10
109/02/06,0.98,1.25,0.96,1.21,88000,92980,0.24,7
109/02/07,0.90,0.90,0.88,0.88,20000,17800,-0.33,2
109/02/10,0.71,0.83,0.71,0.83,98000,78780,-0.05,4
109/02/11,0.90,1.01,0.89,1.01,78000,76480,0.18,3
109/02/12,1.05,1.25,1.05,1.25,178000,198790,0.24,10
109/02/13,1.17,1.20,1.17,1.19,178000,212720,-0.06,8
109/02/14,--,--,--,--,0,0,0.00,0
109/02/17,--,--,--,--,0,0,0.00,0
109/02/18,--,--,--,--,0,0,0.00,0
109/02/19,0.82,0.82,0.82,0.82,10000,8200,0.00,1
109/02/20,0.96,0.96,0.96,0.96,10000,9600,0.14,1
109/02/21,--,--,--,--,0,0,0.00,0
109/02/24,0.60,0.60,0.60,0.60,68000,40800,0.00,1
109/02/25,0.59,0.61,0.58,0.61,173000,103290,0.01,4
109/02/26,0.50,0.50,0.50,0.50,173000,86500,-0.11,4
109/02/27,0.41,0.41,0.41,0.41,68000,27880,-0.09,1
109/03/02,--,--,--,--,0,0,0.00,0
109/03/03,--,--,--,--,0,0,0.00,0
109/03/04,--,--,--,--,0,0,0.00,0
109/03/05,--,--,--,--,0,0,0.00,0
109/03/06,--,--,--,--,0,0,0.00,0
109/03/09,--,--,--,--,0,0,0.00,0
109/03/10,--,--,--,--,0,0,0.00,0
109/03/11,0.19,0.19,0.19,0.19,1000,190,0.00,1
109/03/12,--,--,--,--,0,0,0.00,0
109/03/13,--,--,--,--,0,0,0.00,0
109/03/16,--,--,--,--,0,0,0.00,0
109/03/17,--,--,--,--,0,0,0.00,0
109/03/18,--,--,--,--,0,0,0.00,0
109/03/19,--,--,--,--,0,0,0.00,0
109/03/20,--,--,--,--,0,0,0.00,0
109/03/23,--,--,--,--,0,0,0.00,0
109/03/24,--,--,--,--,0,0,0.00,0
109/03/25,--,--,--,--,0,0,0.00,0
109/03/26,--,--,--,--,0,0,0.00,0
109/03/27,--,--,--,--,0,0,0.00,0
109/03/30,--,--,--,--,0,0,0.00,0
109/03/31,--,--,--,--,0,0,0.00,0
109/04/01,--,--,--,--,0,0,0.00,0
109/04/06,--,--,--,--,0,0,0.00,0
109/04/07,0.61,0.63,0.59,0.63,370000,228600,0.00,15
109/04/08,0.63,0.64,0.63,0.64,2000,1270,0.01,2
109/04/09,--,--,--,--,0,0,0.00,0
109/04/10,--,--,--,--,0,0,0.00,0
109/04/13,--,--,--,--,0,0,0.00,0
109/04/14,0.59,0.78,0.59,0.78,219000,139900,0.00,3
109/04/15,0.83,0.83,0.78,0.78,598000,470900,0.00,7
109/04/16,--,--,--,--,0,0,0.00,0
109/04/17,0.76,0.76,0.75,0.75,150000,113500,0.00,2
109/04/20,0.72,0.72,0.66,0.68,193000,131940,-0.07,10
109/04/21,0.58,0.58,0.56,0.58,43000,24570,-0.10,8
109/04/22,--,--,--,--,0,0,0.00,0
109/04/23,0.45,0.45,0.45,0.45,68000,30600,0.00,1
109/04/24,0.41,0.41,0.41,0.41,68000,27880,-0.04,1
109/04/27,--,--,--,--,0,0,0.00,0
109/04/28,0.40,0.40,0.40,0.40,10000,4000,0.00,1
109/04/29,0.45,0.46,0.42,0.42,40000,17800,0.02,4
109/04/30,0.43,0.47,0.43,0.47,108000,48040,0.05,2
109/05/04,0.27,0.29,0.27,0.29,68000,18920,-0.18,7
109/05/05,--,--,--,--,0,0,0.00,0
109/05/06,--,--,--,--,0,0,0.00,0
109/05/07,--,--,--,--,0,0,0.00,0
109/05/08,--,--,--,--,0,0,0.00,0
109/05/11,0.39,0.42,0.39,0.42,93000,37020,0.00,2
109/05/12,0.33,0.36,0.33,0.36,136000,46920,-0.06,2
109/05/13,--,--,--,--,0,0,0.00,0
109/05/14,0.21,0.21,0.21,0.21,68000,14280,0.00,1
109/05/15,0.20,0.20,0.18,0.18,85000,15800,-0.03,2
109/05/14,0.21,0.21,0.21,0.21,68000,14280,0.00,1
109/05/13,--,--,--,--,0,0,0.00,0
109/05/12,0.33,0.36,0.33,0.36,136000,46920,-0.06,2
109/05/11,0.39,0.42,0.39,0.42,93000,37020,0.00,2
109/05/08,--,--,--,--,0,0,0.00,0
109/05/07,--,--,--,--,0,0,0.00,0
109/05/06,--,--,--,--,0,0,0.00,0
109/05/05,--,--,--,--,0,0,0.00,0
109/05/04,0.27,0.29,0.27,0.29,68000,18920,-0.18,7
109/04/30,0.43,0.47,0.43,0.47,108000,48040,0.05,2
109/04/29,0.45,0.46,0.42,0.42,40000,17800,0.02,4
109/04/28,0.40,0.40,0.40,0.40,10000,4000,0.00,1
109/04/27,--,--,--,--,0,0,0.00,0
