108/12/23,--,--,--,--,0,0,0.00,0
108/12/24,0.89,0.93,0.89,0.93,78000,70540,0.00,2
108/12/25,1.00,1.10,1.00,1.09,352000,368120,0.16,13
108/12/26,1.08,1.08,1.01,1.01,274000,290710,-0.08,19
108/12/27,--,--,--,--,0,0,0.00,0
108/12/30,--,--,--,--,0,0,0.00,0
108/12/31,1.01,1.01,1.01,1.01,68000,68680,0.00,1
109/01/02,1.08,1.19,1.08,1.19,238000,273320,0.18,20
109/01/03,1.13,1.13,1.01,1.01,160000,169180,-0.18,12
109/01/06,1.04,1.06,1.04,1.05,159000,166790,0.04,5
109/01/07,1.02,1.11,1.02,1.11,251000,264370,0.06,74
109/01/08,1.08,1.27,1.08,1.23,259000,296400,0.12,22
109/01/09,1.29,1.29,1.26,1.29,86000,110310,0.06,22
109/01/10,--,--,--,--,0,0,0.00,0
109/01/13,1.22,1.22,1.22,1.22,1000,1220,0.00,1
109/01/14,--,--,--,--,0,0,0.00,0
109/01/15,1.26,1.26,1.26,1.26,71000,89460,0.00,1
109/01/16,1.17,1.17,1.16,1.16,73000,85390,-0.10,2
109/01/17,--,--,--,--,0,0,0.00,0
109/01/20,--,--,--,--,0,0,0.00,0
109/01/30,--,--,--,--,0,0,0.00,0
109/01/31,--,--,--,--,0,0,0.00,0
109/02/03,--,--,--,--,0,0,0.00,0
109/02/04,1.08,1.09,1.08,1.09,20000,21700,0.00,2
109/02/05,1.06,1.10,1.06,1.09,41000,44100,0.00,5
109/02/06,1.03,1.04,1.03,1.03,21000,21740,-0.06,11
109/02/07,--,--,--,--,0,0,0.00,0
109/02/10,0.74,0.74,0.74,0.74,68000,50320,0.00,1
109/02/11,0.74,0.74,0.74,0.74,68000,50320,0.00,1
109/02/12,0.76,0.76,0.76,0.76,10000,7600,0.02,1
109/02/13,0.84,0.84,0.84,0.84,10000,8400,0.08,1
109/02/14,--,--,--,--,0,0,0.00,0
109/02/17,--,--,--,--,0,0,0.00,0
109/02/18,0.80,0.80,0.78,0.78,78000,62200,0.00,2
109/02/19,0.76,0.78,0.76,0.78,136000,104720,0.00,2
109/02/20,0.82,0.82,0.82,0.82,68000,55760,0.04,1
109/02/21,--,--,--,--,0,0,0.00,0
109/02/24,--,--,--,--,0,0,0.00,0
109/02/25,--,--,--,--,0,0,0.00,0
109/02/26,--,--,--,--,0,0,0.00,0
109/02/27,--,--,--,--,0,0,0.00,0
109/03/02,--,--,--,--,0,0,0.00,0
109/03/03,0.48,0.48,0.48,0.48,68000,32640,0.00,1
109/03/04,0.44,0.44,0.44,0.44,68000,29920,-0.04,1
109/03/05,--,--,--,--,0,0,0.00,0
109/03/06,--,--,--,--,0,0,0.00,0
109/03/09,--,--,--,--,0,0,0.00,0
109/03/10,--,--,--,--,0,0,0.00,0
109/03/11,--,--,--,--,0,0,0.00,0
109/03/12,--,--,--,--,0,0,0.00,0
109/03/13,--,--,--,--,0,0,0.00,0
109/03/16,--,--,--,--,0,0,0.00,0
109/03/17,--,--,--,--,0,0,0.00,0
109/03/18,0.33,0.33,0.33,0.33,165000,54450,0.00,3
109/03/19,0.23,0.23,0.22,0.23,165000,37710,-0.10,21
109/03/20,--,--,--,--,0,0,0.00,0
109/03/23,--,--,--,--,0,0,0.00,0
109/03/24,--,--,--,--,0,0,0.00,0
109/03/25,0.46,0.46,0.46,0.46,40000,18400,0.00,1
109/03/26,0.49,0.52,0.46,0.52,180000,92300,0.06,9
109/03/27,0.57,0.57,0.56,0.57,140000,79730,0.05,15
109/03/30,0.57,0.57,0.57,0.57,23000,13110,0.00,1
109/03/31,0.60,0.62,0.60,0.62,93000,57200,0.05,5
109/04/01,0.58,0.62,0.58,0.62,70000,41330,0.00,13
109/04/06,0.60,0.60,0.60,0.60,68000,40800,-0.02,1
109/04/07,0.61,0.67,0.61,0.67,102000,64260,0.07,2
109/04/08,0.67,0.67,0.67,0.67,170000,113900,0.00,3
109/04/09,0.72,0.72,0.67,0.67,179000,126730,0.00,3
109/04/10,0.63,0.63,0.63,0.63,43000,27090,-0.04,1
109/04/13,0.64,0.64,0.64,0.64,94000,60160,0.01,2
109/04/14,0.62,0.65,0.62,0.65,219000,138650,0.01,5
109/04/15,0.71,0.77,0.70,0.75,337000,249290,0.10,10
109/04/16,0.72,0.79,0.72,0.79,294000,218600,0.04,17
109/04/17,0.76,0.76,0.76,0.76,78000,59280,-0.03,1
109/04/20,--,--,--,--,0,0,0.00,0
109/04/21,--,--,--,--,0,0,0.00,0
109/04/22,0.58,0.58,0.58,0.58,52000,30160,0.00,1
109/04/23,0.61,0.61,0.61,0.61,53000,32330,0.03,2
109/04/24,0.56,0.56,0.56,0.56,1000,560,-0.05,1
109/04/27,--,--,--,--,0,0,0.00,0
109/04/28,--,--,--,--,0,0,0.00,0
109/04/29,--,--,--,--,0,0,0.00,0
109/04/30,0.65,0.66,0.65,0.66,144000,93700,0.00,6
109/05/04,0.63,0.63,0.62,0.62,228000,142700,-0.04,4
109/05/05,0.64,0.64,0.61,0.63,144000,91460,0.01,4
109/05/06,0.58,0.58,0.58,0.58,228000,132240,-0.05,4
109/05/07,--,--,--,--,0,0,0.00,0
109/05/08,--,--,--,--,0,0,0.00,0
109/05/11,--,--,--,--,0,0,0.00,0
109/05/12,--,--,--,--,0,0,0.00,0
109/05/13,0.52,0.52,0.52,0.52,24000,12480,0.00,1
109/05/14,0.48,0.48,0.48,0.48,24000,11520,-0.04,1
109/05/15,--,--,--,--,0,0,0.00,0
109/05/14,0.48,0.48,0.48,0.48,24000,11520,-0.04,1
109/05/13,0.52,0.52,0.52,0.52,24000,12480,0.00,1
109/05/12,--,--,--,--,0,0,0.00,0
109/05/11,--,--,--,--,0,0,0.00,0
109/05/08,--,--,--,--,0,0,0.00,0
109/05/07,--,--,--,--,0,0,0.00,0
109/05/06,0.58,0.58,0.58,0.58,228000,132240,-0.05,4
109/05/05,0.64,0.64,0.61,0.63,144000,91460,0.01,4
109/05/04,0.63,0.63,0.62,0.62,228000,142700,-0.04,4
109/04/30,0.65,0.66,0.65,0.66,144000,93700,0.00,6
109/04/29,--,--,--,--,0,0,0.00,0
109/04/28,--,--,--,--,0,0,0.00,0
109/04/27,--,--,--,--,0,0,0.00,0
