108/12/23,--,--,--,--,0,0,0.00,0
108/12/24,--,--,--,--,0,0,0.00,0
108/12/25,0.86,0.86,0.83,0.83,40000,33800,0.00,2
108/12/26,--,--,--,--,0,0,0.00,0
108/12/27,0.88,0.91,0.88,0.91,57000,50760,0.00,3
108/12/30,0.81,0.85,0.81,0.85,85000,71570,-0.06,2
108/12/31,--,--,--,--,0,0,0.00,0
109/01/02,1.10,1.10,1.10,1.10,68000,74800,0.00,1
109/01/03,1.17,1.17,1.12,1.12,120000,138060,0.02,5
109/01/06,1.02,1.03,0.95,0.95,110000,109480,-0.17,12
109/01/07,0.76,0.78,0.76,0.77,45000,34800,-0.18,3
109/01/08,0.79,0.86,0.79,0.82,55000,45950,0.05,4
109/01/09,0.83,1.04,0.83,1.03,143000,134560,0.21,6
109/01/10,0.91,1.03,0.91,1.01,168000,170030,-0.02,9
109/01/13,0.99,1.21,0.99,1.21,256000,284220,0.20,21
109/01/14,1.22,1.32,1.15,1.30,362000,456570,0.09,27
109/01/15,1.26,1.29,1.17,1.17,142000,180660,-0.13,12
109/01/16,1.08,1.08,1.04,1.07,47000,49800,-0.10,5
109/01/17,1.30,1.65,1.30,1.34,67000,92510,0.27,14
109/01/20,1.36,1.40,1.26,1.26,63000,85080,-0.08,9
109/01/30,1.02,1.02,1.02,1.02,1000,1020,-0.24,1
109/01/31,0.97,0.98,0.89,0.98,153000,143460,-0.04,7
109/02/03,0.70,0.82,0.70,0.82,226000,172750,-0.16,9
109/02/04,0.88,0.88,0.88,0.88,68000,59840,0.06,1
109/02/05,0.92,0.92,0.80,0.80,41000,36850,-0.08,4
109/02/06,1.03,1.07,1.00,1.07,90000,93390,0.27,10
109/02/07,0.92,0.95,0.89,0.95,88000,80220,-0.12,17
109/02/10,0.87,0.87,0.77,0.77,57000,49390,-0.18,2
109/02/11,0.82,0.82,0.82,0.82,55000,45100,0.05,1
109/02/12,1.00,1.00,0.97,0.97,43000,42850,0.15,5
109/02/13,0.89,0.90,0.89,0.89,43000,38350,-0.08,14
109/02/14,1.01,1.05,1.01,1.02,67000,69040,0.13,5
109/02/17,0.89,0.97,0.89,0.97,62000,59390,-0.05,6
109/02/18,--,--,--,--,0,0,0.00,0
109/02/19,0.87,0.91,0.87,0.91,66000,59380,0.00,2
109/02/20,0.78,0.78,0.77,0.78,66000,51440,-0.13,3
109/02/21,--,--,--,--,0,0,0.00,0
109/02/24,0.59,0.59,0.59,0.59,40000,23600,0.00,1
109/02/25,--,--,--,--,0,0,0.00,0
109/02/26,--,--,--,--,0,0,0.00,0
109/02/27,--,--,--,--,0,0,0.00,0
109/03/02,--,--,--,--,0,0,0.00,0
109/03/03,--,--,--,--,0,0,0.00,0
109/03/04,0.33,0.33,0.33,0.33,68000,22440,0.00,1
109/03/05,0.44,0.46,0.44,0.46,136000,61200,0.13,2
109/03/06,--,--,--,--,0,0,0.00,0
109/03/09,0.36,0.36,0.36,0.36,68000,24480,0.00,1
109/03/10,--,--,--,--,0,0,0.00,0
109/03/11,--,--,--,--,0,0,0.00,0
109/03/12,--,--,--,--,0,0,0.00,0
109/03/13,--,--,--,--,0,0,0.00,0
109/03/16,0.10,0.10,0.10,0.10,90000,9000,0.00,7
109/03/17,0.07,0.07,0.07,0.07,100000,7000,-0.03,5
109/03/18,--,--,--,--,0,0,0.00,0
109/03/19,--,--,--,--,0,0,0.00,0
109/03/20,--,--,--,--,0,0,0.00,0
109/03/23,--,--,--,--,0,0,0.00,0
109/03/24,--,--,--,--,0,0,0.00,0
109/03/25,--,--,--,--,0,0,0.00,0
109/03/26,--,--,--,--,0,0,0.00,0
109/03/27,--,--,--,--,0,0,0.00,0
109/03/30,--,--,--,--,0,0,0.00,0
109/03/31,--,--,--,--,0,0,0.00,0
109/04/01,--,--,--,--,0,0,0.00,0
109/04/06,--,--,--,--,0,0,0.00,0
109/04/07,--,--,--,--,0,0,0.00,0
109/04/08,--,--,--,--,0,0,0.00,0
109/04/09,--,--,--,--,0,0,0.00,0
109/04/10,--,--,--,--,0,0,0.00,0
109/04/13,--,--,--,--,0,0,0.00,0
109/04/14,--,--,--,--,0,0,0.00,0
109/04/15,--,--,--,--,0,0,0.00,0
109/04/16,--,--,--,--,0,0,0.00,0
109/04/17,--,--,--,--,0,0,0.00,0
109/04/20,--,--,--,--,0,0,0.00,0
109/04/21,--,--,--,--,0,0,0.00,0
109/04/22,--,--,--,--,0,0,0.00,0
109/04/23,--,--,--,--,0,0,0.00,0
109/04/24,--,--,--,--,0,0,0.00,0
109/04/27,0.20,0.20,0.20,0.20,7000,1400,0.00,1
109/04/28,--,--,--,--,0,0,0.00,0
109/04/29,0.25,0.29,0.25,0.27,186000,50320,0.00,10
109/04/30,0.32,0.42,0.32,0.40,210000,79020,0.13,14
109/05/04,0.25,0.26,0.23,0.25,176000,42880,-0.15,11
109/05/05,0.26,0.26,0.23,0.23,57000,13320,-0.02,3
109/05/06,0.22,0.22,0.22,0.22,53000,11660,-0.01,5
109/05/07,0.27,0.33,0.27,0.33,181000,53390,0.11,5
109/05/08,0.30,0.30,0.28,0.28,121000,35300,-0.05,3
109/05/11,--,--,--,--,0,0,0.00,0
109/05/12,0.23,0.23,0.23,0.23,50000,11500,0.00,1
109/05/13,--,--,--,--,0,0,0.00,0
109/05/14,0.23,0.23,0.22,0.22,100000,22500,0.00,2
109/05/15,0.19,0.19,0.17,0.17,100000,18000,-0.05,2
109/05/14,0.23,0.23,0.22,0.22,100000,22500,0.00,2
109/05/13,--,--,--,--,0,0,0.00,0
109/05/12,0.23,0.23,0.23,0.23,50000,11500,0.00,1
109/05/11,--,--,--,--,0,0,0.00,0
109/05/08,0.30,0.30,0.28,0.28,121000,35300,-0.05,3
109/05/07,0.27,0.33,0.27,0.33,181000,53390,0.11,5
109/05/06,0.22,0.22,0.22,0.22,53000,11660,-0.01,5
109/05/05,0.26,0.26,0.23,0.23,57000,13320,-0.02,3
109/05/04,0.25,0.26,0.23,0.25,176000,42880,-0.15,11
109/04/30,0.32,0.42,0.32,0.40,210000,79020,0.13,14
109/04/29,0.25,0.29,0.25,0.27,186000,50320,0.00,10
109/04/28,--,--,--,--,0,0,0.00,0
109/04/27,0.20,0.20,0.20,0.20,7000,1400,0.00,1
