108/12/25,0.94,1.13,0.94,1.13,33000,34340,0.26,7
108/12/26,1.50,1.50,1.06,1.06,1045000,1176500,-0.07,26
108/12/27,1.11,1.13,1.09,1.09,277000,311650,0.03,16
108/12/30,1.10,1.19,1.10,1.16,1055000,1211920,0.07,32
108/12/31,1.13,1.22,1.13,1.13,671000,792170,-0.03,22
109/01/02,1.20,1.21,1.12,1.15,443000,522410,0.02,37
109/01/03,1.38,1.47,1.25,1.31,1939000,2576640,0.16,107
109/01/06,1.23,1.29,1.16,1.17,904000,1114000,-0.14,61
109/01/07,1.12,1.12,0.88,0.95,638000,618060,-0.22,13
109/01/08,0.82,1.03,0.82,0.95,883000,834130,0.00,33
109/01/09,0.98,1.01,0.90,0.90,1069000,1034440,-0.05,42
109/01/10,0.92,0.94,0.90,0.90,521000,479920,0.00,11
109/01/13,0.87,0.90,0.83,0.90,92000,79600,0.00,6
109/01/14,0.99,1.15,0.99,1.15,1498000,1607100,0.25,52
109/01/15,1.13,1.15,1.05,1.05,1410000,1573290,-0.10,43
109/01/16,1.15,1.21,1.12,1.17,857000,992590,0.12,35
109/01/17,1.22,1.24,1.12,1.15,278000,332460,-0.02,25
109/01/20,1.14,1.16,1.12,1.13,148000,168180,-0.02,13
109/01/30,0.89,0.91,0.88,0.91,40000,35600,-0.22,3
109/01/31,0.84,0.84,0.76,0.79,433000,357820,-0.12,5
109/02/03,0.56,0.81,0.56,0.81,670000,492830,0.02,12
109/02/04,0.83,0.98,0.83,0.97,1064000,983840,0.16,31
109/02/05,0.90,0.99,0.86,0.86,1158000,1088660,-0.11,22
109/02/06,0.89,0.92,0.88,0.92,750000,675960,0.06,24
109/02/07,0.87,0.89,0.87,0.88,168000,148540,-0.04,4
109/02/10,0.85,0.88,0.81,0.88,710000,613970,0.00,12
109/02/11,0.92,1.00,0.92,0.98,1491000,1409170,0.10,48
109/02/12,0.98,1.02,0.95,1.02,773000,754960,0.04,52
109/02/13,1.08,1.11,0.99,0.99,492000,521880,-0.03,44
109/02/14,0.98,1.03,0.98,0.99,54000,53790,0.00,11
109/02/17,0.92,0.93,0.89,0.90,97000,88320,-0.09,15
109/02/18,0.94,0.97,0.85,0.85,94000,85940,-0.05,10
109/02/19,0.77,0.79,0.76,0.79,93000,71660,-0.06,7
109/02/20,0.79,0.79,0.78,0.78,82000,64540,-0.01,3
109/02/21,0.83,0.83,0.83,0.83,106000,87980,0.05,5
109/02/24,0.76,0.79,0.76,0.79,84000,63900,-0.04,3
109/02/25,0.76,0.86,0.76,0.82,605000,498220,0.03,12
109/02/26,0.76,0.76,0.65,0.65,710000,526250,-0.17,7
109/02/27,0.54,0.55,0.44,0.44,356000,179030,-0.21,11
109/03/02,0.39,0.46,0.39,0.44,937000,407340,0.00,11
109/03/03,0.51,0.51,0.47,0.49,1032000,493400,0.05,19
109/03/04,0.45,0.45,0.43,0.45,273000,122830,-0.04,3
109/03/05,0.50,0.50,0.48,0.48,284000,141280,0.03,4
109/03/06,0.44,0.44,0.42,0.42,260000,109220,-0.06,4
109/03/09,0.36,0.36,0.33,0.33,21000,6960,-0.09,2
109/03/10,0.29,0.29,0.27,0.27,251000,67790,-0.06,2
109/03/11,0.31,0.31,0.31,0.31,124000,38440,0.04,1
109/03/12,0.18,0.18,0.18,0.18,27000,4860,-0.13,2
109/03/13,0.10,0.10,0.10,0.10,124000,12400,-0.08,1
109/03/16,--,--,--,--,0,0,0.00,0
109/03/17,--,--,--,--,0,0,0.00,0
109/03/18,0.06,0.06,0.06,0.06,200000,12000,0.00,1
109/03/19,--,--,--,--,0,0,0.00,0
109/03/20,--,--,--,--,0,0,0.00,0
109/03/23,--,--,--,--,0,0,0.00,0
109/03/24,--,--,--,--,0,0,0.00,0
109/03/25,0.05,0.05,0.05,0.05,60000,3000,0.00,2
109/03/26,0.06,0.06,0.06,0.06,40000,2400,0.01,2
109/03/27,--,--,--,--,0,0,0.00,0
109/03/30,--,--,--,--,0,0,0.00,0
109/03/31,0.06,0.06,0.06,0.06,5000,300,0.00,1
109/04/01,--,--,--,--,0,0,0.00,0
109/04/06,--,--,--,--,0,0,0.00,0
109/04/07,--,--,--,--,0,0,0.00,0
109/04/08,0.14,0.14,0.14,0.14,100000,14000,0.00,1
109/04/09,0.18,0.18,0.18,0.18,70000,12600,0.04,1
109/04/10,--,--,--,--,0,0,0.00,0
109/04/13,0.13,0.13,0.13,0.13,20000,2600,0.00,1
109/04/14,0.13,0.14,0.13,0.14,884000,118770,0.01,3
109/04/15,0.14,0.20,0.14,0.19,1217000,189230,0.05,9
109/04/16,0.16,0.17,0.16,0.17,210000,35200,-0.02,13
109/04/17,0.20,0.20,0.14,0.14,135000,23250,-0.03,4
109/04/20,0.15,0.15,0.15,0.15,10000,1500,0.01,1
109/04/21,--,--,--,--,0,0,0.00,0
109/04/22,0.12,0.12,0.12,0.12,20000,2400,0.00,2
109/04/23,0.12,0.12,0.12,0.12,35000,4200,0.00,2
109/04/24,--,--,--,--,0,0,0.00,0
109/04/27,0.14,0.14,0.14,0.14,3000,420,0.00,1
109/04/28,0.16,0.16,0.14,0.15,331000,50460,0.01,6
109/04/29,0.14,0.14,0.14,0.14,100000,14000,-0.01,1
109/04/30,0.16,0.16,0.16,0.16,190000,30400,0.02,3
109/05/04,0.12,0.12,0.12,0.12,50000,6000,-0.04,2
109/05/05,0.16,0.16,0.16,0.16,40000,6400,0.04,1
109/05/06,--,--,--,--,0,0,0.00,0
109/05/07,0.15,0.15,0.15,0.15,110000,16500,0.00,2
109/05/08,--,--,--,--,0,0,0.00,0
109/05/11,--,--,--,--,0,0,0.00,0
109/05/12,--,--,--,--,0,0,0.00,0
109/05/13,--,--,--,--,0,0,0.00,0
109/05/14,--,--,--,--,0,0,0.00,0
109/05/15,--,--,--,--,0,0,0.00,0
109/05/14,--,--,--,--,0,0,0.00,0
109/05/13,--,--,--,--,0,0,0.00,0
109/05/12,--,--,--,--,0,0,0.00,0
109/05/11,--,--,--,--,0,0,0.00,0
109/05/08,--,--,--,--,0,0,0.00,0
109/05/07,0.15,0.15,0.15,0.15,110000,16500,0.00,2
109/05/06,--,--,--,--,0,0,0.00,0
109/05/05,0.16,0.16,0.16,0.16,40000,6400,0.04,1
109/05/04,0.12,0.12,0.12,0.12,50000,6000,-0.04,2
109/04/30,0.16,0.16,0.16,0.16,190000,30400,0.02,3
109/04/29,0.14,0.14,0.14,0.14,100000,14000,-0.01,1
109/04/28,0.16,0.16,0.14,0.15,331000,50460,0.01,6
109/04/27,0.14,0.14,0.14,0.14,3000,420,0.00,1
