108/12/27,2.97,3.30,2.97,3.30,13000,39600,0.09,2
108/12/30,3.29,3.45,3.14,3.14,185000,614100,-0.16,7
108/12/31,3.13,3.23,3.10,3.15,512000,1609870,0.01,20
109/01/02,3.16,3.36,3.08,3.36,492000,1549600,0.21,22
109/01/03,3.64,3.65,2.87,2.87,233000,774260,-0.49,12
109/01/06,2.82,2.96,2.81,2.91,160000,463280,0.04,8
109/01/07,2.90,2.90,2.61,2.62,263000,705440,-0.29,8
109/01/08,2.46,2.46,2.37,2.37,11000,26970,-0.25,2
109/01/09,2.60,2.60,2.50,2.50,21000,54500,0.13,3
109/01/10,2.55,2.84,2.42,2.84,232000,569960,0.34,6
109/01/13,3.11,3.42,3.11,3.41,136000,447730,0.57,17
109/01/14,3.37,3.43,3.20,3.37,130000,427330,-0.04,24
109/01/15,3.58,4.06,3.47,3.47,116000,436770,0.10,15
109/01/16,3.37,3.94,3.37,3.94,159000,575600,0.47,30
109/01/17,4.07,4.31,3.92,3.92,139000,570880,-0.02,16
109/01/20,--,--,--,--,0,0,0.00,0
109/01/30,2.97,3.00,2.97,3.00,2000,5970,0.00,2
109/01/31,3.04,3.04,2.96,2.96,10000,30000,-0.04,2
109/02/03,2.36,2.58,2.33,2.55,40000,100170,-0.41,13
109/02/04,2.72,2.73,2.48,2.69,78000,206080,0.14,24
109/02/05,2.76,2.76,2.22,2.29,101000,241530,-0.40,14
109/02/06,2.42,2.48,2.12,2.21,52000,123780,-0.08,11
109/02/07,2.01,2.09,1.54,1.54,43000,79380,-0.67,8
109/02/10,1.37,1.78,1.37,1.72,215000,348020,0.18,23
109/02/11,1.84,2.46,1.75,2.46,591000,1187700,0.74,76
109/02/12,2.41,2.47,2.23,2.42,448000,1060900,-0.04,37
109/02/13,2.55,2.73,2.51,2.63,437000,1119130,0.21,24
109/02/14,2.51,2.63,2.46,2.46,387000,1010200,-0.17,7
109/02/17,2.17,2.17,2.14,2.14,11000,23640,-0.32,3
109/02/18,1.98,1.98,1.85,1.85,12000,23500,-0.29,2
109/02/19,1.90,1.94,1.90,1.93,231000,445330,0.08,8
109/02/20,2.04,2.26,2.04,2.26,84000,181950,0.33,9
109/02/21,2.22,2.27,2.16,2.27,284000,624720,0.01,11
109/02/24,1.96,1.98,1.94,1.98,33000,64860,-0.29,7
109/02/25,1.89,2.19,1.88,2.19,147000,300970,0.21,15
109/02/26,2.16,2.49,2.12,2.47,392000,902170,0.28,27
109/02/27,2.24,2.38,1.96,1.97,440000,1002100,-0.50,43
109/03/02,1.72,1.99,1.72,1.79,347000,642310,-0.18,25
109/03/03,2.09,2.50,2.05,2.37,571000,1274000,0.58,65
109/03/04,2.31,2.56,2.25,2.56,594000,1418930,0.19,52
109/03/05,2.91,2.92,2.55,2.55,235000,643890,-0.01,22
109/03/06,2.39,2.66,2.39,2.66,116000,295320,0.11,26
109/03/09,2.50,2.55,1.81,1.81,141000,326260,-0.85,17
109/03/10,1.85,2.23,1.77,2.23,186000,372420,0.42,21
109/03/11,2.42,2.42,2.19,2.19,140000,333500,-0.04,20
109/03/12,1.78,1.80,1.32,1.32,46000,75080,-0.87,6
109/03/13,0.75,1.18,0.73,1.18,46000,42330,-0.14,7
109/03/16,0.68,0.68,0.68,0.68,20000,13600,-0.50,1
109/03/17,0.61,0.68,0.61,0.68,210000,142100,0.00,6
109/03/18,0.65,0.65,0.63,0.63,210000,132500,-0.05,2
109/03/19,0.47,0.47,0.39,0.39,20000,8600,-0.24,2
109/03/20,0.40,0.43,0.40,0.43,20000,8270,0.04,4
109/03/23,0.27,0.27,0.26,0.26,6000,1600,-0.17,3
109/03/24,--,--,--,--,0,0,0.00,0
109/03/25,--,--,--,--,0,0,0.00,0
109/03/26,0.89,0.89,0.89,0.89,50000,44500,0.00,1
109/03/27,--,--,--,--,0,0,0.00,0
109/03/30,--,--,--,--,0,0,0.00,0
109/03/31,--,--,--,--,0,0,0.00,0
109/04/01,--,--,--,--,0,0,0.00,0
109/04/06,--,--,--,--,0,0,0.00,0
109/04/07,--,--,--,--,0,0,0.00,0
109/04/08,--,--,--,--,0,0,0.00,0
109/04/09,--,--,--,--,0,0,0.00,0
109/04/10,--,--,--,--,0,0,0.00,0
109/04/13,--,--,--,--,0,0,0.00,0
109/04/14,--,--,--,--,0,0,0.00,0
109/04/15,--,--,--,--,0,0,0.00,0
109/04/16,--,--,--,--,0,0,0.00,0
109/04/17,2.21,2.21,2.21,2.21,1000,2210,0.00,1
109/04/20,2.13,2.13,2.13,2.13,5000,10650,-0.08,1
109/04/21,--,--,--,--,0,0,0.00,0
109/04/22,2.30,2.30,2.30,2.30,5000,11500,0.00,1
109/04/23,2.26,2.26,2.24,2.24,3000,6760,-0.06,2
109/04/24,--,--,--,--,0,0,0.00,0
109/04/27,--,--,--,--,0,0,0.00,0
109/04/28,--,--,--,--,0,0,0.00,0
109/04/29,3.40,3.40,3.40,3.40,1000,3400,0.00,1
109/04/30,3.86,3.86,3.86,3.86,1000,3860,0.46,1
109/05/04,4.02,4.02,4.02,4.02,1000,4020,0.16,1
109/05/05,3.28,3.28,3.28,3.28,50000,164000,-0.74,1
109/05/06,--,--,--,--,0,0,0.00,0
109/05/07,--,--,--,--,0,0,0.00,0
109/05/08,--,--,--,--,0,0,0.00,0
109/05/11,--,--,--,--,0,0,0.00,0
109/05/12,--,--,--,--,0,0,0.00,0
109/05/13,--,--,--,--,0,0,0.00,0
109/05/14,--,--,--,--,0,0,0.00,0
109/05/15,--,--,--,--,0,0,0.00,0
109/05/14,--,--,--,--,0,0,0.00,0
109/05/13,--,--,--,--,0,0,0.00,0
109/05/12,--,--,--,--,0,0,0.00,0
109/05/11,--,--,--,--,0,0,0.00,0
109/05/08,--,--,--,--,0,0,0.00,0
109/05/07,--,--,--,--,0,0,0.00,0
109/05/06,--,--,--,--,0,0,0.00,0
109/05/05,3.28,3.28,3.28,3.28,50000,164000,-0.74,1
109/05/04,4.02,4.02,4.02,4.02,1000,4020,0.16,1
109/04/30,3.86,3.86,3.86,3.86,1000,3860,0.46,1
109/04/29,3.40,3.40,3.40,3.40,1000,3400,0.00,1
109/04/28,--,--,--,--,0,0,0.00,0
109/04/27,--,--,--,--,0,0,0.00,0
