108/12/26,--,--,--,--,0,0,0.00,0
108/12/27,3.85,3.92,3.85,3.92,21000,81610,0.00,3
108/12/30,3.57,3.57,3.26,3.26,28000,95030,-0.66,6
108/12/31,3.22,3.32,3.17,3.25,38000,124050,-0.01,8
109/01/02,3.36,3.50,3.36,3.50,23000,79240,0.25,3
109/01/03,3.56,3.56,3.21,3.21,57000,193090,-0.29,11
109/01/06,3.22,3.24,3.16,3.21,49000,157350,0.00,6
109/01/07,3.15,3.24,3.15,3.24,8000,25560,0.03,2
109/01/08,2.92,2.92,2.61,2.74,103000,278310,-0.50,8
109/01/09,2.87,3.33,2.87,3.33,225000,690850,0.59,18
109/01/10,3.36,3.62,3.29,3.49,116000,397370,0.16,9
109/01/13,4.27,4.27,3.91,3.91,14000,57300,0.42,4
109/01/14,4.05,4.05,3.88,3.88,8000,31720,-0.03,2
109/01/15,3.92,4.14,3.92,4.14,18000,71400,0.26,3
109/01/16,3.88,3.88,3.75,3.86,36000,138760,-0.28,3
109/01/17,4.00,4.26,4.00,4.19,34000,142730,0.33,8
109/01/20,4.04,4.05,4.01,4.05,67000,270540,-0.14,5
109/01/30,3.72,3.72,2.92,2.92,104000,319600,-1.13,10
109/01/31,2.92,2.92,2.64,2.77,98000,270790,-0.15,11
109/02/03,2.31,2.31,1.79,2.04,199000,386910,-0.73,13
109/02/04,2.34,2.45,2.34,2.45,148000,356830,0.41,8
109/02/05,2.59,2.61,2.48,2.48,62000,159660,0.03,5
109/02/06,2.65,2.88,2.65,2.82,165000,462650,0.34,6
109/02/07,2.64,2.82,2.56,2.67,155000,418960,-0.15,12
109/02/10,2.22,2.71,2.22,2.71,30000,75800,0.04,3
109/02/11,2.98,3.40,2.98,3.40,108000,343380,0.69,14
109/02/12,2.86,2.89,2.71,2.89,70000,198760,-0.51,14
109/02/13,2.97,2.97,2.66,2.66,10000,29080,-0.23,2
109/02/14,2.69,2.80,2.69,2.80,27000,74500,0.14,3
109/02/17,2.45,2.45,2.45,2.45,27000,66150,-0.35,2
109/02/18,2.28,2.38,2.25,2.38,249000,587390,-0.07,5
109/02/19,2.41,2.49,2.41,2.49,254000,625700,0.11,15
109/02/20,2.33,2.33,2.33,2.33,10000,23300,-0.16,1
109/02/21,2.29,2.29,2.29,2.29,10000,22900,-0.04,1
109/02/24,1.93,1.93,1.93,1.93,22000,42460,-0.36,1
109/02/25,1.83,1.92,1.83,1.92,62000,116180,-0.01,5
109/02/26,1.86,1.93,1.78,1.78,157000,296060,-0.14,13
109/02/27,1.80,1.95,1.80,1.94,117000,214850,0.16,5
109/03/02,--,--,--,--,0,0,0.00,0
109/03/03,1.57,1.75,1.57,1.75,61000,100770,0.00,3
109/03/04,1.66,1.70,1.64,1.70,51000,84660,-0.05,3
109/03/05,1.58,1.58,1.58,1.58,25000,39500,-0.12,2
109/03/06,--,--,--,--,0,0,0.00,0
109/03/09,1.56,1.56,1.56,1.56,16000,24960,0.00,1
109/03/10,1.17,1.17,1.13,1.13,26000,30020,-0.43,2
109/03/11,1.23,1.23,1.23,1.23,10000,12300,0.10,1
109/03/12,0.86,0.86,0.86,0.86,10000,8600,-0.37,1
109/03/13,--,--,--,--,0,0,0.00,0
109/03/16,0.42,0.42,0.42,0.42,10000,4200,0.00,1
109/03/17,0.30,0.30,0.30,0.30,10000,3000,-0.12,1
109/03/18,0.31,0.31,0.31,0.31,10000,3100,0.01,1
109/03/19,--,--,--,--,0,0,0.00,0
109/03/20,--,--,--,--,0,0,0.00,0
109/03/23,--,--,--,--,0,0,0.00,0
109/03/24,0.99,1.04,0.99,1.04,11000,11140,0.00,2
109/03/25,1.32,1.39,1.19,1.19,195000,246920,0.15,23
109/03/26,1.20,1.37,1.20,1.35,92000,120500,0.16,9
109/03/27,1.49,1.52,1.22,1.22,338000,473350,-0.13,13
109/03/30,1.07,1.19,1.05,1.19,208000,225930,-0.03,8
109/03/31,1.42,1.42,1.42,1.42,25000,35500,0.23,1
109/04/01,--,--,--,--,0,0,0.00,0
109/04/06,1.66,1.70,1.66,1.70,13000,22020,0.00,2
109/04/07,1.94,2.12,1.94,2.12,271000,559300,0.42,7
109/04/08,2.09,2.18,2.08,2.18,353000,741330,0.06,6
109/04/09,2.34,2.71,2.34,2.71,137000,337140,0.53,5
109/04/10,2.58,2.58,2.55,2.55,80000,205140,-0.16,3
109/04/13,2.65,2.65,2.64,2.64,42000,110920,0.09,2
109/04/14,2.93,3.26,2.93,3.26,104000,325840,0.62,4
109/04/15,3.33,3.55,3.33,3.55,105000,352450,0.29,8
109/04/16,3.56,3.56,3.56,3.56,13000,46280,0.01,1
109/04/17,4.01,4.41,3.97,4.41,20000,80360,0.85,3
109/04/20,3.68,3.96,3.68,3.96,13000,50120,-0.45,3
109/04/21,3.86,3.86,3.43,3.47,19000,69040,-0.49,4
109/04/22,3.22,3.54,3.22,3.54,17000,57410,0.07,3
109/04/23,3.71,3.71,3.51,3.51,12000,43920,-0.03,2
109/04/24,--,--,--,--,0,0,0.00,0
109/04/27,2.87,3.05,2.87,3.05,20000,59200,0.00,2
109/04/28,2.97,2.97,2.97,2.97,20000,59400,-0.08,1
109/04/29,3.29,3.29,3.29,3.29,38000,125020,0.32,1
109/04/30,3.20,3.36,3.20,3.36,90000,296000,0.07,4
109/05/04,2.84,2.84,2.75,2.75,52000,145610,-0.61,2
109/05/05,--,--,--,--,0,0,0.00,0
109/05/06,2.79,2.79,2.79,2.79,11000,30690,0.00,1
109/05/07,2.50,2.50,2.45,2.45,35000,86420,-0.34,3
109/05/08,2.03,2.03,2.03,2.03,24000,48720,-0.42,1
109/05/11,--,--,--,--,0,0,0.00,0
109/05/12,1.74,1.87,1.74,1.87,36000,65110,0.00,2
109/05/13,1.64,1.68,1.64,1.68,39000,64780,-0.19,3
109/05/14,1.80,1.81,1.79,1.81,40000,71970,0.13,3
109/05/15,1.61,1.61,1.59,1.59,75000,120410,-0.22,3
109/05/14,1.80,1.81,1.79,1.81,40000,71970,0.13,3
109/05/13,1.64,1.68,1.64,1.68,39000,64780,-0.19,3
109/05/12,1.74,1.87,1.74,1.87,36000,65110,0.00,2
109/05/11,--,--,--,--,0,0,0.00,0
109/05/08,2.03,2.03,2.03,2.03,24000,48720,-0.42,1
109/05/07,2.50,2.50,2.45,2.45,35000,86420,-0.34,3
109/05/06,2.79,2.79,2.79,2.79,11000,30690,0.00,1
109/05/05,--,--,--,--,0,0,0.00,0
109/05/04,2.84,2.84,2.75,2.75,52000,145610,-0.61,2
109/04/30,3.20,3.36,3.20,3.36,90000,296000,0.07,4
109/04/29,3.29,3.29,3.29,3.29,38000,125020,0.32,1
109/04/28,2.97,2.97,2.97,2.97,20000,59400,-0.08,1
109/04/27,2.87,3.05,2.87,3.05,20000,59200,0.00,2
