109/01/02,--,--,--,--,0,0,0.00,0
109/01/03,7.35,7.35,7.35,7.35,3000,22050,0.00,1
109/01/06,5.75,6.10,5.75,5.95,22000,130800,-1.40,10
109/01/07,6.10,6.10,4.97,5.80,40000,224340,-0.15,15
109/01/08,5.75,5.75,5.40,5.60,33000,188700,-0.20,4
109/01/09,6.00,6.95,6.00,6.95,30000,191950,1.35,6
109/01/10,7.60,7.60,6.90,7.00,26000,188100,0.05,3
109/01/13,6.90,6.90,6.15,6.15,23000,151250,-0.85,4
109/01/14,6.35,6.35,6.10,6.15,7000,43250,0.00,6
109/01/15,5.85,5.90,5.85,5.90,3000,17650,-0.25,3
109/01/16,5.80,5.85,5.80,5.85,17000,99150,-0.05,2
109/01/17,6.15,6.15,6.15,6.15,11000,67650,0.30,1
109/01/20,--,--,--,--,0,0,0.00,0
109/01/30,5.00,5.20,4.15,4.15,30000,150500,0.00,5
109/01/31,4.46,4.46,4.21,4.37,34000,149940,0.22,4
109/02/03,3.29,4.07,3.07,4.07,93000,316860,-0.30,22
109/02/04,4.28,4.33,4.21,4.21,99000,426180,0.14,12
109/02/05,4.28,4.34,3.77,3.77,30000,122960,-0.44,6
109/02/06,3.77,4.06,3.77,4.05,128000,499060,0.28,14
109/02/07,3.73,3.90,3.43,3.43,131000,490350,-0.62,9
109/02/10,3.01,3.56,3.01,3.29,199000,653320,-0.14,19
109/02/11,3.66,3.81,3.60,3.81,270000,1002660,0.52,22
109/02/12,4.00,4.37,3.98,4.23,107000,445410,0.42,14
109/02/13,4.24,4.34,3.86,3.86,72000,308530,-0.37,12
109/02/14,3.94,4.16,3.91,4.03,78000,310390,0.17,13
109/02/17,3.82,3.84,3.53,3.67,49000,185050,-0.36,11
109/02/18,3.51,3.64,3.47,3.51,53000,186460,-0.16,8
109/02/19,3.38,3.57,3.29,3.56,106000,365190,0.05,15
109/02/20,3.69,4.16,3.69,3.98,283000,1128180,0.42,56
109/02/21,4.05,4.27,3.85,4.11,334000,1367200,0.13,55
109/02/24,3.75,4.02,3.75,3.93,198000,761770,-0.18,23
109/02/25,3.78,4.39,3.72,4.39,268000,1084750,0.46,60
109/02/26,3.92,4.21,3.39,3.41,272000,1093280,-0.98,47
109/02/27,3.48,3.54,2.57,2.58,177000,583340,-0.83,25
109/03/02,2.12,2.60,2.12,2.55,127000,308720,-0.03,19
109/03/03,2.72,2.80,2.57,2.76,181000,485380,0.21,29
109/03/04,2.44,2.86,2.44,2.84,133000,347810,0.08,21
109/03/05,3.08,3.24,3.03,3.23,106000,332090,0.39,17
109/03/06,2.96,2.96,2.76,2.76,81000,233610,-0.47,13
109/03/09,2.66,2.73,2.42,2.42,55000,143690,-0.34,8
109/03/10,2.05,2.37,2.00,2.34,225000,480910,-0.08,25
109/03/11,2.20,2.28,1.85,1.85,241000,516200,-0.49,22
109/03/12,1.66,1.66,1.09,1.15,223000,327820,-0.70,14
109/03/13,0.65,0.86,0.62,0.86,198000,134170,-0.29,8
109/03/16,0.88,0.88,0.48,0.48,42000,23800,-0.38,12
109/03/17,0.42,0.42,0.37,0.40,72000,29690,-0.08,5
109/03/18,0.29,0.30,0.29,0.29,25000,7350,-0.11,3
109/03/19,0.19,0.19,0.19,0.19,1000,190,-0.10,1
109/03/20,0.19,0.20,0.19,0.20,29000,5600,0.01,2
109/03/23,--,--,--,--,0,0,0.00,0
109/03/24,--,--,--,--,0,0,0.00,0
109/03/25,--,--,--,--,0,0,0.00,0
109/03/26,--,--,--,--,0,0,0.00,0
109/03/27,0.82,0.82,0.59,0.59,19000,14430,0.00,2
109/03/30,0.79,0.79,0.79,0.79,1000,790,0.20,1
109/03/31,--,--,--,--,0,0,0.00,0
109/04/01,--,--,--,--,0,0,0.00,0
109/04/06,0.68,0.80,0.68,0.80,21000,16680,0.00,2
109/04/07,1.06,1.15,1.06,1.14,16000,17490,0.34,3
109/04/08,--,--,--,--,0,0,0.00,0
109/04/09,1.30,1.30,1.30,1.30,10000,13000,0.00,1
109/04/10,--,--,--,--,0,0,0.00,0
109/04/13,--,--,--,--,0,0,0.00,0
109/04/14,--,--,--,--,0,0,0.00,0
109/04/15,--,--,--,--,0,0,0.00,0
109/04/16,1.13,1.13,1.13,1.13,1000,1130,0.00,1
109/04/17,1.29,1.29,1.26,1.26,20000,25350,0.13,2
109/04/20,--,--,--,--,0,0,0.00,0
109/04/21,--,--,--,--,0,0,0.00,0
109/04/22,--,--,--,--,0,0,0.00,0
109/04/23,--,--,--,--,0,0,0.00,0
109/04/24,--,--,--,--,0,0,0.00,0
109/04/27,0.87,0.87,0.87,0.87,1000,870,0.00,1
109/04/28,0.80,0.80,0.80,0.80,10000,8000,-0.07,1
109/04/29,--,--,--,--,0,0,0.00,0
109/04/30,1.00,1.11,1.00,1.11,10000,10550,0.00,2
109/05/04,0.95,0.95,0.95,0.95,3000,2850,-0.16,1
109/05/05,1.06,1.06,1.06,1.06,10000,10600,0.11,1
109/05/06,--,--,--,--,0,0,0.00,0
109/05/07,--,--,--,--,0,0,0.00,0
109/05/08,1.18,1.18,1.18,1.18,3000,3540,0.00,1
109/05/11,1.18,1.18,1.18,1.18,10000,11800,0.00,1
109/05/12,1.30,1.30,1.30,1.30,10000,13000,0.12,1
109/05/13,1.20,1.20,1.20,1.20,10000,12000,-0.10,1
109/05/14,--,--,--,--,0,0,0.00,0
109/05/15,--,--,--,--,0,0,0.00,0
109/05/14,--,--,--,--,0,0,0.00,0
109/05/13,1.20,1.20,1.20,1.20,10000,12000,-0.10,1
109/05/12,1.30,1.30,1.30,1.30,10000,13000,0.12,1
109/05/11,1.18,1.18,1.18,1.18,10000,11800,0.00,1
109/05/08,1.18,1.18,1.18,1.18,3000,3540,0.00,1
109/05/07,--,--,--,--,0,0,0.00,0
109/05/06,--,--,--,--,0,0,0.00,0
109/05/05,1.06,1.06,1.06,1.06,10000,10600,0.11,1
109/05/04,0.95,0.95,0.95,0.95,3000,2850,-0.16,1
109/04/30,1.00,1.11,1.00,1.11,10000,10550,0.00,2
109/04/29,--,--,--,--,0,0,0.00,0
109/04/28,0.80,0.80,0.80,0.80,10000,8000,-0.07,1
109/04/27,0.87,0.87,0.87,0.87,1000,870,0.00,1
