109/01/06,--,--,--,--,0,0,0.00,0
109/01/07,--,--,--,--,0,0,0.00,0
109/01/08,1.77,1.77,1.69,1.69,37000,64690,0.00,2
109/01/09,1.74,1.89,1.74,1.86,62000,111660,0.17,7
109/01/10,1.78,1.78,1.69,1.69,25000,43120,-0.17,5
109/01/13,1.90,2.02,1.90,2.02,57000,108540,0.33,5
109/01/14,2.04,2.11,2.04,2.11,172000,357100,0.09,10
109/01/15,2.11,2.11,1.88,1.88,158000,317090,-0.23,12
109/01/16,1.88,2.03,1.88,1.97,36000,69330,0.09,3
109/01/17,1.96,2.05,1.92,2.02,63000,126660,0.05,7
109/01/20,2.07,2.10,2.03,2.08,76000,157760,0.06,8
109/01/30,1.39,1.39,0.90,0.90,11000,14800,-1.18,2
109/01/31,0.98,1.00,0.98,1.00,33000,32400,0.10,2
109/02/03,0.63,0.85,0.63,0.85,123000,100150,-0.15,5
109/02/04,0.94,1.09,0.90,1.07,181000,175740,0.22,19
109/02/05,1.04,1.08,0.97,1.08,238000,246690,0.01,19
109/02/06,1.07,1.13,1.07,1.11,256000,275320,0.03,7
109/02/07,1.04,1.04,1.01,1.01,249000,258060,-0.10,8
109/02/10,0.80,0.96,0.78,0.96,140000,120400,-0.05,7
109/02/11,1.03,1.05,1.02,1.05,89000,92750,0.09,5
109/02/12,1.21,1.47,1.21,1.42,58000,74910,0.37,9
109/02/13,1.43,1.49,1.36,1.36,135000,189690,-0.06,18
109/02/14,1.36,1.44,1.36,1.39,74000,104110,0.03,7
109/02/17,1.38,1.49,1.38,1.38,99000,138530,-0.01,8
109/02/18,1.40,1.40,1.40,1.40,34000,47600,0.02,3
109/02/19,1.31,1.39,1.31,1.39,36000,48520,-0.01,3
109/02/20,1.46,1.46,1.38,1.38,36000,50900,-0.01,3
109/02/21,1.26,1.26,1.24,1.24,17000,21140,-0.14,2
109/02/24,1.21,1.26,1.21,1.26,23000,28230,0.02,3
109/02/25,1.20,1.30,1.20,1.25,38000,47080,-0.01,5
109/02/26,1.35,1.35,1.32,1.32,28000,37260,0.07,3
109/02/27,1.34,1.34,0.94,0.94,86000,98080,-0.38,8
109/03/02,0.79,0.89,0.79,0.89,109000,94110,-0.05,17
109/03/03,1.01,1.15,1.01,1.15,85000,91130,0.26,10
109/03/04,0.99,1.03,0.94,0.98,130000,128940,-0.17,10
109/03/05,1.03,1.05,1.00,1.00,150000,152750,0.02,17
109/03/06,1.03,1.08,1.01,1.06,144000,151000,0.06,17
109/03/09,1.03,1.03,0.80,0.80,100000,96600,-0.26,7
109/03/10,0.84,1.04,0.84,1.01,110000,103740,0.21,12
109/03/11,1.07,1.07,1.02,1.02,114000,121040,0.01,16
109/03/12,0.85,0.85,0.59,0.62,236000,167130,-0.40,21
109/03/13,0.32,0.46,0.31,0.46,110000,37400,-0.16,8
109/03/16,0.42,0.42,0.39,0.39,23000,9270,-0.07,2
109/03/17,--,--,--,--,0,0,0.00,0
109/03/18,--,--,--,--,0,0,0.00,0
109/03/19,--,--,--,--,0,0,0.00,0
109/03/20,0.16,0.16,0.16,0.16,20000,3200,0.00,1
109/03/23,--,--,--,--,0,0,0.00,0
109/03/24,0.20,0.20,0.20,0.20,8000,1600,0.00,1
109/03/25,0.28,0.28,0.28,0.28,2000,560,0.08,1
109/03/26,0.28,0.28,0.28,0.28,10000,2800,0.00,1
109/03/27,--,--,--,--,0,0,0.00,0
109/03/30,--,--,--,--,0,0,0.00,0
109/03/31,--,--,--,--,0,0,0.00,0
109/04/01,--,--,--,--,0,0,0.00,0
109/04/06,--,--,--,--,0,0,0.00,0
109/04/07,--,--,--,--,0,0,0.00,0
109/04/08,--,--,--,--,0,0,0.00,0
109/04/09,--,--,--,--,0,0,0.00,0
109/04/10,--,--,--,--,0,0,0.00,0
109/04/13,--,--,--,--,0,0,0.00,0
109/04/14,0.61,0.61,0.61,0.61,3000,1830,0.00,1
109/04/15,--,--,--,--,0,0,0.00,0
109/04/16,--,--,--,--,0,0,0.00,0
109/04/17,0.83,0.83,0.83,0.83,10000,8300,0.00,1
109/04/20,--,--,--,--,0,0,0.00,0
109/04/21,--,--,--,--,0,0,0.00,0
109/04/22,--,--,--,--,0,0,0.00,0
109/04/23,--,--,--,--,0,0,0.00,0
109/04/24,0.72,0.72,0.72,0.72,10000,7200,0.00,1
109/04/27,--,--,--,--,0,0,0.00,0
109/04/28,--,--,--,--,0,0,0.00,0
109/04/29,0.77,0.77,0.77,0.77,10000,7700,0.00,1
109/04/30,0.90,0.93,0.90,0.93,30000,27300,0.16,3
109/05/04,1.02,1.10,1.02,1.04,33000,34760,0.11,9
109/05/05,1.17,1.29,1.17,1.24,60000,74900,0.20,6
109/05/06,1.13,1.16,1.05,1.16,38000,41580,-0.08,8
109/05/07,1.26,1.60,1.26,1.60,26000,35590,0.44,5
109/05/08,1.41,1.89,1.41,1.81,80000,138150,0.21,14
109/05/11,1.99,1.99,1.88,1.88,10000,19350,0.07,2
109/05/12,1.79,1.79,1.79,1.79,8000,14320,-0.09,1
109/05/13,1.81,1.81,1.81,1.81,15000,27150,0.02,1
109/05/14,--,--,--,--,0,0,0.00,0
109/05/15,--,--,--,--,0,0,0.00,0
109/05/14,--,--,--,--,0,0,0.00,0
109/05/13,1.81,1.81,1.81,1.81,15000,27150,0.02,1
109/05/12,1.79,1.79,1.79,1.79,8000,14320,-0.09,1
109/05/11,1.99,1.99,1.88,1.88,10000,19350,0.07,2
109/05/08,1.41,1.89,1.41,1.81,80000,138150,0.21,14
109/05/07,1.26,1.60,1.26,1.60,26000,35590,0.44,5
109/05/06,1.13,1.16,1.05,1.16,38000,41580,-0.08,8
109/05/05,1.17,1.29,1.17,1.24,60000,74900,0.20,6
109/05/04,1.02,1.10,1.02,1.04,33000,34760,0.11,9
109/04/30,0.90,0.93,0.90,0.93,30000,27300,0.16,3
109/04/29,0.77,0.77,0.77,0.77,10000,7700,0.00,1
109/04/28,--,--,--,--,0,0,0.00,0
109/04/27,--,--,--,--,0,0,0.00,0
