109/01/07,--,--,--,--,0,0,0.00,0
109/01/08,--,--,--,--,0,0,0.00,0
109/01/09,0.94,0.94,0.94,0.94,3000,2820,0.00,1
109/01/10,--,--,--,--,0,0,0.00,0
109/01/13,0.95,0.97,0.95,0.97,61000,58150,0.00,2
109/01/14,0.94,0.94,0.92,0.93,133000,123280,-0.04,5
109/01/15,0.92,0.95,0.92,0.92,117000,108360,-0.01,3
109/01/16,0.94,0.98,0.94,0.98,128000,123480,0.06,4
109/01/17,0.97,0.99,0.96,0.99,35000,34050,0.01,4
109/01/20,0.99,0.99,0.98,0.98,13000,12840,-0.01,2
109/01/30,0.74,0.74,0.74,0.74,10000,7400,-0.24,1
109/01/31,0.76,0.76,0.76,0.76,63000,47880,0.02,1
109/02/03,0.71,0.71,0.71,0.71,63000,44730,-0.05,1
109/02/04,--,--,--,--,0,0,0.00,0
109/02/05,--,--,--,--,0,0,0.00,0
109/02/06,--,--,--,--,0,0,0.00,0
109/02/07,--,--,--,--,0,0,0.00,0
109/02/10,--,--,--,--,0,0,0.00,0
109/02/11,--,--,--,--,0,0,0.00,0
109/02/12,0.64,0.64,0.64,0.64,36000,23040,0.00,1
109/02/13,0.65,0.66,0.65,0.66,71000,46500,0.02,2
109/02/14,0.67,0.68,0.67,0.68,69000,46570,0.02,2
109/02/17,0.64,0.66,0.64,0.66,44000,28840,-0.02,2
109/02/18,0.67,0.67,0.67,0.67,10000,6700,0.01,1
109/02/19,--,--,--,--,0,0,0.00,0
109/02/20,--,--,--,--,0,0,0.00,0
109/02/21,0.65,0.65,0.65,0.65,15000,9750,0.00,1
109/02/24,0.62,0.62,0.62,0.62,15000,9300,-0.03,1
109/02/25,--,--,--,--,0,0,0.00,0
109/02/26,--,--,--,--,0,0,0.00,0
109/02/27,--,--,--,--,0,0,0.00,0
109/03/02,--,--,--,--,0,0,0.00,0
109/03/03,--,--,--,--,0,0,0.00,0
109/03/04,--,--,--,--,0,0,0.00,0
109/03/05,0.58,0.58,0.58,0.58,20000,11600,0.00,1
109/03/06,--,--,--,--,0,0,0.00,0
109/03/09,0.46,0.46,0.46,0.46,20000,9200,0.00,1
109/03/10,--,--,--,--,0,0,0.00,0
109/03/11,0.36,0.36,0.36,0.36,50000,18000,0.00,1
109/03/12,--,--,--,--,0,0,0.00,0
109/03/13,--,--,--,--,0,0,0.00,0
109/03/16,--,--,--,--,0,0,0.00,0
109/03/17,--,--,--,--,0,0,0.00,0
109/03/18,--,--,--,--,0,0,0.00,0
109/03/19,--,--,--,--,0,0,0.00,0
109/03/20,--,--,--,--,0,0,0.00,0
109/03/23,--,--,--,--,0,0,0.00,0
109/03/24,--,--,--,--,0,0,0.00,0
109/03/25,--,--,--,--,0,0,0.00,0
109/03/26,--,--,--,--,0,0,0.00,0
109/03/27,--,--,--,--,0,0,0.00,0
109/03/30,--,--,--,--,0,0,0.00,0
109/03/31,--,--,--,--,0,0,0.00,0
109/04/01,--,--,--,--,0,0,0.00,0
109/04/06,--,--,--,--,0,0,0.00,0
109/04/07,--,--,--,--,0,0,0.00,0
109/04/08,--,--,--,--,0,0,0.00,0
109/04/09,0.96,0.96,0.96,0.96,42000,40320,0.00,2
109/04/10,0.94,0.97,0.94,0.95,44000,41790,-0.01,3
109/04/13,0.91,0.91,0.90,0.90,12000,10820,-0.05,3
109/04/14,--,--,--,--,0,0,0.00,0
109/04/15,--,--,--,--,0,0,0.00,0
109/04/16,0.94,1.01,0.94,0.99,111000,108750,0.00,5
109/04/17,0.99,0.99,0.96,0.97,179000,173050,-0.02,4
109/04/20,0.91,0.94,0.90,0.94,88000,82270,-0.03,4
109/04/21,0.92,0.92,0.92,0.92,10000,9200,-0.02,2
109/04/22,0.86,0.87,0.86,0.87,60000,52000,-0.05,3
109/04/23,0.93,0.93,0.93,0.93,18000,16740,0.06,3
109/04/24,--,--,--,--,0,0,0.00,0
109/04/27,--,--,--,--,0,0,0.00,0
109/04/28,0.87,0.88,0.87,0.88,58000,50860,0.00,5
109/04/29,0.90,0.90,0.90,0.90,67000,60300,0.02,4
109/04/30,0.88,0.89,0.88,0.88,78000,68830,-0.02,4
109/05/04,0.81,0.81,0.80,0.80,27000,21680,-0.08,2
109/05/05,--,--,--,--,0,0,0.00,0
109/05/06,0.84,0.85,0.84,0.85,122000,103090,0.00,6
109/05/07,0.80,0.84,0.80,0.84,219000,180200,-0.01,21
109/05/08,0.92,0.92,0.90,0.90,97000,88160,0.06,3
109/05/11,0.93,0.96,0.93,0.96,107000,100990,0.06,5
109/05/12,0.96,0.96,0.91,0.92,107000,99850,-0.04,15
109/05/13,--,--,--,--,0,0,0.00,0
109/05/14,0.83,0.83,0.83,0.83,100000,83000,0.00,1
109/05/15,--,--,--,--,0,0,0.00,0
109/05/14,0.83,0.83,0.83,0.83,100000,83000,0.00,1
109/05/13,--,--,--,--,0,0,0.00,0
109/05/12,0.96,0.96,0.91,0.92,107000,99850,-0.04,15
109/05/11,0.93,0.96,0.93,0.96,107000,100990,0.06,5
109/05/08,0.92,0.92,0.90,0.90,97000,88160,0.06,3
109/05/07,0.80,0.84,0.80,0.84,219000,180200,-0.01,21
109/05/06,0.84,0.85,0.84,0.85,122000,103090,0.00,6
109/05/05,--,--,--,--,0,0,0.00,0
109/05/04,0.81,0.81,0.80,0.80,27000,21680,-0.08,2
109/04/30,0.88,0.89,0.88,0.88,78000,68830,-0.02,4
109/04/29,0.90,0.90,0.90,0.90,67000,60300,0.02,4
109/04/28,0.87,0.88,0.87,0.88,58000,50860,0.00,5
109/04/27,--,--,--,--,0,0,0.00,0
