109/01/07,--,--,--,--,0,0,0.00,0
109/01/08,--,--,--,--,0,0,0.00,0
109/01/09,1.82,1.92,1.82,1.92,35000,65980,0.00,3
109/01/10,1.89,1.89,1.87,1.87,35000,65890,-0.05,4
109/01/13,1.83,2.12,1.83,2.12,655000,1301830,0.25,25
109/01/14,1.99,2.12,1.99,2.12,938000,1946350,0.00,26
109/01/15,1.98,2.08,1.97,2.06,339000,693760,-0.06,9
109/01/16,2.02,2.02,2.00,2.00,56000,112300,-0.06,6
109/01/17,1.95,1.95,1.94,1.94,23000,44750,-0.06,3
109/01/20,1.86,1.87,1.86,1.87,17000,31740,-0.07,2
109/01/30,--,--,--,--,0,0,0.00,0
109/01/31,1.59,1.69,1.59,1.68,171000,283090,0.00,15
109/02/03,1.30,1.52,1.29,1.51,193000,290370,-0.17,11
109/02/04,1.43,1.43,1.43,1.43,22000,31460,-0.08,1
109/02/05,1.37,1.53,1.37,1.53,36000,53480,0.10,3
109/02/06,1.55,1.62,1.53,1.62,85000,134980,0.09,5
109/02/07,1.53,1.53,1.53,1.53,49000,74970,-0.09,1
109/02/10,1.49,1.49,1.46,1.46,21000,30990,-0.07,2
109/02/11,1.43,1.43,1.39,1.39,21000,29630,-0.07,2
109/02/12,--,--,--,--,0,0,0.00,0
109/02/13,1.48,1.50,1.48,1.50,32000,47690,0.00,3
109/02/14,1.49,1.58,1.48,1.58,167000,257400,0.08,10
109/02/17,1.34,1.35,1.34,1.34,135000,181310,-0.24,6
109/02/18,1.38,1.38,1.38,1.38,11000,15180,0.04,1
109/02/19,1.28,1.41,1.28,1.41,12000,15490,0.03,2
109/02/20,1.41,1.41,1.41,1.41,1000,1410,0.00,1
109/02/21,--,--,--,--,0,0,0.00,0
109/02/24,--,--,--,--,0,0,0.00,0
109/02/25,0.99,0.99,0.99,0.99,11000,10890,0.00,1
109/02/26,0.88,0.88,0.88,0.88,11000,9680,-0.11,1
109/02/27,0.85,0.85,0.85,0.85,10000,8500,-0.03,1
109/03/02,0.84,0.90,0.84,0.90,21000,18240,0.05,2
109/03/03,0.92,1.02,0.92,1.01,399000,403500,0.11,17
109/03/04,0.85,0.90,0.82,0.90,388000,334540,-0.11,24
109/03/05,0.93,0.93,0.93,0.93,36000,33480,0.03,1
109/03/06,0.83,0.86,0.83,0.85,113000,95890,-0.08,7
109/03/09,0.69,0.71,0.69,0.71,131000,91050,-0.14,2
109/03/10,0.62,0.71,0.62,0.67,185000,126340,-0.04,9
109/03/11,0.84,0.99,0.75,0.75,306000,273670,0.08,27
109/03/12,0.74,0.78,0.63,0.63,136000,99580,-0.12,20
109/03/13,0.56,0.56,0.43,0.56,15000,7750,-0.07,3
109/03/16,--,--,--,--,0,0,0.00,0
109/03/17,0.39,0.39,0.39,0.39,17000,6630,0.00,2
109/03/18,0.37,0.38,0.37,0.37,22000,8220,-0.02,4
109/03/19,0.25,0.26,0.23,0.23,22000,5460,-0.14,3
109/03/20,0.36,0.36,0.35,0.35,20000,7090,0.12,2
109/03/23,0.15,0.15,0.14,0.14,135000,19050,-0.21,3
109/03/24,0.15,0.16,0.15,0.16,120000,19000,0.02,2
109/03/25,0.24,0.26,0.21,0.21,11000,2600,0.05,4
109/03/26,--,--,--,--,0,0,0.00,0
109/03/27,0.30,0.32,0.30,0.32,10000,3040,0.00,2
109/03/30,--,--,--,--,0,0,0.00,0
109/03/31,--,--,--,--,0,0,0.00,0
109/04/01,0.32,0.39,0.32,0.39,93000,34680,0.00,9
109/04/06,0.43,0.52,0.42,0.47,705000,334200,0.08,52
109/04/07,0.58,0.59,0.51,0.54,760000,432130,0.07,25
109/04/08,0.52,0.55,0.52,0.52,308000,163240,-0.02,13
109/04/09,0.60,0.62,0.59,0.60,240000,145220,0.08,12
109/04/10,--,--,--,--,0,0,0.00,0
109/04/13,0.41,0.41,0.41,0.41,98000,40180,0.00,1
109/04/14,0.49,0.51,0.49,0.51,196000,98000,0.10,2
109/04/15,0.61,0.61,0.61,0.61,98000,59780,0.10,1
109/04/16,--,--,--,--,0,0,0.00,0
109/04/17,--,--,--,--,0,0,0.00,0
109/04/20,0.91,0.91,0.91,0.91,20000,18200,0.00,1
109/04/21,0.74,0.74,0.74,0.74,10000,7400,-0.17,1
109/04/22,--,--,--,--,0,0,0.00,0
109/04/23,0.71,0.71,0.71,0.71,10000,7100,0.00,1
109/04/24,--,--,--,--,0,0,0.00,0
109/04/27,--,--,--,--,0,0,0.00,0
109/04/28,0.66,0.66,0.66,0.66,98000,64680,0.00,1
109/04/29,0.85,0.86,0.84,0.84,384000,326420,0.18,5
109/04/30,0.82,0.83,0.76,0.83,246000,197220,-0.01,10
109/05/04,0.51,0.57,0.51,0.57,120000,66760,-0.26,10
109/05/05,0.58,0.58,0.58,0.58,80000,46400,0.01,1
109/05/06,0.58,0.61,0.55,0.55,375000,217150,-0.03,9
109/05/07,0.54,0.54,0.40,0.42,383000,178980,-0.13,13
109/05/08,--,--,--,--,0,0,0.00,0
109/05/11,0.37,0.37,0.36,0.36,133000,48410,0.00,5
109/05/12,0.34,0.34,0.34,0.34,120000,40800,-0.02,1
109/05/13,0.36,0.36,0.36,0.36,8000,2880,0.02,1
109/05/14,0.38,0.38,0.38,0.38,100000,38000,0.02,1
109/05/15,0.33,0.33,0.33,0.33,100000,33000,-0.05,1
109/05/14,0.38,0.38,0.38,0.38,100000,38000,0.02,1
109/05/13,0.36,0.36,0.36,0.36,8000,2880,0.02,1
109/05/12,0.34,0.34,0.34,0.34,120000,40800,-0.02,1
109/05/11,0.37,0.37,0.36,0.36,133000,48410,0.00,5
109/05/08,--,--,--,--,0,0,0.00,0
109/05/07,0.54,0.54,0.40,0.42,383000,178980,-0.13,13
109/05/06,0.58,0.61,0.55,0.55,375000,217150,-0.03,9
109/05/05,0.58,0.58,0.58,0.58,80000,46400,0.01,1
109/05/04,0.51,0.57,0.51,0.57,120000,66760,-0.26,10
109/04/30,0.82,0.83,0.76,0.83,246000,197220,-0.01,10
109/04/29,0.85,0.86,0.84,0.84,384000,326420,0.18,5
109/04/28,0.66,0.66,0.66,0.66,98000,64680,0.00,1
109/04/27,--,--,--,--,0,0,0.00,0
