109/01/07,--,--,--,--,0,0,0.00,0
109/01/08,--,--,--,--,0,0,0.00,0
109/01/09,--,--,--,--,0,0,0.00,0
109/01/10,--,--,--,--,0,0,0.00,0
109/01/13,--,--,--,--,0,0,0.00,0
109/01/14,2.08,2.08,2.08,2.08,50000,104000,0.00,1
109/01/15,2.09,2.10,2.09,2.10,86000,180240,0.02,2
109/01/16,2.13,2.13,2.11,2.12,36000,76320,0.02,3
109/01/17,--,--,--,--,0,0,0.00,0
109/01/20,--,--,--,--,0,0,0.00,0
109/01/30,--,--,--,--,0,0,0.00,0
109/01/31,--,--,--,--,0,0,0.00,0
109/02/03,--,--,--,--,0,0,0.00,0
109/02/04,--,--,--,--,0,0,0.00,0
109/02/05,--,--,--,--,0,0,0.00,0
109/02/06,--,--,--,--,0,0,0.00,0
109/02/07,--,--,--,--,0,0,0.00,0
109/02/10,--,--,--,--,0,0,0.00,0
109/02/11,--,--,--,--,0,0,0.00,0
109/02/12,1.68,1.68,1.68,1.68,10000,16800,0.00,1
109/02/13,1.77,1.77,1.62,1.62,20000,33900,-0.06,3
109/02/14,1.61,1.61,1.61,1.61,10000,16100,-0.01,2
109/02/17,--,--,--,--,0,0,0.00,0
109/02/18,1.74,1.74,1.74,1.74,26000,45240,0.00,1
109/02/19,1.74,1.88,1.74,1.88,136000,247040,0.14,6
109/02/20,1.83,1.94,1.83,1.91,143000,273750,0.03,7
109/02/21,1.95,1.95,1.79,1.79,87000,165510,-0.12,3
109/02/24,1.73,1.73,1.73,1.73,54000,93420,-0.06,2
109/02/25,--,--,--,--,0,0,0.00,0
109/02/26,--,--,--,--,0,0,0.00,0
109/02/27,--,--,--,--,0,0,0.00,0
109/03/02,1.48,1.48,1.48,1.48,100000,148000,0.00,2
109/03/03,1.52,1.53,1.52,1.52,120000,182600,0.04,4
109/03/04,1.19,1.19,1.19,1.19,20000,23800,-0.33,1
109/03/05,--,--,--,--,0,0,0.00,0
109/03/06,1.19,1.19,1.19,1.19,10000,11900,0.00,1
109/03/09,1.01,1.01,1.01,1.01,17000,17170,-0.18,2
109/03/10,0.72,0.82,0.70,0.82,75000,53600,-0.19,3
109/03/11,0.83,0.83,0.83,0.83,68000,56440,0.01,1
109/03/12,--,--,--,--,0,0,0.00,0
109/03/13,--,--,--,--,0,0,0.00,0
109/03/16,--,--,--,--,0,0,0.00,0
109/03/17,--,--,--,--,0,0,0.00,0
109/03/18,--,--,--,--,0,0,0.00,0
109/03/19,--,--,--,--,0,0,0.00,0
109/03/20,--,--,--,--,0,0,0.00,0
109/03/23,--,--,--,--,0,0,0.00,0
109/03/24,0.49,0.52,0.49,0.52,53000,26060,0.00,2
109/03/25,0.67,0.67,0.67,0.67,53000,35510,0.15,2
109/03/26,--,--,--,--,0,0,0.00,0
109/03/27,0.87,0.87,0.87,0.87,50000,43500,0.00,1
109/03/30,0.95,0.95,0.95,0.95,50000,47500,0.08,1
109/03/31,1.10,1.15,1.10,1.15,33000,37430,0.20,3
109/04/01,1.14,1.32,1.14,1.32,105000,132730,0.17,11
109/04/06,1.32,1.32,1.28,1.28,76000,99060,-0.04,17
109/04/07,1.46,1.65,1.46,1.65,59000,90050,0.37,6
109/04/08,1.53,1.63,1.53,1.63,164000,255900,-0.02,11
109/04/09,1.64,2.03,1.64,1.70,154000,271220,0.07,14
109/04/10,--,--,--,--,0,0,0.00,0
109/04/13,--,--,--,--,0,0,0.00,0
109/04/14,1.54,1.62,1.54,1.62,12000,19040,0.00,2
109/04/15,1.66,1.72,1.66,1.72,17000,28820,0.10,2
109/04/16,1.73,1.73,1.73,1.73,10000,17300,0.01,1
109/04/17,1.95,1.95,1.95,1.95,2000,3900,0.22,1
109/04/20,--,--,--,--,0,0,0.00,0
109/04/21,1.64,1.64,1.64,1.64,2000,3280,0.00,1
109/04/22,1.60,1.60,1.60,1.60,50000,80000,-0.04,1
109/04/23,--,--,--,--,0,0,0.00,0
109/04/24,--,--,--,--,0,0,0.00,0
109/04/27,1.51,1.51,1.51,1.51,50000,75500,0.00,1
109/04/28,1.58,1.58,1.58,1.58,16000,25280,0.07,1
109/04/29,1.67,1.67,1.60,1.60,46000,74720,0.02,2
109/04/30,1.72,1.82,1.72,1.82,68000,122560,0.22,5
109/05/04,1.47,1.66,1.47,1.66,68000,106560,-0.16,6
109/05/05,2.02,2.06,2.02,2.02,50000,101400,0.36,3
109/05/06,2.30,2.30,2.30,2.30,20000,46000,0.28,1
109/05/07,2.65,2.75,2.65,2.75,53000,142670,0.45,5
109/05/08,2.81,2.81,2.63,2.63,52000,141630,-0.12,5
109/05/11,2.73,2.74,2.56,2.74,39000,104870,0.11,3
109/05/12,--,--,--,--,0,0,0.00,0
109/05/13,2.66,2.66,2.66,2.66,10000,26600,0.00,1
109/05/14,3.12,3.12,2.88,2.92,79000,242110,0.26,9
109/05/15,2.68,2.68,2.43,2.43,37000,95360,-0.49,5
109/05/14,3.12,3.12,2.88,2.92,79000,242110,0.26,9
109/05/13,2.66,2.66,2.66,2.66,10000,26600,0.00,1
109/05/12,--,--,--,--,0,0,0.00,0
109/05/11,2.73,2.74,2.56,2.74,39000,104870,0.11,3
109/05/08,2.81,2.81,2.63,2.63,52000,141630,-0.12,5
109/05/07,2.65,2.75,2.65,2.75,53000,142670,0.45,5
109/05/06,2.30,2.30,2.30,2.30,20000,46000,0.28,1
109/05/05,2.02,2.06,2.02,2.02,50000,101400,0.36,3
109/05/04,1.47,1.66,1.47,1.66,68000,106560,-0.16,6
109/04/30,1.72,1.82,1.72,1.82,68000,122560,0.22,5
109/04/29,1.67,1.67,1.60,1.60,46000,74720,0.02,2
109/04/28,1.58,1.58,1.58,1.58,16000,25280,0.07,1
109/04/27,1.51,1.51,1.51,1.51,50000,75500,0.00,1
