109/01/07,--,--,--,--,0,0,0.00,0
109/01/08,--,--,--,--,0,0,0.00,0
109/01/09,--,--,--,--,0,0,0.00,0
109/01/10,--,--,--,--,0,0,0.00,0
109/01/13,--,--,--,--,0,0,0.00,0
109/01/14,--,--,--,--,0,0,0.00,0
109/01/15,--,--,--,--,0,0,0.00,0
109/01/16,--,--,--,--,0,0,0.00,0
109/01/17,--,--,--,--,0,0,0.00,0
109/01/20,--,--,--,--,0,0,0.00,0
109/01/30,0.65,0.65,0.65,0.65,10000,6500,0.00,1
109/01/31,0.68,0.68,0.68,0.68,10000,6800,0.03,1
109/02/03,0.57,0.57,0.57,0.57,6000,3420,-0.11,1
109/02/04,0.62,0.62,0.62,0.62,6000,3720,0.05,1
109/02/05,0.65,0.65,0.65,0.65,20000,13000,0.03,1
109/02/06,--,--,--,--,0,0,0.00,0
109/02/07,--,--,--,--,0,0,0.00,0
109/02/10,--,--,--,--,0,0,0.00,0
109/02/11,--,--,--,--,0,0,0.00,0
109/02/12,0.63,0.67,0.63,0.67,17000,10990,0.00,2
109/02/13,0.66,0.66,0.66,0.66,10000,6600,-0.01,1
109/02/14,--,--,--,--,0,0,0.00,0
109/02/17,--,--,--,--,0,0,0.00,0
109/02/18,--,--,--,--,0,0,0.00,0
109/02/19,0.65,0.71,0.65,0.71,78000,54780,0.00,2
109/02/20,0.75,0.76,0.75,0.76,85000,63820,0.05,3
109/02/21,--,--,--,--,0,0,0.00,0
109/02/24,0.68,0.69,0.65,0.65,21000,14230,0.00,3
109/02/25,0.68,0.69,0.66,0.69,152000,102700,0.04,5
109/02/26,0.66,0.66,0.63,0.64,142000,92940,-0.05,4
109/02/27,0.65,0.68,0.55,0.55,74000,46560,-0.09,9
109/03/02,0.52,0.59,0.51,0.59,55000,29150,0.04,4
109/03/03,0.59,0.63,0.59,0.60,40000,24500,0.01,4
109/03/04,0.54,0.54,0.49,0.49,33000,17200,-0.11,3
109/03/05,0.50,0.52,0.50,0.52,21000,10810,0.03,3
109/03/06,0.47,0.47,0.47,0.47,3000,1410,-0.05,1
109/03/09,0.33,0.33,0.33,0.33,2000,660,-0.14,1
109/03/10,0.27,0.27,0.27,0.27,2000,540,-0.06,1
109/03/11,0.30,0.30,0.30,0.30,2000,600,0.03,1
109/03/12,0.26,0.26,0.26,0.26,5000,1300,-0.04,1
109/03/13,--,--,--,--,0,0,0.00,0
109/03/16,--,--,--,--,0,0,0.00,0
109/03/17,--,--,--,--,0,0,0.00,0
109/03/18,--,--,--,--,0,0,0.00,0
109/03/19,--,--,--,--,0,0,0.00,0
109/03/20,--,--,--,--,0,0,0.00,0
109/03/23,--,--,--,--,0,0,0.00,0
109/03/24,--,--,--,--,0,0,0.00,0
109/03/25,--,--,--,--,0,0,0.00,0
109/03/26,--,--,--,--,0,0,0.00,0
109/03/27,0.65,0.65,0.65,0.65,70000,45500,0.00,2
109/03/30,0.60,0.60,0.59,0.59,70000,41820,-0.06,6
109/03/31,--,--,--,--,0,0,0.00,0
109/04/01,--,--,--,--,0,0,0.00,0
109/04/06,--,--,--,--,0,0,0.00,0
109/04/07,--,--,--,--,0,0,0.00,0
109/04/08,1.22,1.22,1.22,1.22,68000,82960,0.00,1
109/04/09,1.40,1.40,1.26,1.26,186000,249330,0.04,5
109/04/10,1.25,1.25,1.24,1.24,99000,123700,-0.02,2
109/04/13,1.20,1.20,1.20,1.20,207000,248400,-0.04,3
109/04/14,--,--,--,--,0,0,0.00,0
109/04/15,--,--,--,--,0,0,0.00,0
109/04/16,--,--,--,--,0,0,0.00,0
109/04/17,--,--,--,--,0,0,0.00,0
109/04/20,--,--,--,--,0,0,0.00,0
109/04/21,--,--,--,--,0,0,0.00,0
109/04/22,--,--,--,--,0,0,0.00,0
109/04/23,--,--,--,--,0,0,0.00,0
109/04/24,--,--,--,--,0,0,0.00,0
109/04/27,--,--,--,--,0,0,0.00,0
109/04/28,1.19,1.19,1.19,1.19,19000,22610,0.00,1
109/04/29,1.20,1.20,1.20,1.20,19000,22800,0.01,1
109/04/30,1.25,1.28,1.25,1.28,34000,43100,0.08,2
109/05/04,1.13,1.17,1.13,1.15,64000,73860,-0.13,7
109/05/05,1.30,1.45,1.30,1.45,310000,431370,0.30,14
109/05/06,1.45,1.48,1.44,1.46,194000,284000,0.01,34
109/05/07,1.58,1.63,1.58,1.63,105000,170690,0.17,3
109/05/08,1.66,1.66,1.66,1.66,3000,4980,0.03,1
109/05/11,--,--,--,--,0,0,0.00,0
109/05/12,--,--,--,--,0,0,0.00,0
109/05/13,1.58,1.58,1.58,1.58,4000,6320,0.00,1
109/05/14,1.57,1.73,1.57,1.73,98000,154500,0.15,3
109/05/15,1.51,1.51,1.38,1.38,188000,271660,-0.35,2
109/05/14,1.57,1.73,1.57,1.73,98000,154500,0.15,3
109/05/13,1.58,1.58,1.58,1.58,4000,6320,0.00,1
109/05/12,--,--,--,--,0,0,0.00,0
109/05/11,--,--,--,--,0,0,0.00,0
109/05/08,1.66,1.66,1.66,1.66,3000,4980,0.03,1
109/05/07,1.58,1.63,1.58,1.63,105000,170690,0.17,3
109/05/06,1.45,1.48,1.44,1.46,194000,284000,0.01,34
109/05/05,1.30,1.45,1.30,1.45,310000,431370,0.30,14
109/05/04,1.13,1.17,1.13,1.15,64000,73860,-0.13,7
109/04/30,1.25,1.28,1.25,1.28,34000,43100,0.08,2
109/04/29,1.20,1.20,1.20,1.20,19000,22800,0.01,1
109/04/28,1.19,1.19,1.19,1.19,19000,22610,0.00,1
109/04/27,--,--,--,--,0,0,0.00,0
