109/01/07,--,--,--,--,0,0,0.00,0
109/01/08,--,--,--,--,0,0,0.00,0
109/01/09,--,--,--,--,0,0,0.00,0
109/01/10,--,--,--,--,0,0,0.00,0
109/01/13,--,--,--,--,0,0,0.00,0
109/01/14,--,--,--,--,0,0,0.00,0
109/01/15,--,--,--,--,0,0,0.00,0
109/01/16,--,--,--,--,0,0,0.00,0
109/01/17,--,--,--,--,0,0,0.00,0
109/01/20,--,--,--,--,0,0,0.00,0
109/01/30,--,--,--,--,0,0,0.00,0
109/01/31,--,--,--,--,0,0,0.00,0
109/02/03,--,--,--,--,0,0,0.00,0
109/02/04,0.91,0.91,0.91,0.91,18000,16380,0.00,2
109/02/05,--,--,--,--,0,0,0.00,0
109/02/06,--,--,--,--,0,0,0.00,0
109/02/07,--,--,--,--,0,0,0.00,0
109/02/10,0.90,0.91,0.90,0.90,43000,38800,0.00,4
109/02/11,--,--,--,--,0,0,0.00,0
109/02/12,1.06,1.07,1.06,1.07,8000,8530,0.00,2
109/02/13,1.05,1.05,1.02,1.02,25000,25650,-0.05,3
109/02/14,1.06,1.07,1.05,1.07,43000,45450,0.05,5
109/02/17,1.04,1.04,1.02,1.03,120000,123600,-0.04,6
109/02/18,0.98,1.02,0.98,0.99,170000,170330,-0.04,15
109/02/19,1.03,1.03,0.99,0.99,232000,231620,0.00,14
109/02/20,0.99,1.05,0.96,1.05,1127000,1150180,0.06,72
109/02/21,1.02,1.02,0.95,0.96,762000,767480,-0.09,30
109/02/24,1.06,1.40,1.06,1.34,2518000,3123340,0.38,133
109/02/25,1.23,1.33,1.20,1.30,1141000,1464840,-0.04,64
109/02/26,1.24,1.40,1.24,1.31,621000,826800,0.01,55
109/02/27,1.47,1.50,1.25,1.27,1159000,1653890,-0.04,74
109/03/02,1.14,1.43,1.14,1.38,830000,1107180,0.11,58
109/03/03,1.56,1.56,1.41,1.43,1001000,1465430,0.05,46
109/03/04,1.47,1.71,1.43,1.54,1333000,2014870,0.11,102
109/03/05,1.61,1.66,1.56,1.63,336000,539630,0.09,50
109/03/06,1.64,2.53,1.63,2.39,1129000,2063150,0.76,134
109/03/09,2.03,2.04,1.59,1.61,746000,1439440,-0.78,79
109/03/10,1.45,1.68,1.40,1.67,94000,143410,0.06,17
109/03/11,1.79,1.79,1.53,1.53,129000,208860,-0.14,17
109/03/12,1.38,1.38,1.16,1.26,113000,145790,-0.27,15
109/03/13,0.75,1.02,0.75,1.02,170000,140210,-0.24,18
109/03/16,1.01,1.01,0.79,0.79,106000,84960,-0.23,3
109/03/17,0.53,0.53,0.52,0.52,7000,3690,-0.27,2
109/03/18,0.52,0.52,0.40,0.46,119000,52290,-0.06,17
109/03/19,0.33,0.33,0.25,0.25,287000,72710,-0.21,32
109/03/20,0.34,0.50,0.34,0.50,6000,2360,0.25,3
109/03/23,--,--,--,--,0,0,0.00,0
109/03/24,0.64,0.64,0.55,0.55,5000,2840,0.00,2
109/03/25,0.47,0.55,0.47,0.49,213000,105660,-0.06,10
109/03/26,0.52,0.52,0.52,0.52,1000,520,0.03,1
109/03/27,0.50,0.50,0.46,0.46,106000,49000,-0.06,2
109/03/30,0.38,0.41,0.38,0.41,8000,3090,-0.05,3
109/03/31,0.45,0.54,0.42,0.42,45000,20190,0.01,7
109/04/01,--,--,--,--,0,0,0.00,0
109/04/06,0.58,0.58,0.58,0.58,34000,19720,0.00,5
109/04/07,0.80,0.80,0.78,0.78,2000,1580,0.20,2
109/04/08,0.66,0.75,0.66,0.75,5000,3390,-0.03,2
109/04/09,0.99,0.99,0.99,0.99,3000,2970,0.24,2
109/04/10,0.84,0.84,0.80,0.80,43000,34800,-0.19,3
109/04/13,--,--,--,--,0,0,0.00,0
109/04/14,0.93,0.99,0.93,0.99,18000,17260,0.00,6
109/04/15,1.03,1.04,1.03,1.04,7000,7260,0.05,2
109/04/16,1.14,1.14,1.14,1.14,10000,11400,0.10,1
109/04/17,1.13,1.13,1.13,1.13,20000,22600,-0.01,2
109/04/20,1.01,1.12,1.01,1.12,13000,14230,-0.01,2
109/04/21,1.12,1.12,0.92,0.92,30000,29840,-0.20,12
109/04/22,1.05,1.14,1.05,1.14,32000,34260,0.22,5
109/04/23,1.17,1.17,1.17,1.17,1000,1170,0.03,1
109/04/24,--,--,--,--,0,0,0.00,0
109/04/27,1.16,1.16,1.15,1.15,30000,34700,0.00,3
109/04/28,1.12,1.18,1.12,1.18,21000,23880,0.03,3
109/04/29,1.19,1.20,1.17,1.19,278000,326260,0.01,6
109/04/30,1.19,1.22,1.19,1.19,36000,43440,0.00,5
109/05/04,1.16,1.20,1.16,1.20,10000,11800,0.01,2
109/05/05,1.30,1.33,1.30,1.33,6000,7890,0.13,2
109/05/06,1.61,1.65,1.61,1.65,16000,25910,0.32,4
109/05/07,2.00,2.87,2.00,2.87,23000,57870,1.22,8
109/05/08,2.78,2.78,2.61,2.61,13000,35790,-0.26,4
109/05/11,--,--,--,--,0,0,0.00,0
109/05/12,--,--,--,--,0,0,0.00,0
109/05/13,3.12,3.12,3.09,3.09,12000,37140,0.00,3
109/05/14,2.54,2.54,2.54,2.54,10000,25400,-0.55,1
109/05/15,--,--,--,--,0,0,0.00,0
109/05/14,2.54,2.54,2.54,2.54,10000,25400,-0.55,1
109/05/13,3.12,3.12,3.09,3.09,12000,37140,0.00,3
109/05/12,--,--,--,--,0,0,0.00,0
109/05/11,--,--,--,--,0,0,0.00,0
109/05/08,2.78,2.78,2.61,2.61,13000,35790,-0.26,4
109/05/07,2.00,2.87,2.00,2.87,23000,57870,1.22,8
109/05/06,1.61,1.65,1.61,1.65,16000,25910,0.32,4
109/05/05,1.30,1.33,1.30,1.33,6000,7890,0.13,2
109/05/04,1.16,1.20,1.16,1.20,10000,11800,0.01,2
109/04/30,1.19,1.22,1.19,1.19,36000,43440,0.00,5
109/04/29,1.19,1.20,1.17,1.19,278000,326260,0.01,6
109/04/28,1.12,1.18,1.12,1.18,21000,23880,0.03,3
109/04/27,1.16,1.16,1.15,1.15,30000,34700,0.00,3
