109/01/07,0.96,0.96,0.96,0.96,8000,7680,0.33,1
109/01/08,--,--,--,--,0,0,0.00,0
109/01/09,--,--,--,--,0,0,0.00,0
109/01/10,--,--,--,--,0,0,0.00,0
109/01/13,--,--,--,--,0,0,0.00,0
109/01/14,0.94,0.94,0.94,0.94,70000,65800,0.00,3
109/01/15,--,--,--,--,0,0,0.00,0
109/01/16,--,--,--,--,0,0,0.00,0
109/01/17,--,--,--,--,0,0,0.00,0
109/01/20,--,--,--,--,0,0,0.00,0
109/01/30,0.56,0.57,0.56,0.57,12000,6740,0.00,2
109/01/31,0.52,0.52,0.52,0.52,100000,52000,-0.05,1
109/02/03,0.37,0.46,0.37,0.46,20000,8300,-0.06,3
109/02/04,0.42,0.52,0.42,0.51,770000,383700,0.05,22
109/02/05,0.50,0.54,0.48,0.53,738000,366310,0.02,36
109/02/06,0.53,0.63,0.53,0.63,1653000,976370,0.10,56
109/02/07,0.56,0.60,0.53,0.60,1164000,635970,-0.03,32
109/02/10,0.54,0.57,0.54,0.56,220000,122860,-0.04,6
109/02/11,0.59,0.59,0.58,0.58,5000,2910,0.02,3
109/02/12,0.59,0.61,0.59,0.60,229000,137110,0.02,9
109/02/13,0.63,0.72,0.63,0.66,1651000,1139710,0.06,47
109/02/14,0.63,0.64,0.60,0.63,1448000,900800,-0.03,63
109/02/17,0.58,0.60,0.58,0.59,51000,30100,-0.04,4
109/02/18,0.58,0.59,0.58,0.59,44000,25860,0.00,4
109/02/19,0.63,0.68,0.63,0.67,340000,227260,0.08,12
109/02/20,0.67,0.70,0.67,0.67,688000,468290,0.00,25
109/02/21,0.65,0.67,0.64,0.66,327000,214950,-0.01,27
109/02/24,0.62,0.62,0.58,0.58,97000,58600,-0.08,6
109/02/25,0.56,0.57,0.56,0.57,125000,71000,-0.01,3
109/02/26,0.54,0.54,0.52,0.52,219000,114630,-0.05,6
109/02/27,0.48,0.48,0.44,0.46,75000,35180,-0.06,7
109/03/02,0.44,0.46,0.44,0.46,60000,27200,0.00,4
109/03/03,0.44,0.44,0.44,0.44,240000,105600,-0.02,3
109/03/04,0.44,0.48,0.43,0.48,330000,149000,0.04,7
109/03/05,0.50,0.52,0.48,0.52,180000,91000,0.04,7
109/03/06,0.48,0.48,0.44,0.44,306000,143140,-0.08,8
109/03/09,0.42,0.42,0.41,0.42,100000,41500,-0.02,6
109/03/10,0.42,0.42,0.39,0.42,80000,32600,0.00,6
109/03/11,0.42,0.42,0.42,0.42,50000,21000,0.00,4
109/03/12,0.38,0.38,0.30,0.31,635000,197000,-0.11,26
109/03/13,0.27,0.32,0.25,0.31,110000,33600,0.00,12
109/03/16,0.24,0.24,0.24,0.24,15000,3600,-0.07,2
109/03/17,--,--,--,--,0,0,0.00,0
109/03/18,--,--,--,--,0,0,0.00,0
109/03/19,0.03,0.03,0.03,0.03,8000,240,0.00,1
109/03/20,--,--,--,--,0,0,0.00,0
109/03/23,0.16,0.16,0.15,0.15,12000,1810,0.00,3
109/03/24,--,--,--,--,0,0,0.00,0
109/03/25,0.21,0.40,0.21,0.40,17000,5260,0.00,4
109/03/26,0.31,0.31,0.31,0.31,26000,8060,-0.09,1
109/03/27,--,--,--,--,0,0,0.00,0
109/03/30,--,--,--,--,0,0,0.00,0
109/03/31,0.12,0.12,0.12,0.12,30000,3600,0.00,1
109/04/01,0.08,0.08,0.08,0.08,30000,2400,-0.04,1
109/04/06,0.09,0.09,0.09,0.09,30000,2700,0.01,1
109/04/07,--,--,--,--,0,0,0.00,0
109/04/08,--,--,--,--,0,0,0.00,0
109/04/09,0.30,0.30,0.30,0.30,50000,15000,0.00,2
109/04/10,0.20,0.20,0.20,0.20,1000,200,-0.10,1
109/04/13,--,--,--,--,0,0,0.00,0
109/04/14,--,--,--,--,0,0,0.00,0
109/04/15,0.18,0.18,0.18,0.18,10000,1800,0.00,1
109/04/16,--,--,--,--,0,0,0.00,0
109/04/17,--,--,--,--,0,0,0.00,0
109/04/20,--,--,--,--,0,0,0.00,0
109/04/21,--,--,--,--,0,0,0.00,0
109/04/22,--,--,--,--,0,0,0.00,0
109/04/23,--,--,--,--,0,0,0.00,0
109/04/24,--,--,--,--,0,0,0.00,0
109/04/27,--,--,--,--,0,0,0.00,0
109/04/28,--,--,--,--,0,0,0.00,0
109/04/29,0.29,0.42,0.29,0.31,453000,140960,0.00,5
109/04/30,0.36,0.37,0.35,0.35,174000,61780,0.04,7
109/05/04,0.24,0.24,0.24,0.24,14000,3360,-0.11,3
109/05/05,0.35,0.35,0.35,0.35,10000,3500,0.11,1
109/05/06,0.25,0.31,0.25,0.25,3000,810,-0.10,3
109/05/07,--,--,--,--,0,0,0.00,0
109/05/08,--,--,--,--,0,0,0.00,0
109/05/11,--,--,--,--,0,0,0.00,0
109/05/12,--,--,--,--,0,0,0.00,0
109/05/13,--,--,--,--,0,0,0.00,0
109/05/14,--,--,--,--,0,0,0.00,0
109/05/15,--,--,--,--,0,0,0.00,0
109/05/14,--,--,--,--,0,0,0.00,0
109/05/13,--,--,--,--,0,0,0.00,0
109/05/12,--,--,--,--,0,0,0.00,0
109/05/11,--,--,--,--,0,0,0.00,0
109/05/08,--,--,--,--,0,0,0.00,0
109/05/07,--,--,--,--,0,0,0.00,0
109/05/06,0.25,0.31,0.25,0.25,3000,810,-0.10,3
109/05/05,0.35,0.35,0.35,0.35,10000,3500,0.11,1
109/05/04,0.24,0.24,0.24,0.24,14000,3360,-0.11,3
109/04/30,0.36,0.37,0.35,0.35,174000,61780,0.04,7
109/04/29,0.29,0.42,0.29,0.31,453000,140960,0.00,5
109/04/28,--,--,--,--,0,0,0.00,0
109/04/27,--,--,--,--,0,0,0.00,0
