109/01/09,--,--,--,--,0,0,0.00,0
109/01/10,2.09,2.09,2.09,2.09,30000,62700,0.00,1
109/01/13,2.20,2.24,2.20,2.24,35000,77200,0.15,2
109/01/14,2.28,2.28,2.20,2.20,35000,79400,-0.04,2
109/01/15,2.19,2.19,2.19,2.19,30000,65700,-0.01,1
109/01/16,--,--,--,--,0,0,0.00,0
109/01/17,--,--,--,--,0,0,0.00,0
109/01/20,2.07,2.07,2.07,2.07,10000,20700,0.00,1
109/01/30,--,--,--,--,0,0,0.00,0
109/01/31,--,--,--,--,0,0,0.00,0
109/02/03,1.00,1.00,1.00,1.00,5000,5000,0.00,1
109/02/04,1.24,1.41,1.24,1.41,169000,222220,0.41,5
109/02/05,1.43,1.49,1.39,1.42,324000,466470,0.01,17
109/02/06,1.46,1.50,1.45,1.50,250000,372170,0.08,14
109/02/07,1.49,1.49,1.46,1.46,202000,297570,-0.04,6
109/02/10,1.43,1.46,1.43,1.45,193000,278600,-0.01,4
109/02/11,1.53,1.58,1.52,1.58,94000,144640,0.13,6
109/02/12,1.61,1.62,1.61,1.62,26000,41960,0.04,3
109/02/13,1.63,1.66,1.63,1.66,6000,9820,0.04,5
109/02/14,1.63,1.65,1.61,1.65,106000,172420,-0.01,8
109/02/17,1.59,1.74,1.59,1.74,130000,211910,0.09,14
109/02/18,1.66,1.67,1.60,1.60,39000,64540,-0.14,4
109/02/19,1.59,1.59,1.59,1.59,10000,15900,-0.01,1
109/02/20,1.70,1.75,1.68,1.69,135000,230000,0.10,7
109/02/21,1.61,1.74,1.60,1.74,265000,447410,0.05,22
109/02/24,1.61,1.62,1.57,1.57,206000,327330,-0.17,12
109/02/25,1.44,1.44,1.43,1.44,61000,87770,-0.13,3
109/02/26,1.41,1.48,1.41,1.48,130000,189700,0.04,3
109/02/27,1.44,1.44,1.39,1.39,200000,280660,-0.09,4
109/03/02,1.00,1.24,1.00,1.21,378000,439850,-0.18,9
109/03/03,1.23,1.29,1.23,1.29,458000,572490,0.08,13
109/03/04,1.12,1.12,1.12,1.12,100000,112000,-0.17,1
109/03/05,1.18,1.23,1.18,1.23,125000,151870,0.11,5
109/03/06,1.19,1.19,1.15,1.15,101000,117970,-0.08,4
109/03/09,1.01,1.01,0.96,0.98,44000,43090,-0.17,3
109/03/10,0.88,0.98,0.88,0.98,27000,24460,0.00,3
109/03/11,1.10,1.13,0.94,0.95,72000,77300,-0.03,5
109/03/12,0.80,0.80,0.59,0.59,60000,42800,-0.36,3
109/03/13,0.37,0.37,0.37,0.37,20000,7400,-0.22,1
109/03/16,--,--,--,--,0,0,0.00,0
109/03/17,0.18,0.21,0.18,0.20,60000,12100,0.00,6
109/03/18,0.18,0.18,0.18,0.18,30000,5400,-0.02,3
109/03/19,--,--,--,--,0,0,0.00,0
109/03/20,--,--,--,--,0,0,0.00,0
109/03/23,--,--,--,--,0,0,0.00,0
109/03/24,--,--,--,--,0,0,0.00,0
109/03/25,--,--,--,--,0,0,0.00,0
109/03/26,--,--,--,--,0,0,0.00,0
109/03/27,--,--,--,--,0,0,0.00,0
109/03/30,--,--,--,--,0,0,0.00,0
109/03/31,--,--,--,--,0,0,0.00,0
109/04/01,--,--,--,--,0,0,0.00,0
109/04/06,--,--,--,--,0,0,0.00,0
109/04/07,--,--,--,--,0,0,0.00,0
109/04/08,--,--,--,--,0,0,0.00,0
109/04/09,--,--,--,--,0,0,0.00,0
109/04/10,--,--,--,--,0,0,0.00,0
109/04/13,--,--,--,--,0,0,0.00,0
109/04/14,--,--,--,--,0,0,0.00,0
109/04/15,--,--,--,--,0,0,0.00,0
109/04/16,--,--,--,--,0,0,0.00,0
109/04/17,--,--,--,--,0,0,0.00,0
109/04/20,--,--,--,--,0,0,0.00,0
109/04/21,0.52,0.52,0.52,0.52,58000,30160,0.00,1
109/04/22,0.39,0.44,0.39,0.44,158000,65320,-0.08,4
109/04/23,0.44,0.44,0.44,0.44,70000,30800,0.00,1
109/04/24,--,--,--,--,0,0,0.00,0
109/04/27,--,--,--,--,0,0,0.00,0
109/04/28,0.44,0.44,0.44,0.44,10000,4400,0.00,1
109/04/29,0.45,0.45,0.45,0.45,11000,4950,0.01,1
109/04/30,0.50,0.51,0.47,0.51,94000,47050,0.06,4
109/05/04,0.42,0.43,0.41,0.43,85000,36360,-0.08,10
109/05/05,--,--,--,--,0,0,0.00,0
109/05/06,--,--,--,--,0,0,0.00,0
109/05/07,0.39,0.40,0.39,0.40,90000,35230,0.00,2
109/05/08,0.39,0.42,0.39,0.40,174000,70690,0.00,4
109/05/11,0.41,0.41,0.41,0.41,84000,34440,0.01,2
109/05/12,0.41,0.41,0.41,0.41,50000,20500,0.00,1
109/05/13,--,--,--,--,0,0,0.00,0
109/05/14,0.30,0.30,0.30,0.30,20000,6000,0.00,1
109/05/15,--,--,--,--,0,0,0.00,0
109/05/14,0.30,0.30,0.30,0.30,20000,6000,0.00,1
109/05/13,--,--,--,--,0,0,0.00,0
109/05/12,0.41,0.41,0.41,0.41,50000,20500,0.00,1
109/05/11,0.41,0.41,0.41,0.41,84000,34440,0.01,2
109/05/08,0.39,0.42,0.39,0.40,174000,70690,0.00,4
109/05/07,0.39,0.40,0.39,0.40,90000,35230,0.00,2
109/05/06,--,--,--,--,0,0,0.00,0
109/05/05,--,--,--,--,0,0,0.00,0
109/05/04,0.42,0.43,0.41,0.43,85000,36360,-0.08,10
109/04/30,0.50,0.51,0.47,0.51,94000,47050,0.06,4
109/04/29,0.45,0.45,0.45,0.45,11000,4950,0.01,1
109/04/28,0.44,0.44,0.44,0.44,10000,4400,0.00,1
109/04/27,--,--,--,--,0,0,0.00,0
