109/01/09,--,--,--,--,0,0,0.00,0
109/01/10,1.22,1.22,1.19,1.19,50000,60300,0.00,3
109/01/13,1.29,1.41,1.29,1.41,225000,302530,0.22,11
109/01/14,1.52,1.58,1.48,1.48,213000,325260,0.07,19
109/01/15,1.43,1.44,1.41,1.41,151000,216480,-0.07,5
109/01/16,1.37,1.37,1.28,1.29,155000,211060,-0.12,4
109/01/17,1.48,1.48,1.34,1.36,1041000,1423610,0.07,19
109/01/20,1.34,1.37,1.34,1.36,1081000,1452620,0.00,9
109/01/30,0.86,0.86,0.86,0.86,100000,86000,-0.50,1
109/01/31,0.88,0.98,0.86,0.98,336000,314080,0.12,10
109/02/03,0.82,0.94,0.75,0.92,522000,434440,-0.06,35
109/02/04,1.00,1.13,1.00,1.04,255000,273200,0.12,12
109/02/05,1.06,1.06,1.06,1.06,20000,21200,0.02,2
109/02/06,1.10,1.18,1.10,1.18,176000,198450,0.12,8
109/02/07,1.16,1.21,1.16,1.20,266000,315120,0.02,7
109/02/10,1.06,1.22,1.06,1.13,541000,625660,-0.07,17
109/02/11,1.14,1.21,1.11,1.21,488000,563460,0.08,41
109/02/12,1.26,1.32,1.21,1.26,191000,243600,0.05,15
109/02/13,1.28,1.28,1.13,1.13,198000,237250,-0.13,7
109/02/14,1.20,1.22,1.20,1.22,24000,29040,0.09,2
109/02/17,1.18,1.28,1.18,1.25,246000,304570,0.03,19
109/02/18,1.25,1.25,1.14,1.14,240000,288480,-0.11,14
109/02/19,1.10,1.13,1.02,1.13,204000,222400,-0.01,5
109/02/20,1.18,1.38,1.18,1.38,283000,375650,0.25,23
109/02/21,1.32,1.39,1.26,1.27,215000,284420,-0.11,25
109/02/24,1.17,1.17,1.07,1.07,149000,167130,-0.20,16
109/02/25,0.93,0.99,0.93,0.99,187000,183420,-0.08,7
109/02/26,0.95,0.99,0.92,0.92,54000,51440,-0.07,7
109/02/27,0.86,0.86,0.78,0.78,30000,24480,-0.14,3
109/03/02,0.62,0.72,0.62,0.70,116000,75540,-0.08,4
109/03/03,0.73,0.74,0.66,0.66,146000,104490,-0.04,8
109/03/04,0.61,0.61,0.60,0.60,45000,27400,-0.06,3
109/03/05,0.66,0.68,0.62,0.62,240000,153750,0.02,11
109/03/06,0.60,0.60,0.52,0.53,213000,115040,-0.09,12
109/03/09,0.42,0.42,0.36,0.36,341000,124320,-0.17,5
109/03/10,0.30,0.33,0.30,0.33,149000,47970,-0.03,3
109/03/11,0.40,0.40,0.29,0.30,151000,55710,-0.03,13
109/03/12,0.15,0.15,0.15,0.15,10000,1500,-0.15,1
109/03/13,0.06,0.06,0.06,0.06,4000,240,-0.09,1
109/03/16,--,--,--,--,0,0,0.00,0
109/03/17,--,--,--,--,0,0,0.00,0
109/03/18,0.06,0.06,0.06,0.06,20000,1200,0.00,1
109/03/19,--,--,--,--,0,0,0.00,0
109/03/20,--,--,--,--,0,0,0.00,0
109/03/23,--,--,--,--,0,0,0.00,0
109/03/24,--,--,--,--,0,0,0.00,0
109/03/25,--,--,--,--,0,0,0.00,0
109/03/26,--,--,--,--,0,0,0.00,0
109/03/27,--,--,--,--,0,0,0.00,0
109/03/30,--,--,--,--,0,0,0.00,0
109/03/31,--,--,--,--,0,0,0.00,0
109/04/01,--,--,--,--,0,0,0.00,0
109/04/06,--,--,--,--,0,0,0.00,0
109/04/07,--,--,--,--,0,0,0.00,0
109/04/08,--,--,--,--,0,0,0.00,0
109/04/09,--,--,--,--,0,0,0.00,0
109/04/10,0.13,0.13,0.13,0.13,10000,1300,0.00,1
109/04/13,--,--,--,--,0,0,0.00,0
109/04/14,--,--,--,--,0,0,0.00,0
109/04/15,0.15,0.15,0.15,0.15,15000,2250,0.00,1
109/04/16,0.26,0.26,0.26,0.26,10000,2600,0.11,1
109/04/17,0.33,0.33,0.33,0.33,10000,3300,0.07,1
109/04/20,--,--,--,--,0,0,0.00,0
109/04/21,--,--,--,--,0,0,0.00,0
109/04/22,--,--,--,--,0,0,0.00,0
109/04/23,--,--,--,--,0,0,0.00,0
109/04/24,--,--,--,--,0,0,0.00,0
109/04/27,--,--,--,--,0,0,0.00,0
109/04/28,0.31,0.31,0.29,0.30,25000,7500,0.00,3
109/04/29,0.32,0.32,0.32,0.32,6000,1920,0.02,1
109/04/30,0.30,0.37,0.01,0.01,23000,4240,-0.31,5
109/05/04,0.19,0.24,0.19,0.24,15000,3380,0.23,4
109/05/05,--,--,--,--,0,0,0.00,0
109/05/06,0.19,0.19,0.19,0.19,25000,4750,0.00,1
109/05/07,0.30,0.30,0.30,0.30,1000,300,0.11,1
109/05/08,--,--,--,--,0,0,0.00,0
109/05/11,--,--,--,--,0,0,0.00,0
109/05/12,0.32,0.32,0.26,0.26,15000,4200,0.00,2
109/05/13,0.25,0.28,0.25,0.28,15000,4050,0.02,2
109/05/14,--,--,--,--,0,0,0.00,0
109/05/15,--,--,--,--,0,0,0.00,0
109/05/14,--,--,--,--,0,0,0.00,0
109/05/13,0.25,0.28,0.25,0.28,15000,4050,0.02,2
109/05/12,0.32,0.32,0.26,0.26,15000,4200,0.00,2
109/05/11,--,--,--,--,0,0,0.00,0
109/05/08,--,--,--,--,0,0,0.00,0
109/05/07,0.30,0.30,0.30,0.30,1000,300,0.11,1
109/05/06,0.19,0.19,0.19,0.19,25000,4750,0.00,1
109/05/05,--,--,--,--,0,0,0.00,0
109/05/04,0.19,0.24,0.19,0.24,15000,3380,0.23,4
109/04/30,0.30,0.37,0.01,0.01,23000,4240,-0.31,5
109/04/29,0.32,0.32,0.32,0.32,6000,1920,0.02,1
109/04/28,0.31,0.31,0.29,0.30,25000,7500,0.00,3
109/04/27,--,--,--,--,0,0,0.00,0
