109/01/09,--,--,--,--,0,0,0.00,0
109/01/10,1.65,1.65,1.65,1.65,6000,9900,0.00,1
109/01/13,1.71,1.94,1.71,1.94,221000,395680,0.29,20
109/01/14,1.86,2.02,1.84,2.02,257000,495380,0.08,23
109/01/15,2.00,2.00,1.92,1.92,239000,462090,-0.10,14
109/01/16,1.93,1.94,1.91,1.93,323000,624270,0.01,15
109/01/17,1.89,1.89,1.81,1.81,180000,333460,-0.12,6
109/01/20,1.85,1.85,1.85,1.85,61000,112850,0.04,2
109/01/30,--,--,--,--,0,0,0.00,0
109/01/31,1.31,1.31,1.19,1.19,35000,43850,0.00,3
109/02/03,0.98,0.98,0.98,0.98,20000,19600,-0.21,1
109/02/04,1.10,1.17,1.10,1.17,207000,235450,0.19,6
109/02/05,1.12,1.21,1.10,1.21,289000,333320,0.04,12
109/02/06,1.20,1.25,1.20,1.25,499000,612860,0.04,13
109/02/07,1.23,1.41,1.20,1.35,284000,367880,0.10,15
109/02/10,1.20,1.33,1.15,1.27,62000,75010,-0.08,18
109/02/11,1.32,1.35,1.28,1.30,98000,129260,0.03,13
109/02/12,1.31,1.65,0.53,1.63,180000,258540,0.33,37
109/02/13,1.76,1.82,1.54,1.56,148000,249990,-0.07,29
109/02/14,1.59,1.71,1.56,1.67,173000,282900,0.11,15
109/02/17,1.60,1.60,1.56,1.56,159000,250090,-0.11,5
109/02/18,1.56,1.56,1.47,1.47,72000,110320,-0.09,5
109/02/19,1.45,1.56,1.45,1.51,149000,223260,0.04,12
109/02/20,1.44,1.46,1.35,1.35,216000,303140,-0.16,20
109/02/21,1.29,1.32,1.29,1.32,68000,89460,-0.03,2
109/02/24,1.15,1.15,1.01,1.01,63000,72310,-0.31,3
109/02/25,0.92,0.98,0.92,0.98,63000,61680,-0.03,2
109/02/26,0.98,0.99,0.98,0.99,223000,220160,0.01,3
109/02/27,0.87,0.87,0.78,0.78,225000,195620,-0.21,4
109/03/02,0.60,0.71,0.60,0.68,90000,61290,-0.10,6
109/03/03,0.90,1.10,0.90,1.10,134000,134900,0.42,7
109/03/04,1.09,1.09,0.97,0.97,121000,122330,-0.13,12
109/03/05,1.24,1.43,1.22,1.36,481000,632780,0.39,75
109/03/06,1.32,1.38,1.25,1.34,632000,824880,-0.02,43
109/03/09,1.25,1.30,1.06,1.07,268000,316860,-0.27,17
109/03/10,0.96,1.10,0.96,1.10,559000,576620,0.03,15
109/03/11,1.05,1.07,1.02,1.02,526000,546160,-0.08,29
109/03/12,0.71,0.71,0.66,0.66,4000,2740,-0.36,2
109/03/13,0.42,0.44,0.41,0.44,16000,6800,-0.22,4
109/03/16,0.53,0.57,0.53,0.56,12000,6630,0.12,5
109/03/17,0.62,0.64,0.56,0.56,42000,25440,0.00,5
109/03/18,0.57,0.57,0.49,0.49,46000,25060,-0.07,20
109/03/19,0.22,0.22,0.21,0.21,20000,4300,-0.28,2
109/03/20,0.24,0.35,0.24,0.35,50000,15300,0.14,4
109/03/23,0.21,0.21,0.21,0.21,30000,6300,-0.14,1
109/03/24,--,--,--,--,0,0,0.00,0
109/03/25,--,--,--,--,0,0,0.00,0
109/03/26,--,--,--,--,0,0,0.00,0
109/03/27,--,--,--,--,0,0,0.00,0
109/03/30,--,--,--,--,0,0,0.00,0
109/03/31,--,--,--,--,0,0,0.00,0
109/04/01,--,--,--,--,0,0,0.00,0
109/04/06,0.56,0.56,0.56,0.56,4000,2240,0.00,1
109/04/07,0.65,0.65,0.65,0.65,4000,2600,0.09,1
109/04/08,--,--,--,--,0,0,0.00,0
109/04/09,--,--,--,--,0,0,0.00,0
109/04/10,--,--,--,--,0,0,0.00,0
109/04/13,--,--,--,--,0,0,0.00,0
109/04/14,--,--,--,--,0,0,0.00,0
109/04/15,--,--,--,--,0,0,0.00,0
109/04/16,--,--,--,--,0,0,0.00,0
109/04/17,--,--,--,--,0,0,0.00,0
109/04/20,--,--,--,--,0,0,0.00,0
109/04/21,--,--,--,--,0,0,0.00,0
109/04/22,--,--,--,--,0,0,0.00,0
109/04/23,--,--,--,--,0,0,0.00,0
109/04/24,--,--,--,--,0,0,0.00,0
109/04/27,--,--,--,--,0,0,0.00,0
109/04/28,--,--,--,--,0,0,0.00,0
109/04/29,0.61,0.70,0.61,0.68,82000,55100,0.00,11
109/04/30,0.72,0.76,0.72,0.76,92000,67360,0.08,11
109/05/04,0.68,0.68,0.68,0.68,10000,6800,-0.08,1
109/05/05,0.69,0.69,0.69,0.69,10000,6900,0.01,1
109/05/06,0.65,0.65,0.65,0.65,10000,6500,-0.04,1
109/05/07,0.66,0.67,0.65,0.67,60000,39600,0.02,4
109/05/08,0.65,0.84,0.65,0.84,179000,130670,0.17,13
109/05/11,0.87,0.92,0.79,0.79,129000,110580,-0.05,16
109/05/12,0.76,0.76,0.76,0.76,30000,22800,-0.03,1
109/05/13,--,--,--,--,0,0,0.00,0
109/05/14,--,--,--,--,0,0,0.00,0
109/05/15,--,--,--,--,0,0,0.00,0
109/05/14,--,--,--,--,0,0,0.00,0
109/05/13,--,--,--,--,0,0,0.00,0
109/05/12,0.76,0.76,0.76,0.76,30000,22800,-0.03,1
109/05/11,0.87,0.92,0.79,0.79,129000,110580,-0.05,16
109/05/08,0.65,0.84,0.65,0.84,179000,130670,0.17,13
109/05/07,0.66,0.67,0.65,0.67,60000,39600,0.02,4
109/05/06,0.65,0.65,0.65,0.65,10000,6500,-0.04,1
109/05/05,0.69,0.69,0.69,0.69,10000,6900,0.01,1
109/05/04,0.68,0.68,0.68,0.68,10000,6800,-0.08,1
109/04/30,0.72,0.76,0.72,0.76,92000,67360,0.08,11
109/04/29,0.61,0.70,0.61,0.68,82000,55100,0.00,11
109/04/28,--,--,--,--,0,0,0.00,0
109/04/27,--,--,--,--,0,0,0.00,0
