106/09/25,--,--,--,--,0,0,0.00,0
106/09/26,--,--,--,--,0,0,0.00,0
106/09/27,--,--,--,--,0,0,0.00,0
106/09/28,--,--,--,--,0,0,0.00,0
106/09/29,--,--,--,--,0,0,0.00,0
106/09/30,--,--,--,--,0,0,0.00,0
109/01/09,--,--,--,--,0,0,0.00,0
109/01/10,3.11,3.26,3.11,3.26,11000,34960,0.00,2
109/01/13,3.29,3.66,3.19,3.66,50000,172900,0.40,8
109/01/14,3.57,4.61,3.47,4.61,119000,486530,0.95,13
109/01/15,4.52,4.89,4.46,4.89,80000,368400,0.28,11
109/01/16,5.10,5.30,5.10,5.30,15000,78900,0.41,6
109/01/17,4.83,4.83,4.83,4.83,15000,72450,-0.47,3
109/01/20,--,--,--,--,0,0,0.00,0
109/01/30,--,--,--,--,0,0,0.00,0
109/01/31,--,--,--,--,0,0,0.00,0
109/02/03,2.04,2.04,2.04,2.04,10000,20400,0.00,1
109/02/04,2.89,3.08,2.89,2.89,8000,23920,0.85,6
109/02/05,2.91,2.91,2.49,2.54,12000,31370,-0.35,6
109/02/06,2.38,2.38,2.38,2.38,8000,19040,-0.16,3
109/02/07,2.15,2.15,2.15,2.15,10000,21500,-0.23,1
109/02/10,1.96,2.08,1.96,2.08,12000,24760,-0.07,3
109/02/11,1.79,1.86,1.79,1.86,13000,24110,-0.22,3
109/02/12,1.88,2.15,1.88,2.15,103000,215180,0.29,4
109/02/13,2.17,2.17,2.05,2.05,103000,223230,-0.10,4
109/02/14,--,--,--,--,0,0,0.00,0
109/02/17,1.56,1.56,1.56,1.56,20000,31200,0.00,1
109/02/18,1.56,1.56,1.29,1.33,602000,851930,-0.23,57
109/02/19,1.36,1.53,1.27,1.52,2684000,3700680,0.19,281
109/02/20,1.50,1.50,1.31,1.32,2146000,2921910,-0.20,218
109/02/21,1.23,1.29,1.20,1.26,524000,662340,-0.06,29
109/02/24,1.13,1.16,0.97,1.02,427000,448670,-0.24,36
109/02/25,0.95,1.12,0.86,1.12,1096000,1029220,0.10,78
109/02/26,1.04,1.06,0.87,0.87,2061000,1913870,-0.25,105
109/02/27,0.87,0.89,0.59,0.59,562000,414400,-0.28,27
109/03/02,0.49,0.54,0.45,0.45,438000,207000,-0.14,17
109/03/03,0.53,0.73,0.50,0.67,1039000,648290,0.22,63
109/03/04,0.58,0.58,0.45,0.45,393000,186410,-0.22,15
109/03/05,0.55,0.77,0.55,0.72,1500000,1086930,0.27,70
109/03/06,0.68,0.68,0.61,0.61,43000,27130,-0.11,4
109/03/09,0.45,0.46,0.45,0.45,150000,68000,-0.16,5
109/03/10,0.56,0.58,0.53,0.58,135000,75650,0.13,6
109/03/11,0.54,0.58,0.50,0.50,38000,20000,-0.08,4
109/03/12,0.40,0.41,0.28,0.28,1071000,366680,-0.22,14
109/03/13,0.12,0.14,0.12,0.12,105000,12900,-0.16,6
109/03/16,0.13,0.13,0.09,0.09,115000,13200,-0.03,12
109/03/17,0.06,0.13,0.06,0.06,1204000,73130,-0.03,11
109/03/18,0.04,0.04,0.04,0.04,150000,6000,-0.02,2
109/03/19,0.02,0.02,0.02,0.02,130000,2600,-0.02,2
109/03/20,0.10,0.10,0.10,0.10,8000,800,0.08,2
109/03/23,--,--,--,--,0,0,0.00,0
109/03/24,0.10,0.10,0.10,0.10,20000,2000,0.00,3
109/03/25,0.10,0.10,0.10,0.10,120000,12000,0.00,8
109/03/26,0.04,0.13,0.04,0.06,65000,3010,-0.04,4
109/03/27,--,--,--,--,0,0,0.00,0
109/03/30,0.10,0.10,0.10,0.10,3000,300,0.00,1
109/03/31,--,--,--,--,0,0,0.00,0
109/04/01,--,--,--,--,0,0,0.00,0
109/04/06,--,--,--,--,0,0,0.00,0
109/04/07,--,--,--,--,0,0,0.00,0
109/04/08,0.20,0.20,0.20,0.20,1000,200,0.00,1
109/04/09,--,--,--,--,0,0,0.00,0
109/04/10,--,--,--,--,0,0,0.00,0
109/04/13,--,--,--,--,0,0,0.00,0
109/04/14,--,--,--,--,0,0,0.00,0
109/04/15,--,--,--,--,0,0,0.00,0
109/04/16,--,--,--,--,0,0,0.00,0
109/04/17,0.19,0.20,0.19,0.20,7000,1390,0.00,3
109/04/20,0.18,0.30,0.18,0.30,6000,1200,0.10,4
109/04/21,--,--,--,--,0,0,0.00,0
109/04/22,--,--,--,--,0,0,0.00,0
109/04/23,--,--,--,--,0,0,0.00,0
109/04/24,--,--,--,--,0,0,0.00,0
109/04/27,--,--,--,--,0,0,0.00,0
109/04/28,--,--,--,--,0,0,0.00,0
109/04/29,0.13,0.13,0.13,0.13,22000,2860,0.00,3
109/04/30,0.15,0.15,0.15,0.15,1000,150,0.02,1
109/05/04,0.15,0.15,0.15,0.15,1000,150,0.00,1
109/05/05,0.03,0.03,0.03,0.03,1000,30,-0.12,1
109/05/06,--,--,--,--,0,0,0.00,0
109/05/07,--,--,--,--,0,0,0.00,0
109/05/08,--,--,--,--,0,0,0.00,0
109/05/11,--,--,--,--,0,0,0.00,0
109/05/12,--,--,--,--,0,0,0.00,0
109/05/13,--,--,--,--,0,0,0.00,0
109/05/14,--,--,--,--,0,0,0.00,0
109/05/15,--,--,--,--,0,0,0.00,0
109/05/14,--,--,--,--,0,0,0.00,0
109/05/13,--,--,--,--,0,0,0.00,0
109/05/12,--,--,--,--,0,0,0.00,0
109/05/11,--,--,--,--,0,0,0.00,0
109/05/08,--,--,--,--,0,0,0.00,0
109/05/07,--,--,--,--,0,0,0.00,0
109/05/06,--,--,--,--,0,0,0.00,0
109/05/05,0.03,0.03,0.03,0.03,1000,30,-0.12,1
109/05/04,0.15,0.15,0.15,0.15,1000,150,0.00,1
109/04/30,0.15,0.15,0.15,0.15,1000,150,0.02,1
109/04/29,0.13,0.13,0.13,0.13,22000,2860,0.00,3
109/04/28,--,--,--,--,0,0,0.00,0
109/04/27,--,--,--,--,0,0,0.00,0
