109/01/16,3.65,3.65,3.65,3.65,4000,14600,0.15,1
109/01/17,3.62,3.62,3.62,3.62,4000,14480,-0.03,1
109/01/20,3.53,3.53,3.53,3.53,14000,49420,-0.09,1
109/01/30,2.96,2.96,2.36,2.50,279000,708400,-1.03,4
109/01/31,2.94,3.10,2.94,3.04,59000,177040,0.54,10
109/02/03,2.63,2.94,2.52,2.94,234000,655110,-0.10,14
109/02/04,3.09,3.35,2.95,3.14,225000,701590,0.20,15
109/02/05,3.14,3.83,3.12,3.70,127000,439010,0.56,31
109/02/06,3.84,3.90,3.70,3.90,342000,1320140,0.20,20
109/02/07,3.75,3.75,3.38,3.38,67000,241360,-0.52,6
109/02/10,3.15,3.34,2.95,2.95,416000,1292790,-0.43,27
109/02/11,3.11,3.21,3.04,3.19,106000,331040,0.24,12
109/02/12,3.12,3.15,3.11,3.15,14000,43820,-0.04,4
109/02/13,3.31,3.47,3.14,3.14,253000,833530,-0.01,19
109/02/14,3.13,3.13,2.93,2.95,187000,563520,-0.19,14
109/02/17,2.93,3.07,2.93,3.03,178000,535940,0.08,11
109/02/18,2.98,2.98,2.87,2.87,314000,907850,-0.16,7
109/02/19,2.26,2.29,1.79,1.95,609000,1185410,-0.92,21
109/02/20,2.02,2.17,2.02,2.05,104000,217460,0.10,11
109/02/21,2.10,2.16,2.06,2.08,104000,218880,0.03,9
109/02/24,2.01,2.17,2.00,2.08,123000,254090,0.00,7
109/02/25,1.98,2.04,1.90,1.98,64000,126320,-0.10,9
109/02/26,1.91,2.00,1.75,1.75,35000,67050,-0.23,5
109/02/27,1.65,1.65,1.30,1.30,364000,487970,-0.45,11
109/03/02,0.87,1.20,0.87,0.99,188000,190240,-0.31,10
109/03/03,1.34,1.34,1.26,1.28,80000,102620,0.29,5
109/03/04,1.18,1.37,1.18,1.37,171000,229760,0.09,8
109/03/05,1.54,1.74,1.53,1.72,175000,274250,0.35,12
109/03/06,1.63,1.66,1.52,1.66,51000,82800,-0.06,12
109/03/09,1.64,1.69,1.33,1.34,1219000,1810930,-0.32,28
109/03/10,1.37,1.56,1.29,1.56,2581000,3643110,0.22,50
109/03/11,1.59,1.66,1.22,1.27,1529000,2372870,-0.29,62
109/03/12,1.08,1.08,0.77,0.80,242000,202830,-0.47,20
109/03/13,0.43,0.53,0.39,0.53,720000,318770,-0.27,17
109/03/16,0.59,0.59,0.49,0.49,32000,16060,-0.04,4
109/03/17,--,--,--,--,0,0,0.00,0
109/03/18,--,--,--,--,0,0,0.00,0
109/03/19,--,--,--,--,0,0,0.00,0
109/03/20,--,--,--,--,0,0,0.00,0
109/03/23,0.06,0.06,0.06,0.06,5000,300,0.00,1
109/03/24,0.09,0.11,0.09,0.11,6000,580,0.05,2
109/03/25,--,--,--,--,0,0,0.00,0
109/03/26,--,--,--,--,0,0,0.00,0
109/03/27,0.22,0.22,0.19,0.19,20000,4250,0.00,2
109/03/30,--,--,--,--,0,0,0.00,0
109/03/31,--,--,--,--,0,0,0.00,0
109/04/01,--,--,--,--,0,0,0.00,0
109/04/06,--,--,--,--,0,0,0.00,0
109/04/07,0.50,0.50,0.50,0.50,5000,2500,0.00,1
109/04/08,--,--,--,--,0,0,0.00,0
109/04/09,--,--,--,--,0,0,0.00,0
109/04/10,0.65,0.65,0.65,0.65,5000,3250,0.00,1
109/04/13,--,--,--,--,0,0,0.00,0
109/04/14,0.60,0.60,0.60,0.60,10000,6000,0.00,1
109/04/15,--,--,--,--,0,0,0.00,0
109/04/16,--,--,--,--,0,0,0.00,0
109/04/17,--,--,--,--,0,0,0.00,0
109/04/20,--,--,--,--,0,0,0.00,0
109/04/21,--,--,--,--,0,0,0.00,0
109/04/22,--,--,--,--,0,0,0.00,0
109/04/23,--,--,--,--,0,0,0.00,0
109/04/24,0.88,1.04,0.88,1.04,65000,64500,0.00,6
109/04/27,1.20,1.25,1.20,1.25,250000,311000,0.21,5
109/04/28,--,--,--,--,0,0,0.00,0
109/04/29,1.02,1.02,1.02,1.02,15000,15300,0.00,1
109/04/30,1.40,1.48,1.40,1.41,353000,503730,0.39,4
109/05/04,1.51,1.51,1.51,1.51,6000,9060,0.10,1
109/05/05,--,--,--,--,0,0,0.00,0
109/05/06,1.27,1.27,1.27,1.27,6000,7620,0.00,1
109/05/07,1.18,1.18,1.18,1.18,14000,16520,-0.09,1
109/05/08,1.17,1.17,1.17,1.17,5000,5850,-0.01,1
109/05/11,1.13,1.13,1.13,1.13,12000,13560,-0.04,1
109/05/12,--,--,--,--,0,0,0.00,0
109/05/13,--,--,--,--,0,0,0.00,0
109/05/14,--,--,--,--,0,0,0.00,0
109/05/15,0.44,0.44,0.44,0.44,30000,13200,0.00,1
109/05/14,--,--,--,--,0,0,0.00,0
109/05/13,--,--,--,--,0,0,0.00,0
109/05/12,--,--,--,--,0,0,0.00,0
109/05/11,1.13,1.13,1.13,1.13,12000,13560,-0.04,1
109/05/08,1.17,1.17,1.17,1.17,5000,5850,-0.01,1
109/05/07,1.18,1.18,1.18,1.18,14000,16520,-0.09,1
109/05/06,1.27,1.27,1.27,1.27,6000,7620,0.00,1
109/05/05,--,--,--,--,0,0,0.00,0
109/05/04,1.51,1.51,1.51,1.51,6000,9060,0.10,1
109/04/30,1.40,1.48,1.40,1.41,353000,503730,0.39,4
109/04/29,1.02,1.02,1.02,1.02,15000,15300,0.00,1
109/04/28,--,--,--,--,0,0,0.00,0
109/04/27,1.20,1.25,1.20,1.25,250000,311000,0.21,5
