109/01/16,--,--,--,--,0,0,0.00,0
109/01/17,1.11,1.11,1.11,1.11,133000,147630,0.00,2
109/01/20,1.01,1.01,1.01,1.01,133000,134330,-0.10,2
109/01/30,--,--,--,--,0,0,0.00,0
109/01/31,0.72,0.72,0.72,0.72,1000,720,0.00,1
109/02/03,0.60,0.68,0.60,0.68,5000,3320,-0.04,2
109/02/04,--,--,--,--,0,0,0.00,0
109/02/05,--,--,--,--,0,0,0.00,0
109/02/06,0.82,0.82,0.82,0.82,10000,8200,0.00,1
109/02/07,0.81,0.81,0.81,0.81,10000,8100,-0.01,1
109/02/10,--,--,--,--,0,0,0.00,0
109/02/11,--,--,--,--,0,0,0.00,0
109/02/12,0.81,0.90,0.81,0.90,62000,53540,0.00,8
109/02/13,0.93,1.02,0.88,0.91,109000,103800,0.01,12
109/02/14,0.94,0.94,0.89,0.89,90000,81400,-0.02,3
109/02/17,0.84,0.87,0.84,0.87,118000,100830,-0.02,3
109/02/18,0.97,1.00,0.83,0.84,146000,126260,-0.03,9
109/02/19,0.86,0.86,0.82,0.82,65000,54300,-0.02,3
109/02/20,0.89,0.94,0.80,0.80,44000,39790,-0.02,6
109/02/21,0.83,0.83,0.75,0.75,186000,153700,-0.05,8
109/02/24,0.63,0.63,0.57,0.57,183000,106800,-0.18,4
109/02/25,0.51,0.51,0.51,0.51,40000,20400,-0.06,1
109/02/26,--,--,--,--,0,0,0.00,0
109/02/27,--,--,--,--,0,0,0.00,0
109/03/02,--,--,--,--,0,0,0.00,0
109/03/03,--,--,--,--,0,0,0.00,0
109/03/04,--,--,--,--,0,0,0.00,0
109/03/05,0.37,0.39,0.37,0.39,335000,125750,0.00,5
109/03/06,0.34,0.34,0.32,0.32,335000,107900,-0.07,19
109/03/09,0.27,0.27,0.27,0.27,10000,2700,-0.05,1
109/03/10,0.23,0.23,0.23,0.23,10000,2300,-0.04,1
109/03/11,0.25,0.25,0.25,0.25,10000,2500,0.02,1
109/03/12,0.16,0.16,0.16,0.16,10000,1600,-0.09,1
109/03/13,--,--,--,--,0,0,0.00,0
109/03/16,--,--,--,--,0,0,0.00,0
109/03/17,--,--,--,--,0,0,0.00,0
109/03/18,--,--,--,--,0,0,0.00,0
109/03/19,--,--,--,--,0,0,0.00,0
109/03/20,--,--,--,--,0,0,0.00,0
109/03/23,--,--,--,--,0,0,0.00,0
109/03/24,--,--,--,--,0,0,0.00,0
109/03/25,0.26,0.26,0.26,0.26,10000,2600,0.00,1
109/03/26,0.32,0.32,0.31,0.31,10000,3130,0.05,5
109/03/27,0.40,0.41,0.39,0.39,150000,60300,0.08,4
109/03/30,0.30,0.33,0.30,0.33,120000,36860,-0.06,26
109/03/31,0.38,0.38,0.38,0.38,30000,11400,0.05,1
109/04/01,--,--,--,--,0,0,0.00,0
109/04/06,0.39,0.40,0.39,0.40,30000,11750,0.00,2
109/04/07,0.44,0.44,0.41,0.41,25000,10800,0.01,3
109/04/08,0.40,0.40,0.40,0.40,49000,19600,-0.01,1
109/04/09,0.47,0.50,0.45,0.45,69000,32530,0.05,3
109/04/10,--,--,--,--,0,0,0.00,0
109/04/13,--,--,--,--,0,0,0.00,0
109/04/14,0.39,0.39,0.39,0.39,30000,11700,0.00,1
109/04/15,0.43,0.55,0.42,0.53,156000,75860,0.14,22
109/04/16,0.46,0.49,0.46,0.48,123000,59120,-0.05,17
109/04/17,0.58,0.58,0.49,0.49,31000,16520,0.01,4
109/04/20,0.43,0.44,0.43,0.44,10000,4390,-0.05,2
109/04/21,--,--,--,--,0,0,0.00,0
109/04/22,0.36,0.36,0.36,0.36,22000,7920,0.00,1
109/04/23,0.38,0.38,0.37,0.37,22000,8320,0.01,2
109/04/24,--,--,--,--,0,0,0.00,0
109/04/27,--,--,--,--,0,0,0.00,0
109/04/28,0.40,0.40,0.40,0.40,30000,12000,0.00,2
109/04/29,0.45,0.45,0.44,0.44,41000,18400,0.04,4
109/04/30,0.42,0.42,0.40,0.40,6000,2460,-0.04,2
109/05/04,0.37,0.37,0.37,0.37,8000,2960,-0.03,1
109/05/05,0.37,0.37,0.33,0.33,55000,20030,-0.04,2
109/05/06,0.33,0.33,0.33,0.33,47000,15510,0.00,1
109/05/07,0.35,0.35,0.34,0.34,56000,19120,0.01,2
109/05/08,0.34,0.34,0.34,0.34,48000,16320,0.00,1
109/05/11,0.30,0.30,0.30,0.30,13000,3900,-0.04,2
109/05/12,--,--,--,--,0,0,0.00,0
109/05/13,--,--,--,--,0,0,0.00,0
109/05/14,--,--,--,--,0,0,0.00,0
109/05/15,--,--,--,--,0,0,0.00,0
109/05/14,--,--,--,--,0,0,0.00,0
109/05/13,--,--,--,--,0,0,0.00,0
109/05/12,--,--,--,--,0,0,0.00,0
109/05/11,0.30,0.30,0.30,0.30,13000,3900,-0.04,2
109/05/08,0.34,0.34,0.34,0.34,48000,16320,0.00,1
109/05/07,0.35,0.35,0.34,0.34,56000,19120,0.01,2
109/05/06,0.33,0.33,0.33,0.33,47000,15510,0.00,1
109/05/05,0.37,0.37,0.33,0.33,55000,20030,-0.04,2
109/05/04,0.37,0.37,0.37,0.37,8000,2960,-0.03,1
109/04/30,0.42,0.42,0.40,0.40,6000,2460,-0.04,2
109/04/29,0.45,0.45,0.44,0.44,41000,18400,0.04,4
109/04/28,0.40,0.40,0.40,0.40,30000,12000,0.00,2
109/04/27,--,--,--,--,0,0,0.00,0
