109/01/16,--,--,--,--,0,0,0.00,0
109/01/17,--,--,--,--,0,0,0.00,0
109/01/20,--,--,--,--,0,0,0.00,0
109/01/30,--,--,--,--,0,0,0.00,0
109/01/31,--,--,--,--,0,0,0.00,0
109/02/03,--,--,--,--,0,0,0.00,0
109/02/04,0.68,0.72,0.68,0.72,43000,30920,0.00,2
109/02/05,0.70,0.70,0.69,0.69,43000,29680,-0.03,2
109/02/06,0.73,0.73,0.73,0.73,10000,7300,0.04,1
109/02/07,0.69,0.69,0.69,0.69,10000,6900,-0.04,1
109/02/10,0.76,0.92,0.76,0.87,1116000,941590,0.18,25
109/02/11,0.82,0.84,0.78,0.82,1136000,918790,-0.05,36
109/02/12,0.85,0.91,0.85,0.91,95000,82810,0.09,6
109/02/13,0.87,1.06,0.87,0.91,326000,327160,0.00,33
109/02/14,0.92,0.94,0.89,0.92,287000,264620,0.01,35
109/02/17,1.00,1.00,1.00,1.00,2000,2000,0.08,1
109/02/18,--,--,--,--,0,0,0.00,0
109/02/19,1.25,1.25,1.24,1.24,33000,40950,0.00,3
109/02/20,--,--,--,--,0,0,0.00,0
109/02/21,--,--,--,--,0,0,0.00,0
109/02/24,--,--,--,--,0,0,0.00,0
109/02/25,1.08,1.12,1.08,1.09,53000,58570,0.00,4
109/02/26,1.11,1.25,1.11,1.25,82000,95540,0.16,8
109/02/27,1.18,1.19,1.17,1.17,32000,37840,-0.08,14
109/03/02,0.95,1.06,0.95,1.05,85000,85680,-0.12,12
109/03/03,1.09,1.26,1.07,1.17,418000,498500,0.12,61
109/03/04,1.11,1.17,1.10,1.17,370000,420080,0.00,40
109/03/05,1.26,1.26,1.22,1.23,107000,132150,0.06,4
109/03/06,--,--,--,--,0,0,0.00,0
109/03/09,--,--,--,--,0,0,0.00,0
109/03/10,0.73,0.83,0.73,0.83,21000,16290,0.00,3
109/03/11,0.89,0.89,0.88,0.88,21000,18650,0.05,8
109/03/12,--,--,--,--,0,0,0.00,0
109/03/13,--,--,--,--,0,0,0.00,0
109/03/16,--,--,--,--,0,0,0.00,0
109/03/17,--,--,--,--,0,0,0.00,0
109/03/18,--,--,--,--,0,0,0.00,0
109/03/19,--,--,--,--,0,0,0.00,0
109/03/20,--,--,--,--,0,0,0.00,0
109/03/23,--,--,--,--,0,0,0.00,0
109/03/24,--,--,--,--,0,0,0.00,0
109/03/25,--,--,--,--,0,0,0.00,0
109/03/26,--,--,--,--,0,0,0.00,0
109/03/27,--,--,--,--,0,0,0.00,0
109/03/30,--,--,--,--,0,0,0.00,0
109/03/31,--,--,--,--,0,0,0.00,0
109/04/01,0.54,0.54,0.54,0.54,1000,540,0.00,1
109/04/06,0.58,0.60,0.58,0.60,2000,1180,0.06,2
109/04/07,0.65,0.72,0.65,0.72,157000,109740,0.12,8
109/04/08,0.68,0.79,0.68,0.78,268000,194620,0.06,14
109/04/09,0.84,0.85,0.84,0.85,152000,128080,0.07,9
109/04/10,0.79,0.81,0.77,0.81,50000,39500,-0.04,3
109/04/13,0.81,0.81,0.81,0.81,10000,8100,0.00,1
109/04/14,0.81,0.81,0.81,0.81,10000,8100,0.00,2
109/04/15,0.84,0.97,0.84,0.97,18000,16160,0.16,9
109/04/16,0.82,0.83,0.82,0.82,8000,6570,-0.15,4
109/04/17,0.92,0.92,0.92,0.92,3000,2760,0.10,1
109/04/20,0.76,0.76,0.76,0.76,3000,2280,-0.16,1
109/04/21,--,--,--,--,0,0,0.00,0
109/04/22,--,--,--,--,0,0,0.00,0
109/04/23,0.76,0.76,0.76,0.76,10000,7600,0.00,2
109/04/24,0.72,0.72,0.72,0.72,10000,7200,-0.04,2
109/04/27,--,--,--,--,0,0,0.00,0
109/04/28,--,--,--,--,0,0,0.00,0
109/04/29,0.78,0.78,0.78,0.78,10000,7800,0.00,1
109/04/30,0.79,0.83,0.79,0.83,20000,16200,0.05,2
109/05/04,0.73,0.73,0.73,0.73,10000,7300,-0.10,1
109/05/05,0.79,0.79,0.79,0.79,10000,7900,0.06,1
109/05/06,0.78,0.84,0.78,0.84,20000,16200,0.05,3
109/05/07,0.78,0.78,0.78,0.78,10000,7800,-0.06,2
109/05/08,--,--,--,--,0,0,0.00,0
109/05/11,--,--,--,--,0,0,0.00,0
109/05/12,--,--,--,--,0,0,0.00,0
109/05/13,--,--,--,--,0,0,0.00,0
109/05/14,--,--,--,--,0,0,0.00,0
109/05/15,--,--,--,--,0,0,0.00,0
109/05/14,--,--,--,--,0,0,0.00,0
109/05/13,--,--,--,--,0,0,0.00,0
109/05/12,--,--,--,--,0,0,0.00,0
109/05/11,--,--,--,--,0,0,0.00,0
109/05/08,--,--,--,--,0,0,0.00,0
109/05/07,0.78,0.78,0.78,0.78,10000,7800,-0.06,2
109/05/06,0.78,0.84,0.78,0.84,20000,16200,0.05,3
109/05/05,0.79,0.79,0.79,0.79,10000,7900,0.06,1
109/05/04,0.73,0.73,0.73,0.73,10000,7300,-0.10,1
109/04/30,0.79,0.83,0.79,0.83,20000,16200,0.05,2
109/04/29,0.78,0.78,0.78,0.78,10000,7800,0.00,1
109/04/28,--,--,--,--,0,0,0.00,0
109/04/27,--,--,--,--,0,0,0.00,0
