109/01/17,0.85,0.85,0.85,0.85,7000,5950,0.00,1
109/01/20,0.86,0.90,0.86,0.90,57000,51020,0.05,2
109/01/30,0.59,0.59,0.43,0.43,50000,23200,-0.47,4
109/01/31,0.45,0.45,0.45,0.45,30000,13500,0.02,1
109/02/03,0.40,0.44,0.40,0.44,55000,23000,-0.01,2
109/02/04,0.41,0.46,0.41,0.46,20000,8700,0.02,2
109/02/05,0.49,0.49,0.49,0.49,10000,4900,0.03,1
109/02/06,0.63,0.65,0.63,0.65,579000,365370,0.16,3
109/02/07,0.64,0.66,0.63,0.63,85000,54700,-0.02,4
109/02/10,0.67,0.68,0.67,0.68,35000,23700,0.05,2
109/02/11,0.71,0.71,0.71,0.71,25000,17750,0.03,1
109/02/12,0.75,0.75,0.75,0.75,30000,22500,0.04,1
109/02/13,0.78,0.79,0.77,0.77,70000,54600,0.02,3
109/02/14,0.73,0.79,0.72,0.79,118000,90590,0.02,4
109/02/17,0.77,0.86,0.77,0.86,87000,68050,0.07,4
109/02/18,0.91,0.91,0.88,0.88,211000,185830,0.02,4
109/02/19,0.91,0.97,0.91,0.97,945000,865100,0.09,20
109/02/20,0.95,1.00,0.93,1.00,843000,798780,0.03,19
109/02/21,0.99,1.17,0.99,1.14,1476000,1552810,0.14,28
109/02/24,1.09,1.19,1.07,1.19,2265000,2489230,0.05,37
109/02/25,1.09,1.19,1.01,1.18,1764000,2022470,-0.01,25
109/02/26,1.13,1.18,1.09,1.12,3012000,3440750,-0.06,35
109/02/27,1.02,1.09,0.97,1.07,3314000,3427740,-0.05,25
109/03/02,0.87,0.95,0.83,0.93,1422000,1236720,-0.14,25
109/03/03,1.00,1.09,1.00,1.01,1503000,1577800,0.08,41
109/03/04,1.00,1.00,0.91,0.91,2066000,2015490,-0.10,21
109/03/05,1.00,1.04,0.98,1.03,2073000,2084070,0.12,22
109/03/06,0.97,1.04,0.97,0.98,2429000,2431910,-0.05,20
109/03/09,0.92,0.92,0.77,0.77,1961000,1680990,-0.21,30
109/03/10,0.75,0.87,0.70,0.87,1497000,1127290,0.10,30
109/03/11,0.90,0.90,0.82,0.82,1174000,1052010,-0.05,9
109/03/12,0.72,0.73,0.67,0.67,2294000,1596670,-0.15,30
109/03/13,0.50,0.54,0.50,0.54,779000,391600,-0.13,5
109/03/16,0.54,0.54,0.54,0.54,10000,5400,0.00,1
109/03/17,--,--,--,--,0,0,0.00,0
109/03/18,0.45,0.48,0.45,0.48,10000,4650,0.00,2
109/03/19,--,--,--,--,0,0,0.00,0
109/03/20,0.42,0.46,0.42,0.46,22000,10060,0.00,3
109/03/23,--,--,--,--,0,0,0.00,0
109/03/24,0.46,0.46,0.33,0.33,66000,25080,0.00,7
109/03/25,0.39,0.44,0.39,0.41,42000,17620,0.08,4
109/03/26,--,--,--,--,0,0,0.00,0
109/03/27,--,--,--,--,0,0,0.00,0
109/03/30,0.29,0.31,0.29,0.31,227000,69770,0.00,8
109/03/31,--,--,--,--,0,0,0.00,0
109/04/01,0.34,0.35,0.34,0.35,75000,25800,0.00,4
109/04/06,0.37,0.44,0.37,0.44,455000,197700,0.09,8
109/04/07,0.48,0.48,0.42,0.46,160000,74000,0.02,5
109/04/08,0.46,0.46,0.46,0.46,20000,9200,0.00,1
109/04/09,--,--,--,--,0,0,0.00,0
109/04/10,--,--,--,--,0,0,0.00,0
109/04/13,--,--,--,--,0,0,0.00,0
109/04/14,0.40,0.40,0.40,0.40,20000,8000,0.00,2
109/04/15,0.42,0.46,0.42,0.46,70000,30200,0.06,3
109/04/16,--,--,--,--,0,0,0.00,0
109/04/17,--,--,--,--,0,0,0.00,0
109/04/20,--,--,--,--,0,0,0.00,0
109/04/21,0.41,0.42,0.37,0.39,580000,221650,0.00,11
109/04/22,--,--,--,--,0,0,0.00,0
109/04/23,0.44,0.44,0.43,0.43,25000,10900,0.00,2
109/04/24,0.40,0.40,0.39,0.39,35000,13900,-0.04,3
109/04/27,--,--,--,--,0,0,0.00,0
109/04/28,0.38,0.42,0.33,0.42,109000,39930,0.00,10
109/04/29,0.42,0.42,0.41,0.41,51000,21270,-0.01,3
109/04/30,0.43,0.47,0.43,0.47,85000,38350,0.06,7
109/05/04,0.41,0.43,0.34,0.34,535000,192650,-0.13,42
109/05/05,0.33,0.38,0.33,0.38,20000,6850,0.04,4
109/05/06,0.41,0.46,0.41,0.46,550000,232600,0.08,14
109/05/07,--,--,--,--,0,0,0.00,0
109/05/08,--,--,--,--,0,0,0.00,0
109/05/11,--,--,--,--,0,0,0.00,0
109/05/12,0.46,0.46,0.46,0.46,15000,6900,0.00,1
109/05/13,--,--,--,--,0,0,0.00,0
109/05/14,--,--,--,--,0,0,0.00,0
109/05/15,--,--,--,--,0,0,0.00,0
109/05/14,--,--,--,--,0,0,0.00,0
109/05/13,--,--,--,--,0,0,0.00,0
109/05/12,0.46,0.46,0.46,0.46,15000,6900,0.00,1
109/05/11,--,--,--,--,0,0,0.00,0
109/05/08,--,--,--,--,0,0,0.00,0
109/05/07,--,--,--,--,0,0,0.00,0
109/05/06,0.41,0.46,0.41,0.46,550000,232600,0.08,14
109/05/05,0.33,0.38,0.33,0.38,20000,6850,0.04,4
109/05/04,0.41,0.43,0.34,0.34,535000,192650,-0.13,42
109/04/30,0.43,0.47,0.43,0.47,85000,38350,0.06,7
109/04/29,0.42,0.42,0.41,0.41,51000,21270,-0.01,3
109/04/28,0.38,0.42,0.33,0.42,109000,39930,0.00,10
109/04/27,--,--,--,--,0,0,0.00,0
