109/01/20,1.01,1.01,1.00,1.00,20000,20150,-0.18,4
109/01/30,0.83,0.83,0.83,0.83,19000,15770,-0.17,1
109/01/31,0.81,0.81,0.81,0.81,30000,24300,-0.02,1
109/02/03,0.65,0.69,0.65,0.69,100000,67000,-0.12,2
109/02/04,0.76,0.80,0.76,0.80,110000,87600,0.11,2
109/02/05,0.79,0.84,0.79,0.84,210000,170200,0.04,15
109/02/06,0.82,0.85,0.82,0.83,74000,61270,-0.01,7
109/02/07,0.79,0.79,0.78,0.78,3000,2350,-0.05,2
109/02/10,--,--,--,--,0,0,0.00,0
109/02/11,0.82,0.82,0.80,0.80,161000,130820,0.00,4
109/02/12,0.81,0.82,0.81,0.82,161000,131820,0.02,3
109/02/13,0.83,0.83,0.83,0.83,1000,830,0.01,1
109/02/14,0.81,0.82,0.81,0.82,101000,82810,-0.01,2
109/02/17,0.83,0.96,0.83,0.96,210000,194690,0.14,25
109/02/18,0.95,1.00,0.94,0.94,114000,111660,-0.02,20
109/02/19,0.97,1.00,0.97,0.99,56000,55480,0.05,10
109/02/20,0.96,0.96,0.94,0.96,37000,35000,-0.03,7
109/02/21,0.98,0.99,0.97,0.98,113000,111020,0.02,7
109/02/24,0.99,0.99,0.95,0.97,115000,112000,-0.01,13
109/02/25,0.93,0.99,0.93,0.98,236000,228340,0.01,7
109/02/26,0.98,1.19,0.98,1.11,719000,790180,0.13,43
109/02/27,1.27,1.30,0.97,0.97,544000,679540,-0.14,42
109/03/02,0.99,1.28,0.99,1.21,282000,339810,0.24,24
109/03/03,1.32,1.32,1.17,1.18,276000,345630,-0.03,30
109/03/04,1.22,1.22,1.09,1.09,160000,181800,-0.09,5
109/03/05,1.17,1.19,1.17,1.19,55000,64900,0.10,6
109/03/06,1.20,1.29,1.20,1.24,781000,978840,0.05,17
109/03/09,1.31,1.38,1.22,1.25,736000,948320,0.01,32
109/03/10,1.29,1.42,1.22,1.42,236000,302520,0.17,17
109/03/11,1.48,1.56,1.48,1.55,210000,318220,0.13,17
109/03/12,1.46,1.46,1.29,1.39,165000,229940,-0.16,15
109/03/13,1.09,1.58,1.09,1.52,315000,416140,0.13,32
109/03/16,1.71,1.72,1.54,1.55,212000,350290,0.03,24
109/03/17,1.53,1.61,1.20,1.26,90000,132390,-0.29,16
109/03/18,1.34,1.37,1.20,1.20,134000,173730,-0.06,11
109/03/19,1.27,1.28,0.83,0.83,471000,463540,-0.37,42
109/03/20,0.93,1.06,0.89,0.99,296000,285350,0.16,16
109/03/23,0.75,0.88,0.75,0.85,291000,244860,-0.14,30
109/03/24,1.00,1.00,1.00,1.00,4000,4000,0.15,1
109/03/25,1.09,1.09,1.04,1.04,245000,258370,0.04,4
109/03/26,1.01,1.01,1.01,1.01,1000,1010,-0.03,1
109/03/27,1.02,1.03,1.02,1.03,3000,3080,0.02,2
109/03/30,--,--,--,--,0,0,0.00,0
109/03/31,0.93,1.03,0.93,1.03,11000,10330,0.00,2
109/04/01,--,--,--,--,0,0,0.00,0
109/04/06,1.23,1.24,1.15,1.24,187000,225930,0.00,6
109/04/07,--,--,--,--,0,0,0.00,0
109/04/08,--,--,--,--,0,0,0.00,0
109/04/09,1.55,1.55,1.49,1.50,40000,60500,0.00,5
109/04/10,1.55,1.55,1.50,1.50,20000,30500,0.00,2
109/04/13,--,--,--,--,0,0,0.00,0
109/04/14,1.34,1.34,1.34,1.34,10000,13400,0.00,1
109/04/15,1.34,1.38,1.34,1.38,32000,43240,0.04,2
109/04/16,1.33,1.43,1.32,1.43,16000,21680,0.05,12
109/04/17,1.44,1.44,1.44,1.44,4000,5760,0.01,4
109/04/20,1.29,1.29,1.29,1.29,1000,1290,-0.15,1
109/04/21,--,--,--,--,0,0,0.00,0
109/04/22,--,--,--,--,0,0,0.00,0
109/04/23,1.27,1.27,1.27,1.27,10000,12700,0.00,1
109/04/24,--,--,--,--,0,0,0.00,0
109/04/27,--,--,--,--,0,0,0.00,0
109/04/28,1.34,1.36,1.34,1.36,7000,9500,0.00,2
109/04/29,--,--,--,--,0,0,0.00,0
109/04/30,1.35,1.47,1.35,1.47,30000,42650,0.00,4
109/05/04,1.49,1.49,1.44,1.44,15000,21850,-0.03,2
109/05/05,1.61,2.10,1.61,2.10,23000,41300,0.66,7
109/05/06,1.95,1.95,1.95,1.95,10000,19500,-0.15,1
109/05/07,1.86,1.87,1.86,1.86,23000,42880,-0.09,3
109/05/08,--,--,--,--,0,0,0.00,0
109/05/11,--,--,--,--,0,0,0.00,0
109/05/12,--,--,--,--,0,0,0.00,0
109/05/13,1.72,1.72,1.61,1.66,9000,14910,0.00,3
109/05/14,1.69,1.69,1.69,1.69,1000,1690,0.03,1
109/05/15,--,--,--,--,0,0,0.00,0
109/05/14,1.69,1.69,1.69,1.69,1000,1690,0.03,1
109/05/13,1.72,1.72,1.61,1.66,9000,14910,0.00,3
109/05/12,--,--,--,--,0,0,0.00,0
109/05/11,--,--,--,--,0,0,0.00,0
109/05/08,--,--,--,--,0,0,0.00,0
109/05/07,1.86,1.87,1.86,1.86,23000,42880,-0.09,3
109/05/06,1.95,1.95,1.95,1.95,10000,19500,-0.15,1
109/05/05,1.61,2.10,1.61,2.10,23000,41300,0.66,7
109/05/04,1.49,1.49,1.44,1.44,15000,21850,-0.03,2
109/04/30,1.35,1.47,1.35,1.47,30000,42650,0.00,4
109/04/29,--,--,--,--,0,0,0.00,0
109/04/28,1.34,1.36,1.34,1.36,7000,9500,0.00,2
109/04/27,--,--,--,--,0,0,0.00,0
