109/01/31,2.59,2.59,2.59,2.59,8000,20720,-0.50,1
109/02/03,2.60,2.63,2.55,2.55,700000,1800500,-0.04,36
109/02/04,2.54,2.56,2.54,2.56,21000,53680,0.01,2
109/02/05,2.51,2.63,2.51,2.63,17000,43710,0.07,3
109/02/06,2.63,2.65,2.63,2.65,12000,31740,0.02,3
109/02/07,2.50,2.64,2.50,2.64,26000,67080,-0.01,4
109/02/10,2.62,2.78,2.62,2.78,141000,384880,0.14,10
109/02/11,2.75,2.89,2.75,2.79,69000,195250,0.01,7
109/02/12,2.77,2.77,2.75,2.75,48000,132120,-0.04,4
109/02/13,2.67,2.71,2.67,2.71,108000,289860,-0.04,3
109/02/14,2.66,2.72,2.64,2.72,121000,326120,0.01,8
109/02/17,2.68,2.78,2.68,2.78,136000,372100,0.06,11
109/02/18,2.80,2.80,2.73,2.79,117000,324460,0.01,7
109/02/19,2.77,2.79,2.77,2.78,107000,297380,-0.01,9
109/02/20,2.65,2.65,2.57,2.57,223000,580010,-0.21,14
109/02/21,2.51,2.55,2.51,2.55,80000,203520,-0.02,2
109/02/24,2.38,2.44,2.30,2.42,108000,257820,-0.13,17
109/02/25,2.30,2.40,2.30,2.40,75000,178000,-0.02,6
109/02/26,2.27,2.27,2.27,2.27,20000,45400,-0.13,2
109/02/27,2.23,2.33,2.20,2.23,142000,317380,-0.04,10
109/03/02,1.98,2.01,1.93,1.98,28000,55420,-0.25,9
109/03/03,2.00,2.07,1.96,2.07,139000,277120,0.09,25
109/03/04,2.04,2.28,2.04,2.26,273000,600640,0.19,28
109/03/05,2.38,2.38,2.20,2.28,168000,380860,0.02,15
109/03/06,2.19,2.19,2.11,2.11,42000,89370,-0.17,6
109/03/09,1.99,1.99,1.85,1.93,39000,74220,-0.18,10
109/03/10,1.88,2.08,1.88,2.02,169000,339070,0.09,12
109/03/11,1.99,2.13,1.99,2.13,165000,335880,0.11,16
109/03/12,2.01,2.01,1.45,1.60,290000,490420,-0.53,19
109/03/13,1.12,1.35,0.79,1.35,232000,241210,-0.25,23
109/03/16,1.20,1.22,1.04,1.04,165000,190500,-0.31,12
109/03/17,0.76,0.97,0.60,0.90,173000,153020,-0.14,26
109/03/18,0.80,0.81,0.70,0.73,308000,224370,-0.17,19
109/03/19,0.61,0.85,0.49,0.82,933000,594940,0.09,83
109/03/20,0.87,1.19,0.70,0.87,1159000,999250,0.05,110
109/03/23,0.62,0.83,0.60,0.63,508000,375590,-0.24,85
109/03/24,0.70,1.15,0.70,1.00,1498000,1529870,0.37,122
109/03/25,1.00,1.20,0.99,1.00,220000,249370,0.00,27
109/03/26,0.92,1.15,0.91,1.00,602000,630950,0.00,18
109/03/27,1.00,1.00,0.79,0.79,85000,75670,-0.21,10
109/03/30,0.72,0.81,0.70,0.75,103000,76330,-0.04,16
109/03/31,0.84,0.96,0.81,0.86,130000,111560,0.11,14
109/04/01,0.83,0.96,0.82,0.83,134000,115710,-0.03,12
109/04/06,1.10,1.28,0.99,1.28,107000,111860,0.45,13
109/04/07,1.28,1.50,1.28,1.35,34000,46790,0.07,11
109/04/08,1.43,1.43,1.43,1.43,40000,57200,0.08,3
109/04/09,--,--,--,--,0,0,0.00,0
109/04/10,--,--,--,--,0,0,0.00,0
109/04/13,--,--,--,--,0,0,0.00,0
109/04/14,1.12,1.15,1.12,1.15,16000,17950,0.00,2
109/04/15,1.15,1.15,1.15,1.15,3000,3450,0.00,1
109/04/16,0.99,1.05,0.99,0.99,52000,53140,-0.16,10
109/04/17,0.99,1.03,0.97,0.97,35000,35230,-0.02,7
109/04/20,--,--,--,--,0,0,0.00,0
109/04/21,0.95,0.95,0.79,0.79,124000,104540,0.00,27
109/04/22,0.76,0.87,0.76,0.85,20000,16860,0.06,9
109/04/23,0.83,0.86,0.83,0.86,11000,9250,0.01,7
109/04/24,0.83,0.83,0.78,0.81,33000,27140,-0.05,5
109/04/27,0.89,0.90,0.89,0.90,20000,17900,0.09,2
109/04/28,--,--,--,--,0,0,0.00,0
109/04/29,0.99,1.04,0.99,1.03,34000,34640,0.00,8
109/04/30,1.02,1.02,1.02,1.02,6000,6120,-0.01,1
109/05/04,0.88,0.89,0.88,0.89,8000,7090,-0.13,2
109/05/05,0.91,1.00,0.91,1.00,12000,11100,0.11,2
109/05/06,--,--,--,--,0,0,0.00,0
109/05/07,1.04,1.04,1.04,1.04,3000,3120,0.00,1
109/05/08,1.05,1.08,1.05,1.08,4000,4230,0.04,4
109/05/11,1.12,1.14,1.12,1.14,23000,25800,0.06,4
109/05/12,--,--,--,--,0,0,0.00,0
109/05/13,0.92,0.92,0.92,0.92,6000,5520,0.00,2
109/05/14,--,--,--,--,0,0,0.00,0
109/05/15,--,--,--,--,0,0,0.00,0
109/05/14,--,--,--,--,0,0,0.00,0
109/05/13,0.92,0.92,0.92,0.92,6000,5520,0.00,2
109/05/12,--,--,--,--,0,0,0.00,0
109/05/11,1.12,1.14,1.12,1.14,23000,25800,0.06,4
109/05/08,1.05,1.08,1.05,1.08,4000,4230,0.04,4
109/05/07,1.04,1.04,1.04,1.04,3000,3120,0.00,1
109/05/06,--,--,--,--,0,0,0.00,0
109/05/05,0.91,1.00,0.91,1.00,12000,11100,0.11,2
109/05/04,0.88,0.89,0.88,0.89,8000,7090,-0.13,2
109/04/30,1.02,1.02,1.02,1.02,6000,6120,-0.01,1
109/04/29,0.99,1.04,0.99,1.03,34000,34640,0.00,8
109/04/28,--,--,--,--,0,0,0.00,0
109/04/27,0.89,0.90,0.89,0.90,20000,17900,0.09,2
