109/01/31,1.32,1.35,1.32,1.35,15000,19950,-0.09,2
109/02/03,1.17,1.18,1.17,1.18,11000,12930,-0.17,2
109/02/04,1.24,1.26,1.19,1.23,120000,147920,0.05,7
109/02/05,1.26,1.26,1.15,1.15,183000,226640,-0.08,7
109/02/06,1.18,1.22,1.18,1.22,338000,400910,0.07,15
109/02/07,1.19,1.21,1.18,1.18,199000,237060,-0.04,9
109/02/10,1.14,1.14,1.12,1.14,118000,133520,-0.04,7
109/02/11,--,--,--,--,0,0,0.00,0
109/02/12,1.16,1.16,1.16,1.16,48000,55680,0.00,2
109/02/13,1.19,1.61,1.19,1.54,1141000,1582040,0.38,62
109/02/14,1.42,1.46,1.32,1.36,730000,1013580,-0.18,38
109/02/17,1.27,1.32,1.27,1.31,52000,66940,-0.05,4
109/02/18,1.41,1.41,1.31,1.31,530000,743200,0.00,6
109/02/19,1.28,1.33,1.28,1.30,526000,683940,-0.01,6
109/02/20,1.31,1.31,1.29,1.29,153000,198270,-0.01,3
109/02/21,1.30,1.30,1.23,1.23,119000,154130,-0.06,3
109/02/24,1.17,1.20,1.17,1.19,206000,245360,-0.04,3
109/02/25,--,--,--,--,0,0,0.00,0
109/02/26,1.06,1.07,1.04,1.04,271000,287310,0.00,4
109/02/27,1.05,1.05,1.01,1.03,207000,212710,-0.01,5
109/03/02,0.70,0.84,0.70,0.84,251000,202160,-0.19,6
109/03/03,0.83,0.83,0.80,0.82,179000,146570,-0.02,9
109/03/04,0.78,0.78,0.75,0.75,540000,407800,-0.07,3
109/03/05,0.91,0.91,0.91,0.91,70000,63700,0.16,1
109/03/06,0.83,0.83,0.83,0.83,10000,8300,-0.08,1
109/03/09,0.73,0.73,0.72,0.72,20000,14500,-0.11,2
109/03/10,0.56,0.56,0.56,0.56,48000,26880,-0.16,1
109/03/11,0.65,0.65,0.56,0.56,86000,52480,0.00,2
109/03/12,0.46,0.46,0.46,0.46,48000,22080,-0.10,1
109/03/13,0.21,0.21,0.21,0.21,48000,10080,-0.25,1
109/03/16,0.18,0.18,0.18,0.18,38000,6840,-0.03,1
109/03/17,--,--,--,--,0,0,0.00,0
109/03/18,--,--,--,--,0,0,0.00,0
109/03/19,--,--,--,--,0,0,0.00,0
109/03/20,--,--,--,--,0,0,0.00,0
109/03/23,--,--,--,--,0,0,0.00,0
109/03/24,--,--,--,--,0,0,0.00,0
109/03/25,--,--,--,--,0,0,0.00,0
109/03/26,--,--,--,--,0,0,0.00,0
109/03/27,--,--,--,--,0,0,0.00,0
109/03/30,--,--,--,--,0,0,0.00,0
109/03/31,--,--,--,--,0,0,0.00,0
109/04/01,0.71,0.71,0.71,0.71,10000,7100,0.00,1
109/04/06,0.71,0.71,0.71,0.71,10000,7100,0.00,1
109/04/07,--,--,--,--,0,0,0.00,0
109/04/08,--,--,--,--,0,0,0.00,0
109/04/09,--,--,--,--,0,0,0.00,0
109/04/10,1.09,1.19,1.09,1.19,76000,83520,0.00,5
109/04/13,1.26,1.26,1.16,1.23,160000,190800,0.04,8
109/04/14,1.18,1.35,1.18,1.33,224000,286160,0.10,12
109/04/15,1.26,1.26,1.21,1.21,122000,149040,-0.12,11
109/04/16,1.18,1.18,1.18,1.18,18000,21240,-0.03,1
109/04/17,--,--,--,--,0,0,0.00,0
109/04/20,--,--,--,--,0,0,0.00,0
109/04/21,--,--,--,--,0,0,0.00,0
109/04/22,--,--,--,--,0,0,0.00,0
109/04/23,--,--,--,--,0,0,0.00,0
109/04/24,--,--,--,--,0,0,0.00,0
109/04/27,--,--,--,--,0,0,0.00,0
109/04/28,--,--,--,--,0,0,0.00,0
109/04/29,--,--,--,--,0,0,0.00,0
109/04/30,1.11,1.11,1.11,1.11,22000,24420,0.00,1
109/05/04,1.30,1.30,1.26,1.26,178000,229160,0.15,9
109/05/05,1.22,1.27,1.16,1.16,167000,207660,-0.10,19
109/05/06,1.19,1.19,1.19,1.19,10000,11900,0.03,1
109/05/07,--,--,--,--,0,0,0.00,0
109/05/08,--,--,--,--,0,0,0.00,0
109/05/11,--,--,--,--,0,0,0.00,0
109/05/12,--,--,--,--,0,0,0.00,0
109/05/13,1.04,1.27,1.04,1.27,82000,88410,0.00,6
109/05/14,1.29,1.34,1.29,1.34,81000,105450,0.07,11
109/05/15,1.00,1.00,1.00,1.00,1000,1000,-0.34,1
109/05/14,1.29,1.34,1.29,1.34,81000,105450,0.07,11
109/05/13,1.04,1.27,1.04,1.27,82000,88410,0.00,6
109/05/12,--,--,--,--,0,0,0.00,0
109/05/11,--,--,--,--,0,0,0.00,0
109/05/08,--,--,--,--,0,0,0.00,0
109/05/07,--,--,--,--,0,0,0.00,0
109/05/06,1.19,1.19,1.19,1.19,10000,11900,0.03,1
109/05/05,1.22,1.27,1.16,1.16,167000,207660,-0.10,19
109/05/04,1.30,1.30,1.26,1.26,178000,229160,0.15,9
109/04/30,1.11,1.11,1.11,1.11,22000,24420,0.00,1
109/04/29,--,--,--,--,0,0,0.00,0
109/04/28,--,--,--,--,0,0,0.00,0
109/04/27,--,--,--,--,0,0,0.00,0
