109/01/31,1.35,1.35,1.25,1.25,20000,26500,0.05,2
109/02/03,1.09,1.29,1.09,1.16,222000,259390,-0.09,17
109/02/04,1.23,1.28,1.21,1.25,446000,556530,0.09,15
109/02/05,1.31,1.32,1.16,1.16,293000,370570,-0.09,12
109/02/06,1.24,1.55,1.24,1.53,1172000,1668450,0.37,40
109/02/07,1.53,1.53,1.28,1.28,1242000,1724840,-0.25,93
109/02/10,1.17,1.27,1.11,1.15,445000,527670,-0.13,34
109/02/11,1.21,1.27,1.15,1.27,1003000,1242340,0.12,44
109/02/12,1.32,1.32,1.25,1.27,811000,1044720,0.00,43
109/02/13,1.38,1.47,1.28,1.28,229000,309490,0.01,37
109/02/14,1.28,1.40,1.27,1.37,108000,145020,0.09,18
109/02/17,1.33,1.45,1.30,1.42,121000,168460,0.05,33
109/02/18,1.47,1.67,1.47,1.55,191000,301690,0.13,63
109/02/19,1.54,1.61,1.52,1.59,133000,208840,0.04,22
109/02/20,1.64,1.67,1.58,1.59,54000,87360,0.00,11
109/02/21,1.51,1.51,1.42,1.42,31000,44440,-0.17,7
109/02/24,1.32,1.38,1.32,1.32,70000,93950,-0.10,12
109/02/25,1.23,1.28,1.23,1.27,52000,64660,-0.05,5
109/02/26,1.12,1.20,1.11,1.11,245000,284600,-0.16,11
109/02/27,1.30,1.30,0.96,0.96,238000,267020,-0.15,20
109/03/02,0.85,1.04,0.85,0.98,172000,162140,0.02,9
109/03/03,1.10,1.15,1.06,1.10,732000,822350,0.12,16
109/03/04,1.06,1.06,0.96,1.04,899000,925760,-0.06,24
109/03/05,1.09,1.09,1.04,1.06,399000,417570,0.02,14
109/03/06,0.99,1.05,0.98,1.05,166000,163430,-0.01,6
109/03/09,0.90,0.90,0.67,0.67,82000,64860,-0.38,8
109/03/10,0.54,0.68,0.54,0.65,261000,171760,-0.02,7
109/03/11,0.71,0.78,0.65,0.65,536000,386830,0.00,22
109/03/12,0.55,0.55,0.35,0.35,474000,238740,-0.30,39
109/03/13,0.21,0.28,0.21,0.28,338000,73830,-0.07,9
109/03/16,0.20,0.20,0.17,0.17,13000,2510,-0.11,2
109/03/17,0.11,0.12,0.10,0.12,937000,94260,-0.05,8
109/03/18,0.11,0.11,0.10,0.10,20000,2100,-0.02,3
109/03/19,--,--,--,--,0,0,0.00,0
109/03/20,0.10,0.10,0.10,0.10,385000,38500,0.00,13
109/03/23,--,--,--,--,0,0,0.00,0
109/03/24,0.16,0.20,0.16,0.20,114000,19940,0.00,9
109/03/25,0.30,0.31,0.28,0.28,247000,73940,0.08,11
109/03/26,0.23,0.23,0.10,0.10,13000,1690,-0.18,2
109/03/27,0.15,0.15,0.15,0.15,5000,750,0.05,1
109/03/30,0.05,0.11,0.05,0.11,30000,3000,-0.04,3
109/03/31,0.12,0.15,0.10,0.10,31000,3550,-0.01,3
109/04/01,0.13,0.15,0.13,0.15,25000,3590,0.05,3
109/04/06,0.20,0.25,0.20,0.25,112000,22900,0.10,7
109/04/07,0.29,0.29,0.29,0.29,1000,290,0.04,1
109/04/08,0.39,0.39,0.30,0.30,3000,990,0.01,2
109/04/09,0.30,0.30,0.30,0.30,1000,300,0.00,1
109/04/10,--,--,--,--,0,0,0.00,0
109/04/13,0.13,0.13,0.13,0.13,47000,6110,0.00,1
109/04/14,0.25,0.25,0.16,0.16,896000,143450,0.03,3
109/04/15,--,--,--,--,0,0,0.00,0
109/04/16,0.33,0.33,0.33,0.33,1000,330,0.00,1
109/04/17,--,--,--,--,0,0,0.00,0
109/04/20,--,--,--,--,0,0,0.00,0
109/04/21,0.31,0.31,0.31,0.31,3000,930,0.00,1
109/04/22,--,--,--,--,0,0,0.00,0
109/04/23,--,--,--,--,0,0,0.00,0
109/04/24,--,--,--,--,0,0,0.00,0
109/04/27,--,--,--,--,0,0,0.00,0
109/04/28,--,--,--,--,0,0,0.00,0
109/04/29,0.30,0.34,0.30,0.34,180000,57300,0.00,6
109/04/30,0.38,0.64,0.37,0.64,213000,93780,0.30,33
109/05/04,0.40,0.41,0.39,0.40,73000,29270,-0.24,26
109/05/05,0.43,0.43,0.39,0.39,31000,12130,-0.01,2
109/05/06,0.45,0.61,0.45,0.61,102000,50440,0.22,8
109/05/07,--,--,--,--,0,0,0.00,0
109/05/08,0.51,0.51,0.51,0.51,170000,86700,0.00,3
109/05/11,0.58,0.58,0.58,0.58,116000,67280,0.07,4
109/05/12,0.51,0.51,0.51,0.51,135000,68850,-0.07,2
109/05/13,--,--,--,--,0,0,0.00,0
109/05/14,--,--,--,--,0,0,0.00,0
109/05/15,0.49,0.49,0.49,0.49,10000,4900,0.00,1
109/05/14,--,--,--,--,0,0,0.00,0
109/05/13,--,--,--,--,0,0,0.00,0
109/05/12,0.51,0.51,0.51,0.51,135000,68850,-0.07,2
109/05/11,0.58,0.58,0.58,0.58,116000,67280,0.07,4
109/05/08,0.51,0.51,0.51,0.51,170000,86700,0.00,3
109/05/07,--,--,--,--,0,0,0.00,0
109/05/06,0.45,0.61,0.45,0.61,102000,50440,0.22,8
109/05/05,0.43,0.43,0.39,0.39,31000,12130,-0.01,2
109/05/04,0.40,0.41,0.39,0.40,73000,29270,-0.24,26
109/04/30,0.38,0.64,0.37,0.64,213000,93780,0.30,33
109/04/29,0.30,0.34,0.30,0.34,180000,57300,0.00,6
109/04/28,--,--,--,--,0,0,0.00,0
109/04/27,--,--,--,--,0,0,0.00,0
