106/09/25,0.30,0.30,0.15,0.17,117000,24950,-0.22,6
106/09/26,0.11,0.12,0.08,0.10,105000,10040,-0.07,4
106/09/27,0.12,0.12,0.10,0.11,57000,5820,0.01,3
106/09/28,0.10,0.14,0.10,0.13,15000,1850,0.02,3
106/09/29,0.15,0.15,0.13,0.13,15000,2050,0.00,2
106/09/30,--,--,--,--,0,0,0.00,0
106/10/02,0.10,0.14,0.10,0.14,45000,5900,0.00,2
106/10/03,--,--,--,--,0,0,0.00,0
106/10/05,--,--,--,--,0,0,0.00,0
109/02/05,2.99,3.13,2.96,3.13,160000,483900,0.40,4
109/02/06,3.18,3.31,3.17,3.31,664000,2130380,0.18,19
109/02/07,3.20,3.20,2.99,2.99,847000,2629010,-0.32,20
109/02/10,2.77,3.07,2.70,2.92,1024000,2879870,-0.07,37
109/02/11,3.17,3.33,3.14,3.33,825000,2664890,0.41,24
109/02/12,3.44,3.50,3.38,3.50,274000,934160,0.17,10
109/02/13,3.65,3.65,3.53,3.53,414000,1484820,0.03,6
109/02/14,3.57,3.57,3.46,3.46,405000,1427240,-0.07,12
109/02/17,3.25,3.31,3.20,3.20,660000,2142610,-0.26,19
109/02/18,2.83,2.91,2.66,2.66,1574000,4438990,-0.54,69
109/02/19,2.67,2.88,2.67,2.88,2254000,6229210,0.22,43
109/02/20,2.99,2.99,2.80,2.83,1803000,5190570,-0.05,32
109/02/21,2.80,2.86,2.68,2.71,2240000,6271680,-0.12,44
109/02/24,2.43,2.51,2.41,2.46,2926000,7200340,-0.25,72
109/02/25,2.37,2.59,2.30,2.59,3158000,7811930,0.13,59
109/02/26,2.27,2.43,2.22,2.35,3440000,7886310,-0.24,73
109/02/27,2.37,2.37,2.16,2.18,2279000,5188810,-0.17,56
109/03/02,1.81,2.20,1.81,1.95,3752000,7253930,-0.23,97
109/03/03,2.00,2.35,2.00,2.24,4765000,10534190,0.29,90
109/03/04,2.39,2.39,2.20,2.39,2306000,5319150,0.15,55
109/03/05,2.66,2.66,2.54,2.54,2360000,6106790,0.15,58
109/03/06,2.29,2.34,2.10,2.10,3389000,7530410,-0.44,92
109/03/09,1.79,1.80,1.60,1.62,4362000,7474390,-0.48,196
109/03/10,1.44,1.74,1.43,1.69,3655000,5555650,0.07,133
109/03/11,1.71,1.82,1.43,1.43,2323000,3990170,-0.26,123
109/03/12,1.29,1.29,0.93,1.13,2619000,2979290,-0.30,147
109/03/13,0.49,1.11,0.40,1.03,3269000,2239630,-0.10,148
109/03/16,1.02,1.02,0.60,0.60,1299000,1034200,-0.43,115
109/03/17,0.41,0.75,0.41,0.75,913000,476570,0.15,110
109/03/18,0.41,0.52,0.38,0.38,302000,133070,-0.37,43
109/03/19,0.33,0.37,0.20,0.20,647000,191260,-0.18,45
109/03/20,0.36,0.59,0.33,0.59,650000,282890,0.39,57
109/03/23,0.42,0.50,0.30,0.50,26000,11480,-0.09,5
109/03/24,0.80,0.94,0.69,0.94,476000,384830,0.44,33
109/03/25,1.20,1.30,1.15,1.25,680000,839430,0.31,44
109/03/26,0.70,1.15,0.70,1.15,23000,20530,-0.10,5
109/03/27,0.90,1.00,0.90,0.90,79000,71400,-0.25,14
109/03/30,0.35,1.20,0.35,1.20,33000,29300,0.30,6
109/03/31,0.50,1.18,0.50,1.12,34000,36790,-0.08,6
109/04/01,1.10,1.15,1.10,1.15,125000,143700,0.03,12
109/04/06,1.10,1.15,1.10,1.15,140000,154250,0.00,4
109/04/07,1.30,1.30,1.30,1.30,20000,26000,0.15,3
109/04/08,--,--,--,--,0,0,0.00,0
109/04/09,--,--,--,--,0,0,0.00,0
109/04/10,--,--,--,--,0,0,0.00,0
109/04/13,1.15,1.15,1.15,1.15,10000,11500,0.00,1
109/04/14,0.80,1.30,0.80,1.30,2000,2100,0.15,2
109/04/15,--,--,--,--,0,0,0.00,0
109/04/16,--,--,--,--,0,0,0.00,0
109/04/17,1.60,1.85,1.50,1.85,377000,630640,0.00,26
109/04/20,--,--,--,--,0,0,0.00,0
109/04/21,1.17,1.17,1.17,1.17,10000,11700,0.00,1
109/04/22,--,--,--,--,0,0,0.00,0
109/04/23,--,--,--,--,0,0,0.00,0
109/04/24,--,--,--,--,0,0,0.00,0
109/04/27,--,--,--,--,0,0,0.00,0
109/04/28,--,--,--,--,0,0,0.00,0
109/04/29,0.99,1.01,0.99,1.01,45000,45250,0.00,5
109/04/30,1.08,1.50,1.08,1.50,51000,57300,0.49,5
109/05/04,1.00,1.00,1.00,1.00,20000,20000,-0.50,2
109/05/05,0.80,0.80,0.78,0.78,30000,23500,-0.22,2
109/05/06,0.85,0.85,0.80,0.80,40000,32500,0.02,2
109/05/07,0.99,0.99,0.99,0.99,10000,9900,0.19,1
109/05/08,--,--,--,--,0,0,0.00,0
109/05/11,--,--,--,--,0,0,0.00,0
109/05/12,0.90,0.90,0.90,0.90,5000,4500,0.00,1
109/05/13,--,--,--,--,0,0,0.00,0
109/05/14,--,--,--,--,0,0,0.00,0
109/05/15,--,--,--,--,0,0,0.00,0
109/05/14,--,--,--,--,0,0,0.00,0
109/05/13,--,--,--,--,0,0,0.00,0
109/05/12,0.90,0.90,0.90,0.90,5000,4500,0.00,1
109/05/11,--,--,--,--,0,0,0.00,0
109/05/08,--,--,--,--,0,0,0.00,0
109/05/07,0.99,0.99,0.99,0.99,10000,9900,0.19,1
109/05/06,0.85,0.85,0.80,0.80,40000,32500,0.02,2
109/05/05,0.80,0.80,0.78,0.78,30000,23500,-0.22,2
109/05/04,1.00,1.00,1.00,1.00,20000,20000,-0.50,2
109/04/30,1.08,1.50,1.08,1.50,51000,57300,0.49,5
109/04/29,0.99,1.01,0.99,1.01,45000,45250,0.00,5
109/04/28,--,--,--,--,0,0,0.00,0
109/04/27,--,--,--,--,0,0,0.00,0
