109/02/05,--,--,--,--,0,0,0.00,0
109/02/06,--,--,--,--,0,0,0.00,0
109/02/07,--,--,--,--,0,0,0.00,0
109/02/10,1.25,1.25,1.25,1.25,300000,375000,0.00,1
109/02/11,1.28,1.28,1.28,1.28,300000,384000,0.03,1
109/02/12,--,--,--,--,0,0,0.00,0
109/02/13,--,--,--,--,0,0,0.00,0
109/02/14,1.39,1.47,1.39,1.45,219000,305990,0.00,9
109/02/17,1.35,1.37,1.32,1.37,229000,310280,-0.08,10
109/02/18,1.45,1.45,1.45,1.45,10000,14500,0.08,1
109/02/19,1.45,1.46,1.44,1.46,115000,166690,0.01,6
109/02/20,1.49,1.49,1.41,1.41,115000,164430,-0.05,5
109/02/21,--,--,--,--,0,0,0.00,0
109/02/24,--,--,--,--,0,0,0.00,0
109/02/25,1.20,1.20,1.20,1.20,50000,60000,0.00,1
109/02/26,1.13,1.14,1.13,1.14,50000,56900,-0.06,2
109/02/27,--,--,--,--,0,0,0.00,0
109/03/02,0.60,0.79,0.60,0.79,42000,30830,0.00,8
109/03/03,0.79,0.82,0.76,0.82,103000,83230,0.03,10
109/03/04,0.73,0.73,0.73,0.73,61000,44530,-0.09,1
109/03/05,--,--,--,--,0,0,0.00,0
109/03/06,0.82,0.82,0.82,0.82,73000,59860,0.00,1
109/03/09,0.72,0.72,0.63,0.63,83000,58860,-0.19,2
109/03/10,0.50,0.56,0.50,0.55,50000,27060,-0.08,7
109/03/11,0.70,0.72,0.70,0.71,59000,41620,0.16,19
109/03/12,0.55,0.56,0.51,0.51,29000,15670,-0.20,6
109/03/13,0.22,0.22,0.22,0.22,10000,2200,-0.29,1
109/03/16,--,--,--,--,0,0,0.00,0
109/03/17,0.21,0.21,0.21,0.21,12000,2520,0.00,1
109/03/18,0.30,0.34,0.29,0.34,343000,107670,0.13,20
109/03/19,0.23,0.24,0.14,0.14,331000,70800,-0.20,27
109/03/20,--,--,--,--,0,0,0.00,0
109/03/23,--,--,--,--,0,0,0.00,0
109/03/24,0.22,0.22,0.22,0.22,1000,220,0.00,1
109/03/25,0.22,0.32,0.22,0.32,2000,540,0.10,2
109/03/26,--,--,--,--,0,0,0.00,0
109/03/27,0.33,0.33,0.32,0.32,29000,9290,0.00,2
109/03/30,--,--,--,--,0,0,0.00,0
109/03/31,1.26,1.26,1.26,1.26,40000,50400,0.00,1
109/04/01,1.19,1.22,1.18,1.22,40000,47900,-0.04,4
109/04/06,--,--,--,--,0,0,0.00,0
109/04/07,--,--,--,--,0,0,0.00,0
109/04/08,1.34,1.36,1.33,1.36,52000,69690,0.00,3
109/04/09,1.44,1.51,1.39,1.39,68000,98240,0.03,4
109/04/10,1.30,1.31,1.30,1.31,16000,20950,-0.08,2
109/04/13,--,--,--,--,0,0,0.00,0
109/04/14,1.35,1.35,1.35,1.35,20000,27000,0.00,1
109/04/15,1.51,1.59,1.51,1.59,36000,55580,0.24,4
109/04/16,1.60,1.60,1.60,1.60,16000,25600,0.01,4
109/04/17,--,--,--,--,0,0,0.00,0
109/04/20,1.39,1.39,1.39,1.39,20000,27800,0.00,1
109/04/21,1.34,1.34,1.34,1.34,20000,26800,-0.05,1
109/04/22,--,--,--,--,0,0,0.00,0
109/04/23,--,--,--,--,0,0,0.00,0
109/04/24,--,--,--,--,0,0,0.00,0
109/04/27,--,--,--,--,0,0,0.00,0
109/04/28,--,--,--,--,0,0,0.00,0
109/04/29,1.40,1.40,1.40,1.40,30000,42000,0.00,1
109/04/30,1.49,1.54,1.49,1.54,40000,60100,0.14,2
109/05/04,1.50,1.50,1.50,1.50,10000,15000,-0.04,1
109/05/05,--,--,--,--,0,0,0.00,0
109/05/06,1.41,1.41,1.41,1.41,30000,42300,0.00,1
109/05/07,1.46,1.46,1.46,1.46,60000,87600,0.05,2
109/05/08,1.44,1.44,1.44,1.44,30000,43200,-0.02,1
109/05/11,--,--,--,--,0,0,0.00,0
109/05/12,--,--,--,--,0,0,0.00,0
109/05/13,1.28,1.28,1.28,1.28,50000,64000,0.00,1
109/05/14,1.29,1.29,1.29,1.29,50000,64500,0.01,1
109/05/15,1.16,1.16,1.16,1.16,50000,58000,-0.13,1
109/05/14,1.29,1.29,1.29,1.29,50000,64500,0.01,1
109/05/13,1.28,1.28,1.28,1.28,50000,64000,0.00,1
109/05/12,--,--,--,--,0,0,0.00,0
109/05/11,--,--,--,--,0,0,0.00,0
109/05/08,1.44,1.44,1.44,1.44,30000,43200,-0.02,1
109/05/07,1.46,1.46,1.46,1.46,60000,87600,0.05,2
109/05/06,1.41,1.41,1.41,1.41,30000,42300,0.00,1
109/05/05,--,--,--,--,0,0,0.00,0
109/05/04,1.50,1.50,1.50,1.50,10000,15000,-0.04,1
109/04/30,1.49,1.54,1.49,1.54,40000,60100,0.14,2
109/04/29,1.40,1.40,1.40,1.40,30000,42000,0.00,1
109/04/28,--,--,--,--,0,0,0.00,0
109/04/27,--,--,--,--,0,0,0.00,0
