109/02/06,2.15,2.18,2.15,2.17,168000,363080,0.08,9
109/02/07,2.10,2.10,1.94,1.98,188000,384400,-0.19,8
109/02/10,1.75,1.91,1.75,1.91,176000,329560,-0.07,6
109/02/11,1.95,2.19,1.92,2.17,550000,1145970,0.26,29
109/02/12,2.15,2.55,2.12,2.49,533000,1258910,0.32,29
109/02/13,2.46,2.50,2.27,2.31,150000,357670,-0.18,12
109/02/14,2.37,2.48,2.37,2.45,91000,219650,0.14,7
109/02/17,2.36,2.48,2.36,2.41,110000,266550,-0.04,9
109/02/18,2.38,2.53,2.38,2.46,179000,442140,0.05,8
109/02/19,2.33,2.37,2.30,2.37,85000,198300,-0.09,5
109/02/20,2.47,2.47,2.43,2.43,95000,234450,0.06,4
109/02/21,2.31,2.31,2.24,2.24,185000,427000,-0.19,7
109/02/24,2.09,2.09,2.09,2.09,10000,20900,-0.15,1
109/02/25,2.01,2.03,1.99,1.99,210000,423900,-0.10,4
109/02/26,2.03,2.03,2.03,2.03,20000,40600,0.04,2
109/02/27,1.95,1.95,1.85,1.85,20000,38500,-0.18,3
109/03/02,1.83,2.05,1.83,2.02,220000,434700,0.17,8
109/03/03,2.08,2.11,1.87,1.88,233000,445360,-0.14,9
109/03/04,1.80,1.81,1.75,1.78,289000,515670,-0.10,8
109/03/05,1.83,1.83,1.70,1.71,85000,151500,-0.07,5
109/03/06,1.55,1.56,1.55,1.56,95000,147800,-0.15,3
109/03/09,1.40,1.40,1.29,1.29,257000,352540,-0.27,10
109/03/10,1.18,1.18,1.09,1.18,224000,250720,-0.11,5
109/03/11,1.41,1.58,1.37,1.37,1354000,2033870,0.19,39
109/03/12,1.26,1.26,1.05,1.05,2185000,2405500,-0.32,43
109/03/13,0.73,0.79,0.71,0.78,910000,665570,-0.27,20
109/03/16,0.75,0.75,0.49,0.49,380000,213900,-0.29,26
109/03/17,0.33,0.34,0.33,0.34,30000,10100,-0.15,3
109/03/18,0.35,0.35,0.35,0.35,5000,1750,0.01,1
109/03/19,0.20,0.20,0.17,0.17,675000,117200,-0.18,16
109/03/20,0.24,0.28,0.24,0.28,540000,139000,0.11,13
109/03/23,0.31,0.42,0.31,0.39,185000,69680,0.11,20
109/03/24,0.44,0.49,0.40,0.49,53000,23250,0.10,3
109/03/25,0.65,0.65,0.65,0.65,3000,1950,0.16,1
109/03/26,0.65,0.69,0.54,0.58,56000,35740,-0.07,6
109/03/27,0.66,0.66,0.52,0.52,377000,242520,-0.06,3
109/03/30,0.51,0.51,0.51,0.51,40000,20400,-0.01,1
109/03/31,0.55,0.58,0.55,0.58,43000,23740,0.07,2
109/04/01,--,--,--,--,0,0,0.00,0
109/04/06,--,--,--,--,0,0,0.00,0
109/04/07,--,--,--,--,0,0,0.00,0
109/04/08,--,--,--,--,0,0,0.00,0
109/04/09,--,--,--,--,0,0,0.00,0
109/04/10,--,--,--,--,0,0,0.00,0
109/04/13,--,--,--,--,0,0,0.00,0
109/04/14,--,--,--,--,0,0,0.00,0
109/04/15,--,--,--,--,0,0,0.00,0
109/04/16,--,--,--,--,0,0,0.00,0
109/04/17,--,--,--,--,0,0,0.00,0
109/04/20,--,--,--,--,0,0,0.00,0
109/04/21,--,--,--,--,0,0,0.00,0
109/04/22,0.77,0.77,0.77,0.77,10000,7700,0.00,1
109/04/23,0.81,0.82,0.81,0.82,20000,16300,0.05,2
109/04/24,0.71,0.71,0.71,0.71,10000,7100,-0.11,1
109/04/27,--,--,--,--,0,0,0.00,0
109/04/28,0.82,0.82,0.82,0.82,20000,16400,0.00,2
109/04/29,0.84,1.00,0.84,1.00,284000,269180,0.18,27
109/04/30,1.00,1.36,1.00,1.35,453000,566540,0.35,31
109/05/04,1.17,1.30,1.17,1.30,140000,172900,-0.05,8
109/05/05,1.33,1.33,1.33,1.33,31000,41230,0.03,4
109/05/06,1.11,1.15,1.11,1.15,10000,11340,-0.18,3
109/05/07,1.10,1.15,1.08,1.15,51000,56920,0.00,9
109/05/08,1.22,1.22,1.18,1.19,25000,29740,0.04,3
109/05/11,1.22,1.62,1.22,1.56,57000,88820,0.37,9
109/05/12,1.43,1.43,1.27,1.27,21000,26830,-0.29,2
109/05/13,1.24,1.30,1.24,1.30,7000,8860,0.03,2
109/05/14,--,--,--,--,0,0,0.00,0
109/05/15,--,--,--,--,0,0,0.00,0
109/05/14,--,--,--,--,0,0,0.00,0
109/05/13,1.24,1.30,1.24,1.30,7000,8860,0.03,2
109/05/12,1.43,1.43,1.27,1.27,21000,26830,-0.29,2
109/05/11,1.22,1.62,1.22,1.56,57000,88820,0.37,9
109/05/08,1.22,1.22,1.18,1.19,25000,29740,0.04,3
109/05/07,1.10,1.15,1.08,1.15,51000,56920,0.00,9
109/05/06,1.11,1.15,1.11,1.15,10000,11340,-0.18,3
109/05/05,1.33,1.33,1.33,1.33,31000,41230,0.03,4
109/05/04,1.17,1.30,1.17,1.30,140000,172900,-0.05,8
109/04/30,1.00,1.36,1.00,1.35,453000,566540,0.35,31
109/04/29,0.84,1.00,0.84,1.00,284000,269180,0.18,27
109/04/28,0.82,0.82,0.82,0.82,20000,16400,0.00,2
109/04/27,--,--,--,--,0,0,0.00,0
