109/02/10,--,--,--,--,0,0,0.00,0
109/02/11,1.14,1.19,1.12,1.12,198000,228310,0.00,6
109/02/12,1.03,1.07,1.03,1.07,193000,201870,-0.05,5
109/02/13,1.15,1.15,1.15,1.15,49000,56350,0.08,1
109/02/14,1.07,1.09,1.07,1.09,179000,193270,-0.06,5
109/02/17,1.07,1.07,1.01,1.01,179000,189010,-0.08,3
109/02/18,1.13,1.14,1.07,1.07,130000,143980,0.06,5
109/02/19,1.02,1.12,1.01,1.12,306000,325140,0.05,20
109/02/20,1.08,1.08,1.03,1.04,181000,189650,-0.08,6
109/02/21,1.08,1.15,1.08,1.15,595000,663890,0.11,34
109/02/24,1.01,1.02,0.99,1.00,585000,587110,-0.15,39
109/02/25,1.04,1.04,1.01,1.01,165000,169350,0.01,3
109/02/26,0.97,0.97,0.97,0.97,7000,6790,-0.04,1
109/02/27,--,--,--,--,0,0,0.00,0
109/03/02,0.71,0.71,0.71,0.71,90000,63900,0.00,1
109/03/03,0.83,0.83,0.83,0.83,21000,17430,0.12,1
109/03/04,0.74,0.74,0.73,0.73,47000,34640,-0.10,2
109/03/05,0.78,0.78,0.78,0.78,122000,95160,0.05,3
109/03/06,0.70,0.70,0.70,0.70,122000,85400,-0.08,2
109/03/09,--,--,--,--,0,0,0.00,0
109/03/10,--,--,--,--,0,0,0.00,0
109/03/11,--,--,--,--,0,0,0.00,0
109/03/12,--,--,--,--,0,0,0.00,0
109/03/13,--,--,--,--,0,0,0.00,0
109/03/16,--,--,--,--,0,0,0.00,0
109/03/17,--,--,--,--,0,0,0.00,0
109/03/18,--,--,--,--,0,0,0.00,0
109/03/19,--,--,--,--,0,0,0.00,0
109/03/20,--,--,--,--,0,0,0.00,0
109/03/23,--,--,--,--,0,0,0.00,0
109/03/24,--,--,--,--,0,0,0.00,0
109/03/25,--,--,--,--,0,0,0.00,0
109/03/26,0.52,0.55,0.48,0.55,15000,7640,0.00,9
109/03/27,0.64,0.72,0.61,0.61,362000,245520,0.06,19
109/03/30,0.55,0.55,0.52,0.55,400000,216500,-0.06,9
109/03/31,0.58,0.58,0.58,0.58,5000,2900,0.03,2
109/04/01,--,--,--,--,0,0,0.00,0
109/04/06,0.58,0.58,0.58,0.58,50000,29000,0.00,1
109/04/07,0.65,0.69,0.65,0.68,22000,14760,0.10,3
109/04/08,0.83,0.98,0.83,0.98,189000,171680,0.30,10
109/04/09,1.09,1.09,0.85,0.85,244000,248960,-0.13,12
109/04/10,0.87,0.92,0.86,0.91,298000,263830,0.06,11
109/04/13,0.84,0.84,0.75,0.75,658000,509700,-0.16,34
109/04/14,0.77,0.78,0.77,0.78,344000,264930,0.03,17
109/04/15,0.84,0.97,0.84,0.87,1166000,1041290,0.09,9
109/04/16,0.77,0.83,0.77,0.83,78000,61260,-0.04,3
109/04/17,--,--,--,--,0,0,0.00,0
109/04/20,0.75,0.80,0.75,0.80,60000,47520,0.00,4
109/04/21,0.68,0.68,0.67,0.67,48000,32610,-0.13,2
109/04/22,0.66,0.68,0.64,0.68,269000,178660,0.01,12
109/04/23,0.70,0.70,0.68,0.68,223000,153050,0.00,4
109/04/24,--,--,--,--,0,0,0.00,0
109/04/27,--,--,--,--,0,0,0.00,0
109/04/28,0.75,0.77,0.73,0.77,206000,156300,0.00,11
109/04/29,0.71,0.71,0.71,0.71,50000,35500,-0.06,1
109/04/30,0.75,0.78,0.72,0.72,522000,395220,0.01,17
109/05/04,0.62,0.64,0.60,0.63,392000,244980,-0.09,16
109/05/05,0.70,0.73,0.70,0.73,153000,109740,0.10,7
109/05/06,0.88,1.01,0.88,1.01,150000,141260,0.28,18
109/05/07,1.23,1.30,1.08,1.08,165000,190830,0.07,8
109/05/08,1.03,1.03,1.03,1.03,10000,10300,-0.05,1
109/05/11,0.96,1.03,0.96,1.03,168000,167510,0.00,5
109/05/12,0.95,0.96,0.93,0.93,168000,158500,-0.10,7
109/05/13,0.98,0.98,0.98,0.98,38000,37240,0.05,1
109/05/14,0.86,0.86,0.86,0.86,38000,32680,-0.12,1
109/05/15,--,--,--,--,0,0,0.00,0
109/05/14,0.86,0.86,0.86,0.86,38000,32680,-0.12,1
109/05/13,0.98,0.98,0.98,0.98,38000,37240,0.05,1
109/05/12,0.95,0.96,0.93,0.93,168000,158500,-0.10,7
109/05/11,0.96,1.03,0.96,1.03,168000,167510,0.00,5
109/05/08,1.03,1.03,1.03,1.03,10000,10300,-0.05,1
109/05/07,1.23,1.30,1.08,1.08,165000,190830,0.07,8
109/05/06,0.88,1.01,0.88,1.01,150000,141260,0.28,18
109/05/05,0.70,0.73,0.70,0.73,153000,109740,0.10,7
109/05/04,0.62,0.64,0.60,0.63,392000,244980,-0.09,16
109/04/30,0.75,0.78,0.72,0.72,522000,395220,0.01,17
109/04/29,0.71,0.71,0.71,0.71,50000,35500,-0.06,1
109/04/28,0.75,0.77,0.73,0.77,206000,156300,0.00,11
109/04/27,--,--,--,--,0,0,0.00,0
