109/02/10,--,--,--,--,0,0,0.00,0
109/02/11,1.15,1.17,1.15,1.16,196000,227080,0.00,8
109/02/12,1.19,1.19,1.17,1.19,266000,316140,0.03,6
109/02/13,1.14,1.14,1.10,1.10,70000,79400,-0.09,3
109/02/14,1.07,1.07,1.07,1.07,66000,70620,-0.03,2
109/02/17,1.08,1.08,1.01,1.01,66000,70580,-0.06,2
109/02/18,--,--,--,--,0,0,0.00,0
109/02/19,--,--,--,--,0,0,0.00,0
109/02/20,--,--,--,--,0,0,0.00,0
109/02/21,--,--,--,--,0,0,0.00,0
109/02/24,--,--,--,--,0,0,0.00,0
109/02/25,0.72,0.74,0.72,0.74,197000,144440,0.00,3
109/02/26,0.75,0.76,0.75,0.76,344000,258990,0.02,3
109/02/27,0.75,0.75,0.66,0.66,157000,113090,-0.10,12
109/03/02,0.65,0.67,0.65,0.67,132000,87240,0.01,2
109/03/03,0.69,0.69,0.68,0.69,204000,140540,0.02,9
109/03/04,0.80,0.81,0.76,0.76,157000,123680,0.07,3
109/03/05,0.77,0.78,0.77,0.78,95000,73250,0.02,3
109/03/06,--,--,--,--,0,0,0.00,0
109/03/09,0.60,0.60,0.60,0.60,10000,6000,0.00,1
109/03/10,0.60,0.60,0.60,0.60,110000,66000,0.00,2
109/03/11,0.62,0.62,0.62,0.62,110000,68200,0.02,2
109/03/12,--,--,--,--,0,0,0.00,0
109/03/13,--,--,--,--,0,0,0.00,0
109/03/16,--,--,--,--,0,0,0.00,0
109/03/17,--,--,--,--,0,0,0.00,0
109/03/18,--,--,--,--,0,0,0.00,0
109/03/19,--,--,--,--,0,0,0.00,0
109/03/20,--,--,--,--,0,0,0.00,0
109/03/23,--,--,--,--,0,0,0.00,0
109/03/24,--,--,--,--,0,0,0.00,0
109/03/25,--,--,--,--,0,0,0.00,0
109/03/26,--,--,--,--,0,0,0.00,0
109/03/27,--,--,--,--,0,0,0.00,0
109/03/30,--,--,--,--,0,0,0.00,0
109/03/31,--,--,--,--,0,0,0.00,0
109/04/01,--,--,--,--,0,0,0.00,0
109/04/06,--,--,--,--,0,0,0.00,0
109/04/07,--,--,--,--,0,0,0.00,0
109/04/08,--,--,--,--,0,0,0.00,0
109/04/09,--,--,--,--,0,0,0.00,0
109/04/10,--,--,--,--,0,0,0.00,0
109/04/13,--,--,--,--,0,0,0.00,0
109/04/14,0.50,0.51,0.50,0.51,59000,30030,0.00,7
109/04/15,0.54,0.64,0.54,0.61,422000,256520,0.10,23
109/04/16,0.62,0.75,0.62,0.75,414000,275000,0.14,26
109/04/17,0.78,0.78,0.75,0.75,68000,52280,0.00,4
109/04/20,0.77,0.77,0.77,0.77,1000,770,0.02,1
109/04/21,0.74,0.82,0.71,0.71,10000,7300,-0.06,5
109/04/22,0.66,0.66,0.66,0.66,1000,660,-0.05,1
109/04/23,--,--,--,--,0,0,0.00,0
109/04/24,--,--,--,--,0,0,0.00,0
109/04/27,--,--,--,--,0,0,0.00,0
109/04/28,0.72,0.72,0.71,0.71,51000,36710,0.00,2
109/04/29,0.65,0.68,0.65,0.68,51000,34050,-0.03,4
109/04/30,0.72,0.72,0.72,0.72,92000,66240,0.04,2
109/05/04,0.59,0.64,0.59,0.63,92000,57060,-0.09,5
109/05/05,--,--,--,--,0,0,0.00,0
109/05/06,--,--,--,--,0,0,0.00,0
109/05/07,0.64,0.67,0.64,0.67,168000,109770,0.00,3
109/05/08,0.67,0.73,0.66,0.73,496000,340420,0.06,7
109/05/11,0.78,0.88,0.77,0.81,613000,505100,0.08,13
109/05/12,0.75,0.75,0.74,0.74,276000,205480,-0.07,6
109/05/13,--,--,--,--,0,0,0.00,0
109/05/14,--,--,--,--,0,0,0.00,0
109/05/15,--,--,--,--,0,0,0.00,0
109/05/14,--,--,--,--,0,0,0.00,0
109/05/13,--,--,--,--,0,0,0.00,0
109/05/12,0.75,0.75,0.74,0.74,276000,205480,-0.07,6
109/05/11,0.78,0.88,0.77,0.81,613000,505100,0.08,13
109/05/08,0.67,0.73,0.66,0.73,496000,340420,0.06,7
109/05/07,0.64,0.67,0.64,0.67,168000,109770,0.00,3
109/05/06,--,--,--,--,0,0,0.00,0
109/05/05,--,--,--,--,0,0,0.00,0
109/05/04,0.59,0.64,0.59,0.63,92000,57060,-0.09,5
109/04/30,0.72,0.72,0.72,0.72,92000,66240,0.04,2
109/04/29,0.65,0.68,0.65,0.68,51000,34050,-0.03,4
109/04/28,0.72,0.72,0.71,0.71,51000,36710,0.00,2
109/04/27,--,--,--,--,0,0,0.00,0
