106/09/25,0.04,0.04,0.04,0.04,10000,400,-0.03,1
106/09/26,0.04,0.04,0.04,0.04,250000,10000,0.00,3
106/09/27,0.02,0.02,0.02,0.02,600000,12000,-0.02,8
106/09/28,--,--,--,--,0,0,0.00,0
106/09/29,0.01,0.01,0.01,0.01,500000,5000,0.00,4
106/09/30,0.01,0.01,0.01,0.01,736000,7360,0.00,9
106/10/02,0.01,0.01,0.01,0.01,20000,200,0.00,1
106/10/03,--,--,--,--,0,0,0.00,0
106/10/05,--,--,--,--,0,0,0.00,0
106/10/06,--,--,--,--,0,0,0.00,0
106/10/11,--,--,--,--,0,0,0.00,0
106/10/12,0.01,0.01,0.01,0.01,10000,100,0.00,10
109/02/10,3.04,3.19,3.04,3.19,6000,18690,0.48,2
109/02/11,3.11,3.11,3.11,3.11,1000,3110,-0.08,1
109/02/12,3.24,3.39,3.24,3.39,52000,174610,0.28,6
109/02/13,3.25,3.63,3.25,3.43,149000,513190,0.04,26
109/02/14,3.38,3.45,3.30,3.45,94000,321470,0.02,19
109/02/17,3.41,3.48,3.41,3.48,7000,23980,0.03,3
109/02/18,3.42,3.42,3.42,3.42,1000,3420,-0.06,1
109/02/19,3.48,3.48,3.48,3.48,2000,6960,0.06,1
109/02/20,3.56,3.56,3.51,3.51,2000,7070,0.03,2
109/02/21,3.33,3.54,3.33,3.54,76000,263340,0.03,8
109/02/24,3.35,3.43,3.30,3.30,136000,457860,-0.24,9
109/02/25,3.10,3.32,3.10,3.32,124000,391620,0.02,10
109/02/26,3.23,3.51,3.23,3.38,193000,648880,0.06,23
109/02/27,3.37,3.39,3.04,3.04,141000,471260,-0.34,27
109/03/02,2.56,3.09,2.56,2.92,155000,444320,-0.12,23
109/03/03,3.20,3.54,3.17,3.40,531000,1794950,0.48,98
109/03/04,3.29,3.38,3.19,3.32,448000,1467680,-0.08,40
109/03/05,3.62,3.62,3.61,3.61,72000,260020,0.29,2
109/03/06,3.31,3.31,3.31,3.31,2000,6620,-0.30,1
109/03/09,--,--,--,--,0,0,0.00,0
109/03/10,2.64,2.64,2.64,2.64,10000,26400,0.00,1
109/03/11,2.77,2.77,2.77,2.77,10000,27700,0.13,1
109/03/12,--,--,--,--,0,0,0.00,0
109/03/13,--,--,--,--,0,0,0.00,0
109/03/16,--,--,--,--,0,0,0.00,0
109/03/17,--,--,--,--,0,0,0.00,0
109/03/18,--,--,--,--,0,0,0.00,0
109/03/19,--,--,--,--,0,0,0.00,0
109/03/20,--,--,--,--,0,0,0.00,0
109/03/23,--,--,--,--,0,0,0.00,0
109/03/24,--,--,--,--,0,0,0.00,0
109/03/25,--,--,--,--,0,0,0.00,0
109/03/26,--,--,--,--,0,0,0.00,0
109/03/27,--,--,--,--,0,0,0.00,0
109/03/30,--,--,--,--,0,0,0.00,0
109/03/31,--,--,--,--,0,0,0.00,0
109/04/01,--,--,--,--,0,0,0.00,0
109/04/06,1.74,1.74,1.74,1.74,2000,3480,0.00,1
109/04/07,1.89,2.05,1.89,2.05,460000,928480,0.31,15
109/04/08,2.00,2.20,1.99,2.18,729000,1503280,0.13,35
109/04/09,2.35,2.35,2.18,2.19,261000,606680,0.01,21
109/04/10,2.21,2.25,2.17,2.25,142000,311740,0.06,6
109/04/13,2.27,2.31,2.23,2.23,98000,223000,-0.02,9
109/04/14,2.20,2.29,2.20,2.27,96000,214700,0.04,8
109/04/15,2.35,2.71,2.34,2.36,106000,261760,0.09,19
109/04/16,2.32,2.49,2.32,2.49,91000,217880,0.13,13
109/04/17,2.58,2.58,2.52,2.52,45000,114300,0.03,4
109/04/20,2.18,2.33,2.18,2.33,20000,45100,-0.19,2
109/04/21,2.33,2.38,2.26,2.26,50000,115800,-0.07,5
109/04/22,1.88,1.89,1.88,1.89,30000,56500,-0.37,2
109/04/23,--,--,--,--,0,0,0.00,0
109/04/24,--,--,--,--,0,0,0.00,0
109/04/27,2.21,2.32,2.21,2.32,30000,68500,0.00,3
109/04/28,2.33,2.33,2.32,2.32,30000,69800,0.00,2
109/04/29,2.28,2.33,2.25,2.33,30000,68600,0.01,5
109/04/30,2.38,2.44,2.38,2.44,39000,93360,0.11,8
109/05/04,2.23,2.27,2.23,2.27,19000,42770,-0.17,2
109/05/05,2.34,2.41,2.34,2.41,45000,106400,0.14,5
109/05/06,2.38,2.54,2.35,2.41,65000,157950,0.00,8
109/05/07,2.38,2.48,2.38,2.48,36000,87100,0.07,8
109/05/08,2.52,2.52,2.52,2.52,6000,15120,0.04,1
109/05/11,2.50,2.58,2.50,2.58,20000,50800,0.06,3
109/05/12,2.55,2.58,2.55,2.58,20000,51300,0.00,5
109/05/13,--,--,--,--,0,0,0.00,0
109/05/14,--,--,--,--,0,0,0.00,0
109/05/15,--,--,--,--,0,0,0.00,0
109/05/14,--,--,--,--,0,0,0.00,0
109/05/13,--,--,--,--,0,0,0.00,0
109/05/12,2.55,2.58,2.55,2.58,20000,51300,0.00,5
109/05/11,2.50,2.58,2.50,2.58,20000,50800,0.06,3
109/05/08,2.52,2.52,2.52,2.52,6000,15120,0.04,1
109/05/07,2.38,2.48,2.38,2.48,36000,87100,0.07,8
109/05/06,2.38,2.54,2.35,2.41,65000,157950,0.00,8
109/05/05,2.34,2.41,2.34,2.41,45000,106400,0.14,5
109/05/04,2.23,2.27,2.23,2.27,19000,42770,-0.17,2
109/04/30,2.38,2.44,2.38,2.44,39000,93360,0.11,8
109/04/29,2.28,2.33,2.25,2.33,30000,68600,0.01,5
109/04/28,2.33,2.33,2.32,2.32,30000,69800,0.00,2
109/04/27,2.21,2.32,2.21,2.32,30000,68500,0.00,3
