109/02/11,1.30,1.30,1.30,1.30,3000,3900,-0.11,1
109/02/12,1.30,1.30,1.28,1.28,5000,6460,-0.02,2
109/02/13,1.27,1.27,1.27,1.27,3000,3810,-0.01,1
109/02/14,1.33,1.33,1.26,1.26,5000,6440,-0.01,2
109/02/17,1.22,1.22,1.20,1.20,15000,18240,-0.06,3
109/02/18,1.25,1.25,1.25,1.25,3000,3750,0.05,1
109/02/19,1.20,1.20,1.17,1.17,5000,5940,-0.08,2
109/02/20,1.20,1.20,1.20,1.20,2000,2400,0.03,1
109/02/21,1.14,1.14,1.10,1.10,105000,119580,-0.10,4
109/02/24,1.17,1.22,1.17,1.21,113000,132540,0.11,5
109/02/25,1.26,1.27,1.22,1.27,119000,147570,0.06,6
109/02/26,1.31,1.31,1.22,1.22,180000,234900,-0.05,3
109/02/27,1.23,1.24,1.23,1.24,80000,98500,0.02,2
109/03/02,1.29,1.29,1.20,1.21,35000,43450,-0.03,4
109/03/03,1.12,1.14,1.11,1.14,70000,78700,-0.07,8
109/03/04,1.14,1.14,1.14,1.14,5000,5700,0.00,1
109/03/05,1.07,1.07,0.99,0.99,46000,47420,-0.15,7
109/03/06,1.02,1.02,1.02,1.02,3000,3060,0.03,1
109/03/09,1.21,1.24,1.18,1.23,68000,82930,0.21,6
109/03/10,1.17,1.20,1.10,1.10,55000,63350,-0.13,4
109/03/11,1.01,1.07,1.01,1.07,30000,31500,-0.03,2
109/03/12,1.20,1.26,1.20,1.25,60000,74050,0.18,5
109/03/13,1.55,1.55,1.55,1.55,10000,15500,0.30,1
109/03/16,1.46,1.46,1.46,1.46,10000,14600,-0.09,1
109/03/17,1.78,1.78,1.54,1.54,35000,56980,0.08,3
109/03/18,1.70,1.70,1.63,1.69,725000,1192500,0.15,4
109/03/19,1.98,2.47,1.96,2.47,770000,1570100,0.78,14
109/03/20,1.94,1.94,1.94,1.94,60000,116400,-0.53,2
109/03/23,--,--,--,--,0,0,0.00,0
109/03/24,--,--,--,--,0,0,0.00,0
109/03/25,--,--,--,--,0,0,0.00,0
109/03/26,--,--,--,--,0,0,0.00,0
109/03/27,--,--,--,--,0,0,0.00,0
109/03/30,--,--,--,--,0,0,0.00,0
109/03/31,--,--,--,--,0,0,0.00,0
109/04/01,1.81,1.81,1.81,1.81,10000,18100,0.00,1
109/04/06,1.81,1.81,1.81,1.81,1000,1810,0.00,1
109/04/07,--,--,--,--,0,0,0.00,0
109/04/08,--,--,--,--,0,0,0.00,0
109/04/09,1.69,1.69,1.69,1.69,10000,16900,0.00,1
109/04/10,1.60,1.60,1.60,1.60,10000,16000,-0.09,1
109/04/13,--,--,--,--,0,0,0.00,0
109/04/14,--,--,--,--,0,0,0.00,0
109/04/15,1.56,1.57,1.56,1.57,60000,93900,0.00,2
109/04/16,1.62,1.62,1.62,1.62,60000,97200,0.05,1
109/04/17,1.49,1.49,1.49,1.49,70000,104300,-0.13,1
109/04/20,1.48,1.48,1.48,1.48,70000,103600,-0.01,1
109/04/21,--,--,--,--,0,0,0.00,0
109/04/22,--,--,--,--,0,0,0.00,0
109/04/23,--,--,--,--,0,0,0.00,0
109/04/24,--,--,--,--,0,0,0.00,0
109/04/27,1.48,1.48,1.48,1.48,1000,1480,0.00,1
109/04/28,1.37,1.37,1.37,1.37,15000,20550,-0.11,1
109/04/29,1.28,1.28,1.26,1.26,19000,24240,-0.11,2
109/04/30,1.18,1.18,1.18,1.18,2000,2360,-0.08,1
109/05/04,1.41,1.42,1.41,1.42,89000,125530,0.24,2
109/05/05,1.40,1.41,1.40,1.41,92000,128870,-0.01,4
109/05/06,1.27,1.27,1.27,1.27,4000,5080,-0.14,1
109/05/07,1.22,1.24,1.22,1.24,11000,13500,-0.03,2
109/05/08,--,--,--,--,0,0,0.00,0
109/05/11,--,--,--,--,0,0,0.00,0
109/05/12,--,--,--,--,0,0,0.00,0
109/05/13,--,--,--,--,0,0,0.00,0
109/05/14,1.18,1.18,1.18,1.18,13000,15340,0.00,2
109/05/15,1.14,1.14,1.14,1.14,8000,9120,-0.04,1
109/05/14,1.18,1.18,1.18,1.18,13000,15340,0.00,2
109/05/13,--,--,--,--,0,0,0.00,0
109/05/12,--,--,--,--,0,0,0.00,0
109/05/11,--,--,--,--,0,0,0.00,0
109/05/08,--,--,--,--,0,0,0.00,0
109/05/07,1.22,1.24,1.22,1.24,11000,13500,-0.03,2
109/05/06,1.27,1.27,1.27,1.27,4000,5080,-0.14,1
109/05/05,1.40,1.41,1.40,1.41,92000,128870,-0.01,4
109/05/04,1.41,1.42,1.41,1.42,89000,125530,0.24,2
109/04/30,1.18,1.18,1.18,1.18,2000,2360,-0.08,1
109/04/29,1.28,1.28,1.26,1.26,19000,24240,-0.11,2
109/04/28,1.37,1.37,1.37,1.37,15000,20550,-0.11,1
109/04/27,1.48,1.48,1.48,1.48,1000,1480,0.00,1
