106/09/25,0.70,0.70,0.26,0.27,141000,54810,-0.12,18
106/09/26,0.38,0.40,0.31,0.31,150000,50500,0.04,6
106/09/27,0.18,0.18,0.08,0.08,231000,30480,-0.23,6
106/09/28,0.07,0.11,0.07,0.11,74000,6380,0.03,6
106/09/29,--,--,--,--,0,0,0.00,0
106/09/30,0.08,0.08,0.07,0.07,59000,4280,0.00,2
106/10/02,--,--,--,--,0,0,0.00,0
106/10/03,0.03,0.03,0.02,0.02,462000,10740,0.00,15
106/10/05,--,--,--,--,0,0,0.00,0
106/10/06,--,--,--,--,0,0,0.00,0
106/10/11,--,--,--,--,0,0,0.00,0
106/10/12,0.01,0.01,0.01,0.01,300000,3000,0.00,1
109/02/11,--,--,--,--,0,0,0.00,0
109/02/12,0.84,0.84,0.84,0.84,3000,2520,0.00,1
109/02/13,--,--,--,--,0,0,0.00,0
109/02/14,--,--,--,--,0,0,0.00,0
109/02/17,--,--,--,--,0,0,0.00,0
109/02/18,0.81,0.81,0.81,0.81,3000,2430,0.00,1
109/02/19,--,--,--,--,0,0,0.00,0
109/02/20,0.76,0.76,0.76,0.76,3000,2280,0.00,1
109/02/21,0.73,0.73,0.70,0.70,113000,82400,-0.06,5
109/02/24,0.74,0.74,0.74,0.74,110000,81400,0.04,2
109/02/25,0.83,0.84,0.83,0.84,210000,174400,0.10,2
109/02/26,0.85,0.85,0.77,0.77,321000,263170,-0.07,3
109/02/27,0.80,0.80,0.78,0.79,330000,261500,0.02,3
109/03/02,0.88,0.88,0.77,0.79,412000,322560,0.00,3
109/03/03,0.71,0.72,0.71,0.72,225000,159950,-0.07,3
109/03/04,--,--,--,--,0,0,0.00,0
109/03/05,0.64,0.64,0.64,0.64,1000,640,0.00,1
109/03/06,--,--,--,--,0,0,0.00,0
109/03/09,0.77,0.81,0.77,0.81,2000,1580,0.00,2
109/03/10,0.81,0.81,0.81,0.81,5000,4050,0.00,1
109/03/11,--,--,--,--,0,0,0.00,0
109/03/12,0.81,0.81,0.81,0.81,60000,48600,0.00,2
109/03/13,1.13,1.13,0.97,0.97,70000,69500,0.16,2
109/03/16,--,--,--,--,0,0,0.00,0
109/03/17,1.24,1.28,1.24,1.28,12000,14960,0.00,2
109/03/18,--,--,--,--,0,0,0.00,0
109/03/19,--,--,--,--,0,0,0.00,0
109/03/20,--,--,--,--,0,0,0.00,0
109/03/23,--,--,--,--,0,0,0.00,0
109/03/24,--,--,--,--,0,0,0.00,0
109/03/25,--,--,--,--,0,0,0.00,0
109/03/26,--,--,--,--,0,0,0.00,0
109/03/27,--,--,--,--,0,0,0.00,0
109/03/30,--,--,--,--,0,0,0.00,0
109/03/31,--,--,--,--,0,0,0.00,0
109/04/01,--,--,--,--,0,0,0.00,0
109/04/06,--,--,--,--,0,0,0.00,0
109/04/07,--,--,--,--,0,0,0.00,0
109/04/08,1.44,1.44,1.43,1.43,499000,716570,0.00,2
109/04/09,1.40,1.40,1.40,1.40,499000,698600,-0.03,1
109/04/10,1.39,1.39,1.38,1.38,140000,193600,-0.02,2
109/04/13,1.41,1.41,1.41,1.41,40000,56400,0.03,1
109/04/14,--,--,--,--,0,0,0.00,0
109/04/15,1.31,1.31,1.31,1.31,60000,78600,0.00,1
109/04/16,1.37,1.37,1.36,1.36,70000,95800,0.05,2
109/04/17,1.26,1.26,1.26,1.26,10000,12600,-0.10,1
109/04/20,--,--,--,--,0,0,0.00,0
109/04/21,--,--,--,--,0,0,0.00,0
109/04/22,--,--,--,--,0,0,0.00,0
109/04/23,--,--,--,--,0,0,0.00,0
109/04/24,--,--,--,--,0,0,0.00,0
109/04/27,--,--,--,--,0,0,0.00,0
109/04/28,--,--,--,--,0,0,0.00,0
109/04/29,1.05,1.05,1.05,1.05,10000,10500,0.00,1
109/04/30,0.98,0.98,0.98,0.98,100000,98000,-0.07,1
109/05/04,1.18,1.19,1.18,1.19,34000,40160,0.21,2
109/05/05,--,--,--,--,0,0,0.00,0
109/05/06,--,--,--,--,0,0,0.00,0
109/05/07,1.03,1.03,1.03,1.03,2000,2060,0.00,1
109/05/08,--,--,--,--,0,0,0.00,0
109/05/11,0.94,0.94,0.94,0.94,3000,2820,0.00,1
109/05/12,--,--,--,--,0,0,0.00,0
109/05/13,--,--,--,--,0,0,0.00,0
109/05/14,--,--,--,--,0,0,0.00,0
109/05/15,--,--,--,--,0,0,0.00,0
109/05/14,--,--,--,--,0,0,0.00,0
109/05/13,--,--,--,--,0,0,0.00,0
109/05/12,--,--,--,--,0,0,0.00,0
109/05/11,0.94,0.94,0.94,0.94,3000,2820,0.00,1
109/05/08,--,--,--,--,0,0,0.00,0
109/05/07,1.03,1.03,1.03,1.03,2000,2060,0.00,1
109/05/06,--,--,--,--,0,0,0.00,0
109/05/05,--,--,--,--,0,0,0.00,0
109/05/04,1.18,1.19,1.18,1.19,34000,40160,0.21,2
109/04/30,0.98,0.98,0.98,0.98,100000,98000,-0.07,1
109/04/29,1.05,1.05,1.05,1.05,10000,10500,0.00,1
109/04/28,--,--,--,--,0,0,0.00,0
109/04/27,--,--,--,--,0,0,0.00,0
