109/02/13,--,--,--,--,0,0,0.00,0
109/02/14,--,--,--,--,0,0,0.00,0
109/02/17,1.07,1.07,0.94,0.94,43000,41210,0.00,5
109/02/18,1.03,1.03,0.97,0.97,50000,50840,0.03,4
109/02/19,1.04,1.04,1.04,1.04,7000,7280,0.07,1
109/02/20,--,--,--,--,0,0,0.00,0
109/02/21,0.93,0.93,0.93,0.93,10000,9300,0.00,1
109/02/24,1.06,1.06,0.95,0.95,27000,26990,0.02,5
109/02/25,0.91,0.91,0.91,0.91,12000,10920,-0.04,1
109/02/26,0.82,0.82,0.74,0.74,25000,19800,-0.17,3
109/02/27,0.69,0.69,0.68,0.68,36000,24530,-0.06,3
109/03/02,0.62,0.62,0.62,0.62,6000,3720,-0.06,1
109/03/03,--,--,--,--,0,0,0.00,0
109/03/04,--,--,--,--,0,0,0.00,0
109/03/05,--,--,--,--,0,0,0.00,0
109/03/06,--,--,--,--,0,0,0.00,0
109/03/09,--,--,--,--,0,0,0.00,0
109/03/10,--,--,--,--,0,0,0.00,0
109/03/11,--,--,--,--,0,0,0.00,0
109/03/12,--,--,--,--,0,0,0.00,0
109/03/13,--,--,--,--,0,0,0.00,0
109/03/16,--,--,--,--,0,0,0.00,0
109/03/17,0.15,0.15,0.15,0.15,10000,1500,0.00,1
109/03/18,--,--,--,--,0,0,0.00,0
109/03/19,0.10,0.10,0.10,0.10,10000,1000,0.00,1
109/03/20,0.08,0.08,0.08,0.08,20000,1600,-0.02,1
109/03/23,--,--,--,--,0,0,0.00,0
109/03/24,--,--,--,--,0,0,0.00,0
109/03/25,--,--,--,--,0,0,0.00,0
109/03/26,--,--,--,--,0,0,0.00,0
109/03/27,0.29,0.30,0.29,0.30,36000,10750,0.00,2
109/03/30,0.24,0.24,0.23,0.23,62000,14570,-0.07,3
109/03/31,0.26,0.26,0.26,0.26,31000,8060,0.03,1
109/04/01,0.33,0.33,0.33,0.33,1000,330,0.07,1
109/04/06,0.38,0.41,0.36,0.38,175000,66010,0.05,7
109/04/07,0.40,0.45,0.38,0.41,339000,147810,0.03,19
109/04/08,0.39,0.42,0.39,0.42,193000,78770,0.01,14
109/04/09,0.41,0.41,0.39,0.40,61000,24310,-0.02,7
109/04/10,0.39,0.39,0.38,0.38,146000,56890,-0.02,4
109/04/13,0.45,0.45,0.42,0.42,593000,256520,0.04,10
109/04/14,0.42,0.43,0.42,0.43,60000,25500,0.01,2
109/04/15,0.43,0.44,0.43,0.44,338000,145640,0.01,5
109/04/16,0.40,0.41,0.40,0.41,180000,72700,-0.03,8
109/04/17,0.41,0.43,0.41,0.41,240000,99500,0.00,5
109/04/20,0.40,0.44,0.40,0.41,243000,102180,0.00,8
109/04/21,0.40,0.40,0.34,0.35,194000,71820,-0.06,8
109/04/22,0.32,0.37,0.32,0.37,167000,57370,0.02,5
109/04/23,--,--,--,--,0,0,0.00,0
109/04/24,--,--,--,--,0,0,0.00,0
109/04/27,0.40,0.43,0.40,0.42,225000,94340,0.00,6
109/04/28,0.47,0.47,0.42,0.44,123000,52510,0.02,4
109/04/29,--,--,--,--,0,0,0.00,0
109/04/30,0.43,0.45,0.43,0.45,74000,32470,0.00,4
109/05/04,0.38,0.38,0.38,0.38,152000,57760,-0.07,3
109/05/05,0.38,0.38,0.37,0.38,114000,42300,0.00,5
109/05/06,0.33,0.34,0.33,0.34,21000,6940,-0.04,2
109/05/07,0.34,0.36,0.34,0.36,133000,45750,0.02,5
109/05/08,--,--,--,--,0,0,0.00,0
109/05/11,0.38,0.39,0.38,0.39,244000,94550,0.00,5
109/05/12,0.38,0.42,0.38,0.40,276000,109950,0.01,10
109/05/13,0.37,0.37,0.37,0.37,50000,18500,-0.03,1
109/05/14,0.35,0.35,0.33,0.33,235000,78650,-0.04,4
109/05/15,0.32,0.32,0.32,0.32,30000,9600,-0.01,1
109/05/14,0.35,0.35,0.33,0.33,235000,78650,-0.04,4
109/05/13,0.37,0.37,0.37,0.37,50000,18500,-0.03,1
109/05/12,0.38,0.42,0.38,0.40,276000,109950,0.01,10
109/05/11,0.38,0.39,0.38,0.39,244000,94550,0.00,5
109/05/08,--,--,--,--,0,0,0.00,0
109/05/07,0.34,0.36,0.34,0.36,133000,45750,0.02,5
109/05/06,0.33,0.34,0.33,0.34,21000,6940,-0.04,2
109/05/05,0.38,0.38,0.37,0.38,114000,42300,0.00,5
109/05/04,0.38,0.38,0.38,0.38,152000,57760,-0.07,3
109/04/30,0.43,0.45,0.43,0.45,74000,32470,0.00,4
109/04/29,--,--,--,--,0,0,0.00,0
109/04/28,0.47,0.47,0.42,0.44,123000,52510,0.02,4
109/04/27,0.40,0.43,0.40,0.42,225000,94340,0.00,6
