109/02/14,--,--,--,--,0,0,0.00,0
109/02/17,1.08,1.08,1.08,1.08,30000,32400,0.00,3
109/02/18,1.10,1.14,1.10,1.14,60000,67800,0.06,3
109/02/19,1.12,1.12,1.12,1.12,20000,22400,-0.02,1
109/02/20,1.05,1.06,1.05,1.06,110000,116500,-0.06,3
109/02/21,1.02,1.03,1.02,1.03,30000,30700,-0.03,3
109/02/24,0.96,0.97,0.95,0.97,60000,57900,-0.06,6
109/02/25,0.91,0.91,0.91,0.91,20000,18200,-0.06,2
109/02/26,0.95,0.95,0.95,0.95,30000,28500,0.04,3
109/02/27,0.95,0.95,0.88,0.88,50000,46000,-0.07,5
109/03/02,0.81,0.85,0.81,0.85,40000,32900,-0.03,4
109/03/03,0.91,0.94,0.91,0.92,40000,37000,0.07,4
109/03/04,0.89,0.89,0.80,0.80,64000,54040,-0.12,7
109/03/05,0.86,0.86,0.86,0.86,54000,46440,0.06,7
109/03/06,0.78,0.83,0.78,0.83,50000,39800,-0.03,5
109/03/09,0.79,0.82,0.78,0.82,30000,23900,-0.01,3
109/03/10,0.79,0.81,0.78,0.81,119000,95290,-0.01,7
109/03/11,0.84,0.84,0.83,0.83,99000,82470,0.02,5
109/03/12,0.73,0.73,0.52,0.52,260000,147300,-0.31,13
109/03/13,0.35,0.47,0.34,0.47,150000,57000,-0.05,6
109/03/16,0.52,0.58,0.49,0.49,50000,27200,0.02,6
109/03/17,0.36,0.36,0.35,0.35,20000,7100,-0.14,2
109/03/18,0.49,0.50,0.49,0.49,310000,152900,0.14,6
109/03/19,0.40,0.40,0.40,0.40,310000,124000,-0.09,5
109/03/20,0.32,0.34,0.32,0.34,100000,33600,-0.06,7
109/03/23,--,--,--,--,0,0,0.00,0
109/03/24,--,--,--,--,0,0,0.00,0
109/03/25,--,--,--,--,0,0,0.00,0
109/03/26,--,--,--,--,0,0,0.00,0
109/03/27,0.37,0.37,0.37,0.37,10000,3700,0.00,1
109/03/30,0.38,0.38,0.38,0.38,10000,3800,0.01,1
109/03/31,0.40,0.40,0.39,0.39,30000,11800,0.01,3
109/04/01,0.38,0.38,0.36,0.36,30000,11200,-0.03,2
109/04/06,0.36,0.38,0.36,0.38,35000,12900,0.02,4
109/04/07,0.45,0.50,0.44,0.50,60000,27400,0.12,6
109/04/08,0.48,0.50,0.48,0.49,204000,100650,-0.01,7
109/04/09,0.48,0.48,0.42,0.42,108000,48280,-0.07,6
109/04/10,0.42,0.45,0.42,0.45,125000,52650,0.03,2
109/04/13,--,--,--,--,0,0,0.00,0
109/04/14,--,--,--,--,0,0,0.00,0
109/04/15,0.54,0.54,0.54,0.54,1000,540,0.00,1
109/04/16,--,--,--,--,0,0,0.00,0
109/04/17,--,--,--,--,0,0,0.00,0
109/04/20,0.42,0.44,0.42,0.44,39000,16840,0.00,3
109/04/21,0.49,0.49,0.49,0.49,20000,9800,0.05,1
109/04/22,0.42,0.42,0.42,0.42,23000,9660,-0.07,2
109/04/23,--,--,--,--,0,0,0.00,0
109/04/24,--,--,--,--,0,0,0.00,0
109/04/27,--,--,--,--,0,0,0.00,0
109/04/28,--,--,--,--,0,0,0.00,0
109/04/29,0.48,0.48,0.48,0.48,5000,2400,0.00,1
109/04/30,0.57,0.57,0.56,0.56,138000,78260,0.08,2
109/05/04,0.47,0.47,0.45,0.45,138000,62900,-0.11,2
109/05/05,0.42,0.42,0.42,0.42,50000,21000,-0.03,1
109/05/06,--,--,--,--,0,0,0.00,0
109/05/07,0.36,0.37,0.36,0.37,60000,22100,0.00,2
109/05/08,--,--,--,--,0,0,0.00,0
109/05/11,--,--,--,--,0,0,0.00,0
109/05/12,--,--,--,--,0,0,0.00,0
109/05/13,--,--,--,--,0,0,0.00,0
109/05/14,0.42,0.42,0.42,0.42,30000,12600,0.00,2
109/05/15,--,--,--,--,0,0,0.00,0
109/05/14,0.42,0.42,0.42,0.42,30000,12600,0.00,2
109/05/13,--,--,--,--,0,0,0.00,0
109/05/12,--,--,--,--,0,0,0.00,0
109/05/11,--,--,--,--,0,0,0.00,0
109/05/08,--,--,--,--,0,0,0.00,0
109/05/07,0.36,0.37,0.36,0.37,60000,22100,0.00,2
109/05/06,--,--,--,--,0,0,0.00,0
109/05/05,0.42,0.42,0.42,0.42,50000,21000,-0.03,1
109/05/04,0.47,0.47,0.45,0.45,138000,62900,-0.11,2
109/04/30,0.57,0.57,0.56,0.56,138000,78260,0.08,2
109/04/29,0.48,0.48,0.48,0.48,5000,2400,0.00,1
109/04/28,--,--,--,--,0,0,0.00,0
109/04/27,--,--,--,--,0,0,0.00,0
