106/09/25,0.54,0.54,0.54,0.54,110000,59400,0.01,2
106/09/26,0.56,0.60,0.50,0.50,131000,68600,-0.04,3
106/09/27,0.28,0.28,0.09,0.09,210000,20800,-0.41,2
106/09/28,--,--,--,--,0,0,0.00,0
106/09/29,0.13,0.13,0.10,0.10,218000,23270,0.00,4
109/02/17,--,--,--,--,0,0,0.00,0
109/02/18,--,--,--,--,0,0,0.00,0
109/02/19,1.05,1.05,1.05,1.05,371000,389550,0.00,5
109/02/20,1.09,1.10,1.06,1.06,171000,186000,0.01,4
109/02/21,1.02,1.02,0.98,0.98,210000,213800,-0.08,2
109/02/24,--,--,--,--,0,0,0.00,0
109/02/25,--,--,--,--,0,0,0.00,0
109/02/26,--,--,--,--,0,0,0.00,0
109/02/27,--,--,--,--,0,0,0.00,0
109/03/02,0.56,0.59,0.56,0.59,14000,7930,0.00,2
109/03/03,0.61,0.64,0.61,0.64,193000,121140,0.05,4
109/03/04,0.57,0.57,0.55,0.55,179000,99850,-0.09,3
109/03/05,0.64,0.66,0.64,0.66,33000,21450,0.11,3
109/03/06,0.64,0.64,0.62,0.62,33000,20910,-0.04,4
109/03/09,0.51,0.51,0.51,0.51,11000,5610,-0.11,1
109/03/10,0.42,0.44,0.42,0.43,110000,46430,-0.08,3
109/03/11,0.54,0.58,0.52,0.58,141000,77800,0.15,6
109/03/12,0.46,0.46,0.43,0.43,42000,18380,-0.15,11
109/03/13,0.21,0.21,0.21,0.21,10000,2100,-0.22,1
109/03/16,0.22,0.22,0.22,0.22,10000,2200,0.01,1
109/03/17,0.14,0.14,0.14,0.14,10000,1400,-0.08,1
109/03/18,0.13,0.14,0.13,0.14,1507000,210880,0.00,4
109/03/19,0.10,0.10,0.08,0.08,1597000,157700,-0.06,5
109/03/20,--,--,--,--,0,0,0.00,0
109/03/23,--,--,--,--,0,0,0.00,0
109/03/24,--,--,--,--,0,0,0.00,0
109/03/25,--,--,--,--,0,0,0.00,0
109/03/26,--,--,--,--,0,0,0.00,0
109/03/27,--,--,--,--,0,0,0.00,0
109/03/30,0.12,0.12,0.12,0.12,100000,12000,0.00,1
109/03/31,--,--,--,--,0,0,0.00,0
109/04/01,--,--,--,--,0,0,0.00,0
109/04/06,--,--,--,--,0,0,0.00,0
109/04/07,--,--,--,--,0,0,0.00,0
109/04/08,--,--,--,--,0,0,0.00,0
109/04/09,--,--,--,--,0,0,0.00,0
109/04/10,--,--,--,--,0,0,0.00,0
109/04/13,--,--,--,--,0,0,0.00,0
109/04/14,1.01,1.03,1.01,1.03,24000,24420,0.00,2
109/04/15,1.15,1.22,1.13,1.22,95000,112800,0.19,4
109/04/16,1.20,1.31,1.20,1.26,338000,423950,0.04,9
109/04/17,1.27,1.27,1.23,1.25,287000,356650,-0.01,11
109/04/20,1.06,1.06,1.06,1.06,20000,21200,-0.19,1
109/04/21,--,--,--,--,0,0,0.00,0
109/04/22,--,--,--,--,0,0,0.00,0
109/04/23,--,--,--,--,0,0,0.00,0
109/04/24,--,--,--,--,0,0,0.00,0
109/04/27,1.06,1.07,1.06,1.07,137000,145920,0.00,3
109/04/28,1.09,1.11,1.08,1.08,235000,257410,0.01,4
109/04/29,1.12,1.12,1.12,1.12,98000,109760,0.04,1
109/04/30,1.20,1.42,1.20,1.41,267000,351020,0.29,11
109/05/04,1.19,1.22,1.18,1.18,218000,260500,-0.23,8
109/05/05,1.26,1.26,1.21,1.24,52000,64270,0.06,3
109/05/06,1.15,1.15,1.15,1.15,12000,13800,-0.09,2
109/05/07,1.18,1.18,1.17,1.18,29000,34010,0.03,3
109/05/08,1.20,1.21,1.20,1.20,223000,268630,0.02,4
109/05/11,1.19,1.19,1.17,1.17,213000,252450,-0.03,4
109/05/12,1.15,1.22,1.15,1.22,145000,175460,0.05,4
109/05/13,1.05,1.09,1.05,1.09,336000,360340,-0.13,5
109/05/14,1.08,1.08,1.06,1.06,191000,204320,-0.03,2
109/05/15,--,--,--,--,0,0,0.00,0
109/05/14,1.08,1.08,1.06,1.06,191000,204320,-0.03,2
109/05/13,1.05,1.09,1.05,1.09,336000,360340,-0.13,5
109/05/12,1.15,1.22,1.15,1.22,145000,175460,0.05,4
109/05/11,1.19,1.19,1.17,1.17,213000,252450,-0.03,4
109/05/08,1.20,1.21,1.20,1.20,223000,268630,0.02,4
109/05/07,1.18,1.18,1.17,1.18,29000,34010,0.03,3
109/05/06,1.15,1.15,1.15,1.15,12000,13800,-0.09,2
109/05/05,1.26,1.26,1.21,1.24,52000,64270,0.06,3
109/05/04,1.19,1.22,1.18,1.18,218000,260500,-0.23,8
109/04/30,1.20,1.42,1.20,1.41,267000,351020,0.29,11
109/04/29,1.12,1.12,1.12,1.12,98000,109760,0.04,1
109/04/28,1.09,1.11,1.08,1.08,235000,257410,0.01,4
109/04/27,1.06,1.07,1.06,1.07,137000,145920,0.00,3
