106/09/25,0.80,0.80,0.31,0.31,2000,1110,-0.57,2
106/09/26,0.19,0.19,0.18,0.18,86000,16330,-0.13,5
106/09/27,--,--,--,--,0,0,0.00,0
106/09/28,--,--,--,--,0,0,0.00,0
106/09/29,--,--,--,--,0,0,0.00,0
106/09/30,--,--,--,--,0,0,0.00,0
106/10/02,--,--,--,--,0,0,0.00,0
106/10/03,--,--,--,--,0,0,0.00,0
109/02/18,1.04,1.04,0.98,1.00,216000,218150,0.21,10
109/02/19,0.98,1.03,0.95,0.99,305000,303010,-0.01,22
109/02/20,1.05,1.05,1.00,1.00,88000,90030,0.01,12
109/02/21,0.98,1.01,0.92,0.92,250000,239590,-0.08,17
109/02/24,0.90,0.91,0.88,0.88,628000,566660,-0.04,11
109/02/25,0.80,0.86,0.80,0.86,664000,549420,-0.02,14
109/02/26,0.78,0.82,0.77,0.77,366000,287030,-0.09,13
109/02/27,0.79,0.79,0.70,0.70,175000,125350,-0.07,7
109/03/02,0.65,0.73,0.65,0.72,33000,22880,0.02,6
109/03/03,0.75,0.78,0.75,0.78,96000,74340,0.06,7
109/03/04,0.73,0.73,0.73,0.73,58000,42340,-0.05,1
109/03/05,0.75,0.76,0.75,0.76,51000,38660,0.03,3
109/03/06,--,--,--,--,0,0,0.00,0
109/03/09,0.64,0.65,0.57,0.57,100000,58020,0.00,4
109/03/10,0.48,0.52,0.48,0.52,40000,19840,-0.05,6
109/03/11,0.54,0.54,0.54,0.54,1000,540,0.02,1
109/03/12,0.42,0.42,0.33,0.33,159000,55900,-0.21,4
109/03/13,0.20,0.26,0.20,0.26,2065000,467840,-0.07,6
109/03/16,0.16,0.16,0.14,0.15,1928000,275430,-0.11,8
109/03/17,--,--,--,--,0,0,0.00,0
109/03/18,--,--,--,--,0,0,0.00,0
109/03/19,--,--,--,--,0,0,0.00,0
109/03/20,--,--,--,--,0,0,0.00,0
109/03/23,--,--,--,--,0,0,0.00,0
109/03/24,--,--,--,--,0,0,0.00,0
109/03/25,0.09,0.09,0.09,0.09,3000,270,0.00,1
109/03/26,--,--,--,--,0,0,0.00,0
109/03/27,--,--,--,--,0,0,0.00,0
109/03/30,--,--,--,--,0,0,0.00,0
109/03/31,--,--,--,--,0,0,0.00,0
109/04/01,--,--,--,--,0,0,0.00,0
109/04/06,--,--,--,--,0,0,0.00,0
109/04/07,--,--,--,--,0,0,0.00,0
109/04/08,--,--,--,--,0,0,0.00,0
109/04/09,--,--,--,--,0,0,0.00,0
109/04/10,0.15,0.15,0.15,0.15,4000,600,0.00,1
109/04/13,--,--,--,--,0,0,0.00,0
109/04/14,--,--,--,--,0,0,0.00,0
109/04/15,0.18,0.18,0.17,0.17,15000,2610,0.00,2
109/04/16,0.19,0.19,0.19,0.19,6000,1140,0.02,1
109/04/17,0.25,0.25,0.25,0.25,102000,25500,0.06,2
109/04/20,--,--,--,--,0,0,0.00,0
109/04/21,--,--,--,--,0,0,0.00,0
109/04/22,--,--,--,--,0,0,0.00,0
109/04/23,--,--,--,--,0,0,0.00,0
109/04/24,--,--,--,--,0,0,0.00,0
109/04/27,--,--,--,--,0,0,0.00,0
109/04/28,--,--,--,--,0,0,0.00,0
109/04/29,0.28,0.28,0.28,0.28,2000,560,0.00,1
109/04/30,0.39,0.55,0.39,0.55,79000,36630,0.27,6
109/05/04,0.37,0.48,0.37,0.37,63000,24540,-0.18,12
109/05/05,--,--,--,--,0,0,0.00,0
109/05/06,0.55,0.55,0.50,0.50,13000,6950,0.00,3
109/05/07,--,--,--,--,0,0,0.00,0
109/05/08,--,--,--,--,0,0,0.00,0
109/05/11,--,--,--,--,0,0,0.00,0
109/05/12,--,--,--,--,0,0,0.00,0
109/05/13,--,--,--,--,0,0,0.00,0
109/05/14,--,--,--,--,0,0,0.00,0
109/05/15,--,--,--,--,0,0,0.00,0
109/05/14,--,--,--,--,0,0,0.00,0
109/05/13,--,--,--,--,0,0,0.00,0
109/05/12,--,--,--,--,0,0,0.00,0
109/05/11,--,--,--,--,0,0,0.00,0
109/05/08,--,--,--,--,0,0,0.00,0
109/05/07,--,--,--,--,0,0,0.00,0
109/05/06,0.55,0.55,0.50,0.50,13000,6950,0.00,3
109/05/05,--,--,--,--,0,0,0.00,0
109/05/04,0.37,0.48,0.37,0.37,63000,24540,-0.18,12
109/04/30,0.39,0.55,0.39,0.55,79000,36630,0.27,6
109/04/29,0.28,0.28,0.28,0.28,2000,560,0.00,1
109/04/28,--,--,--,--,0,0,0.00,0
109/04/27,--,--,--,--,0,0,0.00,0
