106/09/25,--,--,--,--,0,0,0.00,0
106/09/26,--,--,--,--,0,0,0.00,0
106/09/27,2.02,2.02,1.94,1.94,20000,39600,0.00,2
106/09/28,1.92,1.92,1.92,1.92,20000,38400,-0.02,2
106/09/29,--,--,--,--,0,0,0.00,0
106/09/30,--,--,--,--,0,0,0.00,0
106/10/02,--,--,--,--,0,0,0.00,0
106/10/03,--,--,--,--,0,0,0.00,0
106/10/05,--,--,--,--,0,0,0.00,0
106/10/06,--,--,--,--,0,0,0.00,0
106/10/11,--,--,--,--,0,0,0.00,0
106/10/12,1.42,1.42,1.42,1.42,20000,28400,0.00,2
106/10/13,1.55,1.64,1.55,1.64,30000,48300,0.22,3
106/10/16,1.65,1.65,1.64,1.64,20000,32900,0.00,2
106/10/17,--,--,--,--,0,0,0.00,0
106/10/18,1.58,1.62,1.58,1.62,20000,32000,0.00,2
106/10/19,1.77,1.77,1.72,1.72,30000,52100,0.10,3
106/10/20,1.66,1.66,1.66,1.66,122000,202520,-0.06,2
106/10/23,--,--,--,--,0,0,0.00,0
106/10/24,--,--,--,--,0,0,0.00,0
106/10/25,--,--,--,--,0,0,0.00,0
106/10/26,--,--,--,--,0,0,0.00,0
106/10/27,--,--,--,--,0,0,0.00,0
106/10/30,--,--,--,--,0,0,0.00,0
106/10/31,--,--,--,--,0,0,0.00,0
106/11/01,1.49,1.49,1.49,1.49,10000,14900,0.00,1
106/11/02,1.79,1.79,1.79,1.79,20000,35800,0.30,2
106/11/03,1.55,1.55,1.55,1.55,30000,46500,-0.24,1
106/11/06,--,--,--,--,0,0,0.00,0
106/11/07,1.09,1.09,1.09,1.09,12000,13080,0.00,3
106/11/08,--,--,--,--,0,0,0.00,0
106/11/09,0.43,0.43,0.43,0.43,12000,5160,0.00,1
106/11/10,--,--,--,--,0,0,0.00,0
109/02/21,--,--,--,--,0,0,0.00,0
109/02/24,0.90,0.90,0.90,0.90,56000,50400,0.00,1
109/02/25,0.72,0.72,0.72,0.72,56000,40320,-0.18,1
109/02/26,--,--,--,--,0,0,0.00,0
109/02/27,0.44,0.44,0.44,0.44,30000,13200,0.00,1
109/03/02,--,--,--,--,0,0,0.00,0
109/03/03,--,--,--,--,0,0,0.00,0
109/03/04,--,--,--,--,0,0,0.00,0
109/03/05,0.48,0.48,0.48,0.48,40000,19200,0.00,1
109/03/06,0.40,0.40,0.40,0.40,30000,12000,-0.08,2
109/03/09,--,--,--,--,0,0,0.00,0
109/03/10,--,--,--,--,0,0,0.00,0
109/03/11,0.24,0.24,0.24,0.24,40000,9600,0.00,1
109/03/12,--,--,--,--,0,0,0.00,0
109/03/13,--,--,--,--,0,0,0.00,0
109/03/16,--,--,--,--,0,0,0.00,0
109/03/17,--,--,--,--,0,0,0.00,0
109/03/18,--,--,--,--,0,0,0.00,0
109/03/19,--,--,--,--,0,0,0.00,0
109/03/20,--,--,--,--,0,0,0.00,0
109/03/23,--,--,--,--,0,0,0.00,0
109/03/24,--,--,--,--,0,0,0.00,0
109/03/25,--,--,--,--,0,0,0.00,0
109/03/26,--,--,--,--,0,0,0.00,0
109/03/27,--,--,--,--,0,0,0.00,0
109/03/30,--,--,--,--,0,0,0.00,0
109/03/31,--,--,--,--,0,0,0.00,0
109/04/01,--,--,--,--,0,0,0.00,0
109/04/06,0.41,0.45,0.41,0.43,145000,64150,0.00,5
109/04/07,0.45,0.45,0.45,0.45,145000,65250,0.02,2
109/04/08,--,--,--,--,0,0,0.00,0
109/04/09,--,--,--,--,0,0,0.00,0
109/04/10,0.54,0.54,0.54,0.54,56000,30240,0.00,1
109/04/13,0.64,0.64,0.64,0.64,56000,35840,0.10,1
109/04/14,--,--,--,--,0,0,0.00,0
109/04/15,--,--,--,--,0,0,0.00,0
109/04/16,--,--,--,--,0,0,0.00,0
109/04/17,0.59,0.60,0.59,0.60,61000,36590,0.00,2
109/04/20,0.56,0.59,0.56,0.59,122000,70150,-0.01,3
109/04/21,0.54,0.54,0.54,0.54,61000,32940,-0.05,1
109/04/22,--,--,--,--,0,0,0.00,0
109/04/23,--,--,--,--,0,0,0.00,0
109/04/24,--,--,--,--,0,0,0.00,0
109/04/27,0.53,0.54,0.53,0.53,442000,235650,0.00,4
109/04/28,0.56,0.57,0.56,0.57,522000,292520,0.04,5
109/04/29,0.51,0.51,0.51,0.51,176000,89760,-0.06,3
109/04/30,0.47,0.47,0.47,0.47,432000,203040,-0.04,4
109/05/04,0.38,0.38,0.38,0.38,432000,164160,-0.09,3
109/05/05,--,--,--,--,0,0,0.00,0
109/05/06,--,--,--,--,0,0,0.00,0
109/05/07,--,--,--,--,0,0,0.00,0
109/05/08,--,--,--,--,0,0,0.00,0
109/05/11,--,--,--,--,0,0,0.00,0
109/05/12,--,--,--,--,0,0,0.00,0
109/05/13,--,--,--,--,0,0,0.00,0
109/05/14,--,--,--,--,0,0,0.00,0
109/05/15,--,--,--,--,0,0,0.00,0
109/05/14,--,--,--,--,0,0,0.00,0
109/05/13,--,--,--,--,0,0,0.00,0
109/05/12,--,--,--,--,0,0,0.00,0
109/05/11,--,--,--,--,0,0,0.00,0
109/05/08,--,--,--,--,0,0,0.00,0
109/05/07,--,--,--,--,0,0,0.00,0
109/05/06,--,--,--,--,0,0,0.00,0
109/05/05,--,--,--,--,0,0,0.00,0
109/05/04,0.38,0.38,0.38,0.38,432000,164160,-0.09,3
109/04/30,0.47,0.47,0.47,0.47,432000,203040,-0.04,4
109/04/29,0.51,0.51,0.51,0.51,176000,89760,-0.06,3
109/04/28,0.56,0.57,0.56,0.57,522000,292520,0.04,5
109/04/27,0.53,0.54,0.53,0.53,442000,235650,0.00,4
