106/09/25,0.65,0.65,0.51,0.51,21000,12950,-0.26,3
106/09/26,0.55,0.55,0.55,0.55,6000,3300,0.04,1
106/09/27,--,--,--,--,0,0,0.00,0
106/09/28,--,--,--,--,0,0,0.00,0
106/09/29,--,--,--,--,0,0,0.00,0
106/09/30,0.50,0.50,0.50,0.50,2000,1000,0.00,1
106/10/02,0.85,0.85,0.85,0.85,3000,2550,0.35,1
106/10/03,--,--,--,--,0,0,0.00,0
106/10/05,--,--,--,--,0,0,0.00,0
106/10/06,--,--,--,--,0,0,0.00,0
106/10/11,--,--,--,--,0,0,0.00,0
106/10/12,--,--,--,--,0,0,0.00,0
106/10/13,--,--,--,--,0,0,0.00,0
106/10/16,--,--,--,--,0,0,0.00,0
106/10/17,--,--,--,--,0,0,0.00,0
109/02/25,--,--,--,--,0,0,0.00,0
109/02/26,1.18,1.18,1.18,1.18,85000,100300,0.00,1
109/02/27,1.11,1.11,1.11,1.11,85000,94350,-0.07,1
109/03/02,--,--,--,--,0,0,0.00,0
109/03/03,--,--,--,--,0,0,0.00,0
109/03/04,--,--,--,--,0,0,0.00,0
109/03/05,1.31,1.31,1.31,1.31,7000,9170,0.00,1
109/03/06,--,--,--,--,0,0,0.00,0
109/03/09,--,--,--,--,0,0,0.00,0
109/03/10,--,--,--,--,0,0,0.00,0
109/03/11,0.71,0.71,0.71,0.71,7000,4970,0.00,1
109/03/12,--,--,--,--,0,0,0.00,0
109/03/13,1.13,1.23,1.11,1.17,116000,137930,0.00,11
109/03/16,1.41,1.45,1.04,1.06,488000,619680,-0.11,21
109/03/17,0.80,1.02,0.80,0.82,3128000,2776020,-0.24,57
109/03/18,0.88,0.88,0.64,0.65,3347000,2690520,-0.17,79
109/03/19,0.56,0.56,0.32,0.53,2986000,1326520,-0.12,135
109/03/20,0.69,0.88,0.60,0.79,2170000,1552680,0.26,136
109/03/23,0.59,0.75,0.51,0.69,615000,393810,-0.10,68
109/03/24,0.80,0.99,0.78,0.81,703000,624860,0.12,43
109/03/25,1.08,1.15,0.97,0.97,390000,422520,0.16,16
109/03/26,1.01,1.07,0.99,1.07,166000,171740,0.10,7
109/03/27,1.22,1.22,0.95,0.95,83000,90450,-0.12,7
109/03/30,0.74,0.74,0.74,0.74,10000,7400,-0.21,1
109/03/31,0.87,0.87,0.87,0.87,12000,10440,0.13,1
109/04/01,0.88,0.88,0.83,0.83,22000,18810,-0.04,5
109/04/06,0.86,0.86,0.86,0.86,2000,1720,0.03,1
109/04/07,1.08,1.08,1.03,1.03,39000,41370,0.17,3
109/04/08,1.08,1.10,1.08,1.10,64000,69260,0.07,4
109/04/09,--,--,--,--,0,0,0.00,0
109/04/10,--,--,--,--,0,0,0.00,0
109/04/13,--,--,--,--,0,0,0.00,0
109/04/14,0.97,1.03,0.97,1.03,10000,9840,0.00,5
109/04/15,1.09,1.20,1.08,1.20,22000,24020,0.17,6
109/04/16,1.22,1.22,1.22,1.22,1000,1220,0.02,1
109/04/17,1.56,1.60,1.56,1.60,4000,6360,0.38,2
109/04/20,1.63,1.65,1.63,1.65,6000,9820,0.05,2
109/04/21,1.26,1.26,1.26,1.26,75000,94500,-0.39,1
109/04/22,1.11,2.12,1.09,2.12,208000,236860,0.86,4
109/04/23,2.22,2.22,2.22,2.22,15000,33300,0.10,1
109/04/24,--,--,--,--,0,0,0.00,0
109/04/27,2.20,2.20,2.20,2.20,5000,11000,0.00,1
109/04/28,--,--,--,--,0,0,0.00,0
109/04/29,2.34,2.34,2.20,2.20,15000,34400,0.00,2
109/04/30,2.36,2.36,2.36,2.36,10000,23600,0.16,1
109/05/04,2.01,2.01,2.01,2.01,25000,50250,-0.35,1
109/05/05,--,--,--,--,0,0,0.00,0
109/05/06,--,--,--,--,0,0,0.00,0
109/05/07,2.01,2.01,2.01,2.01,10000,20100,0.00,1
109/05/08,2.05,2.05,2.05,2.05,59000,120950,0.04,2
109/05/11,2.00,2.00,2.00,2.00,49000,98000,-0.05,1
109/05/12,--,--,--,--,0,0,0.00,0
109/05/13,1.82,1.82,1.82,1.82,4000,7280,0.00,1
109/05/14,--,--,--,--,0,0,0.00,0
109/05/15,--,--,--,--,0,0,0.00,0
109/05/14,--,--,--,--,0,0,0.00,0
109/05/13,1.82,1.82,1.82,1.82,4000,7280,0.00,1
109/05/12,--,--,--,--,0,0,0.00,0
109/05/11,2.00,2.00,2.00,2.00,49000,98000,-0.05,1
109/05/08,2.05,2.05,2.05,2.05,59000,120950,0.04,2
109/05/07,2.01,2.01,2.01,2.01,10000,20100,0.00,1
109/05/06,--,--,--,--,0,0,0.00,0
109/05/05,--,--,--,--,0,0,0.00,0
109/05/04,2.01,2.01,2.01,2.01,25000,50250,-0.35,1
109/04/30,2.36,2.36,2.36,2.36,10000,23600,0.16,1
109/04/29,2.34,2.34,2.20,2.20,15000,34400,0.00,2
109/04/28,--,--,--,--,0,0,0.00,0
109/04/27,2.20,2.20,2.20,2.20,5000,11000,0.00,1
