109/02/27,--,--,--,--,0,0,0.00,0
109/03/02,2.16,2.53,2.16,2.36,27000,64020,0.00,3
109/03/03,2.78,2.78,2.70,2.70,47000,128750,0.34,5
109/03/04,2.58,2.73,2.54,2.73,60000,156900,0.03,5
109/03/05,2.99,3.16,2.93,3.16,50000,150400,0.43,5
109/03/06,3.06,3.06,2.98,2.98,20000,60400,-0.18,2
109/03/09,3.00,3.00,2.75,2.75,30000,87200,-0.23,3
109/03/10,2.54,2.97,2.54,2.97,117000,316410,0.22,13
109/03/11,3.01,3.10,2.92,2.92,107000,326640,-0.05,5
109/03/12,2.47,2.47,2.11,2.11,30000,69400,-0.81,3
109/03/13,1.42,1.56,1.33,1.56,88000,128420,-0.55,8
109/03/16,1.68,1.78,1.61,1.61,88000,144780,0.05,5
109/03/17,1.06,1.26,1.01,1.01,114000,133520,-0.60,16
109/03/18,1.01,1.01,1.00,1.00,94000,94600,-0.01,14
109/03/19,0.50,0.50,0.50,0.50,21000,10500,-0.50,3
109/03/20,--,--,--,--,0,0,0.00,0
109/03/23,0.51,0.51,0.51,0.51,11000,5610,0.00,1
109/03/24,0.64,0.64,0.64,0.64,10000,6400,0.13,1
109/03/25,--,--,--,--,0,0,0.00,0
109/03/26,--,--,--,--,0,0,0.00,0
109/03/27,--,--,--,--,0,0,0.00,0
109/03/30,--,--,--,--,0,0,0.00,0
109/03/31,--,--,--,--,0,0,0.00,0
109/04/01,--,--,--,--,0,0,0.00,0
109/04/06,--,--,--,--,0,0,0.00,0
109/04/07,--,--,--,--,0,0,0.00,0
109/04/08,--,--,--,--,0,0,0.00,0
109/04/09,--,--,--,--,0,0,0.00,0
109/04/10,--,--,--,--,0,0,0.00,0
109/04/13,--,--,--,--,0,0,0.00,0
109/04/14,--,--,--,--,0,0,0.00,0
109/04/15,--,--,--,--,0,0,0.00,0
109/04/16,--,--,--,--,0,0,0.00,0
109/04/17,--,--,--,--,0,0,0.00,0
109/04/20,2.12,2.18,2.12,2.18,22000,47480,0.00,4
109/04/21,2.14,2.16,2.14,2.16,22000,47320,-0.02,2
109/04/22,2.20,2.31,2.20,2.31,39000,87910,0.15,8
109/04/23,2.46,2.46,2.34,2.34,39000,92760,0.03,6
109/04/24,2.51,2.79,2.51,2.79,49000,133250,0.45,14
109/04/27,3.00,3.00,2.98,2.98,49000,146620,0.19,9
109/04/28,--,--,--,--,0,0,0.00,0
109/04/29,2.87,2.88,2.87,2.88,20000,57500,0.00,2
109/04/30,3.31,3.31,3.20,3.20,38000,123680,0.32,4
109/05/04,2.93,3.32,2.93,3.32,47000,148800,0.12,5
109/05/05,3.39,3.45,3.25,3.26,49000,165260,-0.06,6
109/05/06,3.20,3.20,3.16,3.16,20000,63600,-0.10,2
109/05/07,2.99,3.02,2.99,3.02,21000,63120,-0.14,3
109/05/08,3.18,3.18,3.07,3.07,41000,128980,0.05,4
109/05/11,3.07,3.07,3.07,3.07,20000,61400,0.00,1
109/05/12,--,--,--,--,0,0,0.00,0
109/05/13,--,--,--,--,0,0,0.00,0
109/05/14,--,--,--,--,0,0,0.00,0
109/05/15,2.19,2.19,2.19,2.19,10000,21900,0.00,1
109/05/14,--,--,--,--,0,0,0.00,0
109/05/13,--,--,--,--,0,0,0.00,0
109/05/12,--,--,--,--,0,0,0.00,0
109/05/11,3.07,3.07,3.07,3.07,20000,61400,0.00,1
109/05/08,3.18,3.18,3.07,3.07,41000,128980,0.05,4
109/05/07,2.99,3.02,2.99,3.02,21000,63120,-0.14,3
109/05/06,3.20,3.20,3.16,3.16,20000,63600,-0.10,2
109/05/05,3.39,3.45,3.25,3.26,49000,165260,-0.06,6
109/05/04,2.93,3.32,2.93,3.32,47000,148800,0.12,5
109/04/30,3.31,3.31,3.20,3.20,38000,123680,0.32,4
109/04/29,2.87,2.88,2.87,2.88,20000,57500,0.00,2
109/04/28,--,--,--,--,0,0,0.00,0
109/04/27,3.00,3.00,2.98,2.98,49000,146620,0.19,9
