106/09/25,0.17,0.17,0.14,0.14,46000,6740,-0.06,3
106/09/26,0.13,0.13,0.12,0.12,124000,15870,-0.02,3
106/09/27,0.13,0.13,0.13,0.13,50000,6500,0.01,1
106/09/28,--,--,--,--,0,0,0.00,0
106/09/29,0.13,0.14,0.13,0.14,110000,14400,0.00,2
106/09/30,0.13,0.14,0.13,0.14,130000,17200,0.00,3
106/10/02,0.14,0.18,0.14,0.16,238000,37160,0.02,9
106/10/03,0.16,0.21,0.16,0.21,312000,58000,0.05,5
106/10/05,0.18,0.18,0.18,0.18,153000,27540,-0.03,2
106/10/06,--,--,--,--,0,0,0.00,0
106/10/11,0.13,0.13,0.13,0.13,1000,130,0.00,1
106/10/12,0.16,0.16,0.16,0.16,30000,4800,0.03,1
106/10/13,0.15,0.15,0.15,0.15,30000,4500,-0.01,1
106/10/16,--,--,--,--,0,0,0.00,0
106/10/17,--,--,--,--,0,0,0.00,0
106/10/18,0.06,0.06,0.06,0.06,10000,600,0.00,1
106/10/19,--,--,--,--,0,0,0.00,0
109/02/26,3.39,3.42,2.59,2.59,124000,400050,-0.76,10
109/02/27,2.44,2.44,2.09,2.09,205000,464460,-0.50,7
109/03/02,2.17,2.33,2.08,2.12,169000,364060,0.03,12
109/03/03,2.38,2.38,2.18,2.18,14000,31850,0.06,6
109/03/04,1.92,1.94,1.88,1.92,91000,174110,-0.26,7
109/03/05,2.02,2.06,1.93,2.06,88000,176270,0.14,7
109/03/06,1.96,1.96,1.91,1.91,50000,96650,-0.15,5
109/03/09,1.83,1.83,1.64,1.64,36000,64130,-0.27,6
109/03/10,1.57,1.75,1.50,1.75,400000,641000,0.11,21
109/03/11,1.81,1.87,1.56,1.56,391000,676870,-0.19,13
109/03/12,1.52,1.52,0.99,1.10,168000,230730,-0.46,13
109/03/13,0.73,0.83,0.73,0.83,153000,113790,-0.27,15
109/03/16,0.84,0.84,0.62,0.62,144000,106490,-0.21,18
109/03/17,0.48,0.53,0.40,0.40,60000,26410,-0.22,11
109/03/18,0.32,0.32,0.32,0.32,12000,3840,-0.08,2
109/03/19,0.28,0.28,0.28,0.28,3000,840,-0.04,1
109/03/20,0.26,0.37,0.26,0.37,61000,18390,0.09,8
109/03/23,--,--,--,--,0,0,0.00,0
109/03/24,0.36,0.48,0.36,0.48,49000,18380,0.00,5
109/03/25,0.56,0.56,0.50,0.55,17000,8870,0.07,3
109/03/26,0.42,0.48,0.42,0.48,33000,14020,-0.07,4
109/03/27,0.57,0.57,0.50,0.50,12000,6200,0.02,3
109/03/30,--,--,--,--,0,0,0.00,0
109/03/31,--,--,--,--,0,0,0.00,0
109/04/01,--,--,--,--,0,0,0.00,0
109/04/06,0.42,0.42,0.42,0.42,13000,5460,0.00,1
109/04/07,0.51,0.53,0.49,0.53,34000,17000,0.11,7
109/04/08,0.64,0.77,0.64,0.77,5000,3390,0.24,5
109/04/09,0.93,1.00,0.93,1.00,24000,23600,0.23,8
109/04/10,--,--,--,--,0,0,0.00,0
109/04/13,--,--,--,--,0,0,0.00,0
109/04/14,0.83,0.83,0.83,0.83,10000,8300,0.00,1
109/04/15,0.92,1.10,0.92,0.92,11000,11740,0.09,3
109/04/16,--,--,--,--,0,0,0.00,0
109/04/17,--,--,--,--,0,0,0.00,0
109/04/20,0.90,0.90,0.90,0.90,1000,900,0.00,1
109/04/21,0.71,0.75,0.71,0.75,21000,15310,-0.15,2
109/04/22,0.81,0.82,0.81,0.82,7000,5720,0.07,5
109/04/23,0.97,0.98,0.90,0.92,71000,68330,0.10,10
109/04/24,--,--,--,--,0,0,0.00,0
109/04/27,1.07,1.20,0.94,1.20,57000,63540,0.00,12
109/04/28,1.29,1.40,1.29,1.40,91000,122680,0.20,12
109/04/29,--,--,--,--,0,0,0.00,0
109/04/30,1.25,1.25,1.25,1.25,10000,12500,0.00,1
109/05/04,1.20,1.20,1.20,1.20,4000,4800,-0.05,1
109/05/05,1.46,1.75,1.46,1.57,163000,255940,0.37,7
109/05/06,--,--,--,--,0,0,0.00,0
109/05/07,--,--,--,--,0,0,0.00,0
109/05/08,1.52,1.53,1.51,1.53,45000,68250,0.00,3
109/05/11,--,--,--,--,0,0,0.00,0
109/05/12,1.48,1.48,1.48,1.48,5000,7400,0.00,1
109/05/13,--,--,--,--,0,0,0.00,0
109/05/14,--,--,--,--,0,0,0.00,0
109/05/15,1.21,1.21,1.09,1.09,145000,159800,0.00,3
109/05/14,--,--,--,--,0,0,0.00,0
109/05/13,--,--,--,--,0,0,0.00,0
109/05/12,1.48,1.48,1.48,1.48,5000,7400,0.00,1
109/05/11,--,--,--,--,0,0,0.00,0
109/05/08,1.52,1.53,1.51,1.53,45000,68250,0.00,3
109/05/07,--,--,--,--,0,0,0.00,0
109/05/06,--,--,--,--,0,0,0.00,0
109/05/05,1.46,1.75,1.46,1.57,163000,255940,0.37,7
109/05/04,1.20,1.20,1.20,1.20,4000,4800,-0.05,1
109/04/30,1.25,1.25,1.25,1.25,10000,12500,0.00,1
109/04/29,--,--,--,--,0,0,0.00,0
109/04/28,1.29,1.40,1.29,1.40,91000,122680,0.20,12
109/04/27,1.07,1.20,0.94,1.20,57000,63540,0.00,12
