109/02/26,--,--,--,--,0,0,0.00,0
109/02/27,--,--,--,--,0,0,0.00,0
109/03/02,0.84,0.94,0.84,0.94,105000,93000,0.00,2
109/03/03,1.06,1.11,1.06,1.11,151000,162210,0.17,4
109/03/04,0.95,1.09,0.95,1.07,159000,162140,-0.04,7
109/03/05,1.20,1.24,1.20,1.24,129000,155890,0.17,6
109/03/06,1.21,1.21,1.21,1.21,12000,14520,-0.03,1
109/03/09,1.28,1.29,1.28,1.29,50000,64490,0.08,3
109/03/10,0.95,1.12,0.95,1.12,125000,130670,-0.17,6
109/03/11,1.23,1.25,0.99,0.99,189000,228280,-0.13,7
109/03/12,0.78,0.78,0.65,0.65,181000,123950,-0.34,3
109/03/13,0.44,0.45,0.38,0.38,76000,29410,-0.27,3
109/03/16,0.58,0.58,0.43,0.43,5000,2600,0.05,2
109/03/17,--,--,--,--,0,0,0.00,0
109/03/18,--,--,--,--,0,0,0.00,0
109/03/19,--,--,--,--,0,0,0.00,0
109/03/20,--,--,--,--,0,0,0.00,0
109/03/23,--,--,--,--,0,0,0.00,0
109/03/24,--,--,--,--,0,0,0.00,0
109/03/25,--,--,--,--,0,0,0.00,0
109/03/26,--,--,--,--,0,0,0.00,0
109/03/27,--,--,--,--,0,0,0.00,0
109/03/30,1.05,1.05,1.05,1.05,30000,31500,0.00,1
109/03/31,1.08,1.08,1.08,1.08,30000,32400,0.03,1
109/04/01,--,--,--,--,0,0,0.00,0
109/04/06,1.08,1.14,1.03,1.14,155000,167610,0.00,7
109/04/07,1.31,1.54,1.31,1.54,287000,402750,0.40,18
109/04/08,1.67,1.90,1.65,1.83,169000,285400,0.29,14
109/04/09,2.04,2.04,1.84,1.84,40000,79730,0.01,21
109/04/10,1.80,1.85,1.80,1.85,98000,181160,0.01,5
109/04/13,1.75,1.75,1.75,1.75,95000,166250,-0.10,2
109/04/14,1.78,1.78,1.77,1.77,10000,17750,0.02,2
109/04/15,1.80,1.81,1.80,1.81,15000,27050,0.04,2
109/04/16,1.81,1.81,1.79,1.79,60000,107500,-0.02,2
109/04/17,1.91,1.91,1.91,1.91,55000,105050,0.12,1
109/04/20,1.71,1.80,1.71,1.80,73000,129200,-0.11,5
109/04/21,1.77,1.84,1.77,1.84,73000,131950,0.04,4
109/04/22,1.68,1.87,1.68,1.87,70000,117930,0.03,3
109/04/23,1.97,1.97,1.97,1.97,70000,137900,0.10,2
109/04/24,2.17,2.17,2.12,2.16,3000,6450,0.19,3
109/04/27,2.37,2.37,2.36,2.36,3000,7100,0.20,3
109/04/28,--,--,--,--,0,0,0.00,0
109/04/29,2.24,2.24,2.15,2.24,17000,37360,0.00,3
109/04/30,2.60,2.60,2.54,2.54,17000,43900,0.30,10
109/05/04,2.33,2.59,2.33,2.59,68000,163120,0.05,3
109/05/05,2.62,2.68,2.52,2.52,161000,421800,-0.07,7
109/05/06,2.49,2.51,2.48,2.51,93000,231600,-0.01,5
109/05/07,2.36,2.42,2.36,2.42,78000,186260,-0.09,3
109/05/08,2.45,2.45,2.39,2.39,78000,189300,-0.03,2
109/05/11,--,--,--,--,0,0,0.00,0
109/05/12,--,--,--,--,0,0,0.00,0
109/05/13,2.06,2.06,2.06,2.06,25000,51500,0.00,1
109/05/14,1.93,1.93,1.93,1.93,25000,48250,-0.13,1
109/05/15,--,--,--,--,0,0,0.00,0
109/05/14,1.93,1.93,1.93,1.93,25000,48250,-0.13,1
109/05/13,2.06,2.06,2.06,2.06,25000,51500,0.00,1
109/05/12,--,--,--,--,0,0,0.00,0
109/05/11,--,--,--,--,0,0,0.00,0
109/05/08,2.45,2.45,2.39,2.39,78000,189300,-0.03,2
109/05/07,2.36,2.42,2.36,2.42,78000,186260,-0.09,3
109/05/06,2.49,2.51,2.48,2.51,93000,231600,-0.01,5
109/05/05,2.62,2.68,2.52,2.52,161000,421800,-0.07,7
109/05/04,2.33,2.59,2.33,2.59,68000,163120,0.05,3
109/04/30,2.60,2.60,2.54,2.54,17000,43900,0.30,10
109/04/29,2.24,2.24,2.15,2.24,17000,37360,0.00,3
109/04/28,--,--,--,--,0,0,0.00,0
109/04/27,2.37,2.37,2.36,2.36,3000,7100,0.20,3
