109/03/02,--,--,--,--,0,0,0.00,0
109/03/03,1.22,1.22,1.19,1.19,4000,4850,0.00,2
109/03/04,1.26,1.26,1.26,1.26,7000,8820,0.07,1
109/03/05,1.35,1.40,1.35,1.40,57000,79450,0.14,2
109/03/06,1.27,1.27,1.26,1.26,54000,68540,-0.14,2
109/03/09,--,--,--,--,0,0,0.00,0
109/03/10,1.11,1.11,1.11,1.11,1000,1110,0.00,1
109/03/11,1.10,1.10,1.06,1.06,39000,42860,-0.05,2
109/03/12,0.80,0.80,0.68,0.68,76000,55580,-0.38,5
109/03/13,0.41,0.41,0.41,0.41,38000,15580,-0.27,1
109/03/16,0.48,0.48,0.48,0.48,10000,4800,0.07,1
109/03/17,0.36,0.36,0.30,0.32,30000,9800,-0.16,3
109/03/18,0.27,0.27,0.27,0.27,10000,2700,-0.05,1
109/03/19,0.12,0.12,0.12,0.12,10000,1200,-0.15,1
109/03/20,0.14,0.16,0.14,0.16,20000,3000,0.04,2
109/03/23,--,--,--,--,0,0,0.00,0
109/03/24,0.28,0.28,0.28,0.28,10000,2800,0.00,1
109/03/25,0.35,0.40,0.35,0.39,60000,22800,0.11,3
109/03/26,0.33,0.40,0.33,0.40,30000,11300,0.01,2
109/03/27,--,--,--,--,0,0,0.00,0
109/03/30,0.91,0.92,0.91,0.92,45000,41170,0.00,2
109/03/31,1.03,1.04,1.01,1.04,58000,59410,0.12,3
109/04/01,1.02,1.10,0.98,1.10,23000,23300,0.06,5
109/04/06,1.09,1.22,1.04,1.20,51000,55170,0.10,9
109/04/07,1.37,1.44,1.33,1.39,227000,315750,0.19,27
109/04/08,1.33,1.42,1.31,1.41,188000,252310,0.02,12
109/04/09,1.47,1.49,1.33,1.36,54000,79330,-0.05,8
109/04/10,1.30,1.30,1.26,1.26,46000,58200,-0.10,3
109/04/13,1.28,1.28,1.28,1.28,20000,25600,0.02,1
109/04/14,1.28,1.33,1.28,1.28,30000,38930,0.00,5
109/04/15,1.31,1.32,1.31,1.32,30000,39460,0.04,3
109/04/16,1.37,1.40,1.37,1.40,21000,29100,0.08,2
109/04/17,1.51,1.51,1.51,1.51,11000,16610,0.11,1
109/04/20,--,--,--,--,0,0,0.00,0
109/04/21,--,--,--,--,0,0,0.00,0
109/04/22,1.04,1.08,1.04,1.08,11000,11480,0.00,2
109/04/23,1.14,1.14,1.14,1.14,1000,1140,0.06,1
109/04/24,--,--,--,--,0,0,0.00,0
109/04/27,--,--,--,--,0,0,0.00,0
109/04/28,--,--,--,--,0,0,0.00,0
109/04/29,1.16,1.16,1.16,1.16,2000,2320,0.00,1
109/04/30,1.24,1.32,1.24,1.32,4000,5090,0.16,4
109/05/04,1.27,1.32,1.26,1.28,79000,103730,-0.04,4
109/05/05,1.33,1.33,1.33,1.33,77000,102410,0.05,1
109/05/06,--,--,--,--,0,0,0.00,0
109/05/07,1.32,1.33,1.32,1.33,2000,2650,0.00,2
109/05/08,1.39,1.47,1.39,1.47,5000,7120,0.14,5
109/05/11,1.43,1.53,1.43,1.53,28000,42490,0.06,5
109/05/12,1.53,1.56,1.53,1.56,59000,90980,0.03,5
109/05/13,1.48,1.51,1.47,1.51,85000,127290,-0.05,5
109/05/14,1.45,1.45,1.43,1.43,51000,72950,-0.08,2
109/05/15,--,--,--,--,0,0,0.00,0
109/05/14,1.45,1.45,1.43,1.43,51000,72950,-0.08,2
109/05/13,1.48,1.51,1.47,1.51,85000,127290,-0.05,5
109/05/12,1.53,1.56,1.53,1.56,59000,90980,0.03,5
109/05/11,1.43,1.53,1.43,1.53,28000,42490,0.06,5
109/05/08,1.39,1.47,1.39,1.47,5000,7120,0.14,5
109/05/07,1.32,1.33,1.32,1.33,2000,2650,0.00,2
109/05/06,--,--,--,--,0,0,0.00,0
109/05/05,1.33,1.33,1.33,1.33,77000,102410,0.05,1
109/05/04,1.27,1.32,1.26,1.28,79000,103730,-0.04,4
109/04/30,1.24,1.32,1.24,1.32,4000,5090,0.16,4
109/04/29,1.16,1.16,1.16,1.16,2000,2320,0.00,1
109/04/28,--,--,--,--,0,0,0.00,0
109/04/27,--,--,--,--,0,0,0.00,0
