109/03/02,2.90,2.90,2.86,2.86,15000,43300,0.84,2
109/03/03,2.82,2.84,2.82,2.84,8000,22620,-0.02,3
109/03/04,3.10,3.10,3.10,3.10,1000,3100,0.26,1
109/03/05,3.10,3.14,3.10,3.14,40000,125000,0.04,2
109/03/06,3.52,3.80,3.52,3.80,96000,350670,0.66,8
109/03/09,4.94,5.10,4.94,5.10,47000,239380,1.30,4
109/03/10,4.57,4.57,4.31,4.31,8000,35800,-0.79,3
109/03/11,--,--,--,--,0,0,0.00,0
109/03/12,5.60,5.85,5.60,5.80,22000,126700,0.00,3
109/03/13,7.20,7.35,7.20,7.35,6000,43950,1.55,2
109/03/16,7.15,7.15,7.15,7.15,4000,28600,-0.20,1
109/03/17,7.70,7.70,7.70,7.70,2000,15400,0.55,1
109/03/18,8.55,8.60,8.55,8.55,20000,171100,0.85,3
109/03/19,10.30,10.90,10.30,10.80,22000,237600,2.25,3
109/03/20,10.00,10.00,9.30,9.30,28000,261500,-1.50,4
109/03/23,--,--,--,--,0,0,0.00,0
109/03/24,6.45,6.45,6.45,6.45,3000,19350,0.00,1
109/03/25,6.35,6.65,6.35,6.65,17000,109150,0.20,3
109/03/26,--,--,--,--,0,0,0.00,0
109/03/27,7.10,7.15,7.10,7.10,80000,568500,0.00,3
109/03/30,7.90,7.90,7.25,7.30,124000,930700,0.20,4
109/03/31,7.15,7.15,7.10,7.10,50000,355500,-0.20,2
109/04/01,--,--,--,--,0,0,0.00,0
109/04/06,6.10,6.10,6.10,6.10,4000,24400,0.00,2
109/04/07,--,--,--,--,0,0,0.00,0
109/04/08,--,--,--,--,0,0,0.00,0
109/04/09,6.05,6.05,6.05,6.05,10000,60500,0.00,1
109/04/10,--,--,--,--,0,0,0.00,0
109/04/13,5.80,5.80,5.80,5.80,3000,17400,0.00,1
109/04/14,--,--,--,--,0,0,0.00,0
109/04/15,--,--,--,--,0,0,0.00,0
109/04/16,--,--,--,--,0,0,0.00,0
109/04/17,5.20,5.30,5.20,5.30,20000,105000,0.00,2
109/04/20,5.40,5.40,5.40,5.40,10000,54000,0.10,2
109/04/21,5.75,6.00,5.75,6.00,2000,11750,0.60,2
109/04/22,--,--,--,--,0,0,0.00,0
109/04/23,--,--,--,--,0,0,0.00,0
109/04/24,--,--,--,--,0,0,0.00,0
109/04/27,5.60,5.60,5.60,5.60,2000,11200,0.00,1
109/04/28,5.20,5.25,5.20,5.25,7000,36650,-0.35,2
109/04/29,5.00,5.00,5.00,5.00,5000,25000,-0.25,1
109/04/30,4.79,4.79,4.76,4.76,12000,57180,-0.24,2
109/05/04,5.80,5.80,5.80,5.80,6000,34800,1.04,1
109/05/05,5.25,5.25,5.25,5.25,12000,63000,-0.55,2
109/05/06,--,--,--,--,0,0,0.00,0
109/05/07,--,--,--,--,0,0,0.00,0
109/05/08,--,--,--,--,0,0,0.00,0
109/05/11,4.36,4.39,4.36,4.39,12000,52620,0.00,2
109/05/12,4.30,4.37,4.30,4.37,10000,43350,-0.02,2
109/05/13,4.76,4.81,4.76,4.81,7000,33570,0.44,2
109/05/14,5.10,5.15,5.10,5.15,10000,51250,0.34,2
109/05/15,4.93,4.93,4.86,4.86,20000,97550,-0.29,2
109/05/14,5.10,5.15,5.10,5.15,10000,51250,0.34,2
109/05/13,4.76,4.81,4.76,4.81,7000,33570,0.44,2
109/05/12,4.30,4.37,4.30,4.37,10000,43350,-0.02,2
109/05/11,4.36,4.39,4.36,4.39,12000,52620,0.00,2
109/05/08,--,--,--,--,0,0,0.00,0
109/05/07,--,--,--,--,0,0,0.00,0
109/05/06,--,--,--,--,0,0,0.00,0
109/05/05,5.25,5.25,5.25,5.25,12000,63000,-0.55,2
109/05/04,5.80,5.80,5.80,5.80,6000,34800,1.04,1
109/04/30,4.79,4.79,4.76,4.76,12000,57180,-0.24,2
109/04/29,5.00,5.00,5.00,5.00,5000,25000,-0.25,1
109/04/28,5.20,5.25,5.20,5.25,7000,36650,-0.35,2
109/04/27,5.60,5.60,5.60,5.60,2000,11200,0.00,1
