106/09/25,0.15,0.15,0.15,0.15,30000,4500,0.00,4
109/03/03,--,--,--,--,0,0,0.00,0
109/03/04,--,--,--,--,0,0,0.00,0
109/03/05,3.33,3.33,3.33,3.33,10000,33300,0.00,1
109/03/06,3.32,3.32,3.26,3.26,40000,131400,-0.07,4
109/03/09,2.93,2.93,2.72,2.72,70000,200500,-0.54,5
109/03/10,2.60,2.60,2.60,2.60,40000,104000,-0.12,1
109/03/11,--,--,--,--,0,0,0.00,0
109/03/12,1.93,1.93,1.93,1.93,19000,36670,0.00,2
109/03/13,1.09,1.71,1.09,1.71,89000,126160,-0.22,9
109/03/16,1.72,1.72,1.17,1.17,80000,113700,-0.54,6
109/03/17,1.35,1.35,1.28,1.28,50000,66700,0.11,3
109/03/18,1.22,1.23,1.02,1.02,65000,74270,-0.26,7
109/03/19,0.96,0.99,0.53,0.55,141000,100070,-0.47,12
109/03/20,0.85,0.88,0.85,0.88,11000,9380,0.33,2
109/03/23,0.85,0.85,0.85,0.85,10000,8500,-0.03,1
109/03/24,0.96,1.12,0.96,1.12,29000,32320,0.27,2
109/03/25,--,--,--,--,0,0,0.00,0
109/03/26,--,--,--,--,0,0,0.00,0
109/03/27,--,--,--,--,0,0,0.00,0
109/03/30,--,--,--,--,0,0,0.00,0
109/03/31,--,--,--,--,0,0,0.00,0
109/04/01,--,--,--,--,0,0,0.00,0
109/04/06,1.21,1.21,1.21,1.21,40000,48400,0.00,2
109/04/07,--,--,--,--,0,0,0.00,0
109/04/08,1.34,1.34,1.34,1.34,76000,101840,0.00,1
109/04/09,2.96,2.97,2.72,2.72,50000,143520,1.38,6
109/04/10,--,--,--,--,0,0,0.00,0
109/04/13,2.46,2.46,2.42,2.42,100000,244000,0.00,2
109/04/14,2.53,2.57,2.53,2.57,58000,148740,0.15,2
109/04/15,2.71,2.71,2.63,2.63,8000,21340,0.06,6
109/04/16,2.48,2.48,2.48,2.48,20000,49600,-0.15,1
109/04/17,2.60,2.60,2.60,2.60,20000,52000,0.12,1
109/04/20,2.72,2.73,2.72,2.73,3000,8180,0.13,2
109/04/21,2.59,2.59,2.33,2.33,13000,31050,-0.40,4
109/04/22,2.16,2.28,2.16,2.28,70000,157200,-0.05,2
109/04/23,2.38,2.38,2.29,2.30,81000,190290,0.02,3
109/04/24,2.24,2.28,2.24,2.28,41000,92080,-0.02,3
109/04/27,2.41,2.41,2.41,2.41,40000,96400,0.13,1
109/04/28,--,--,--,--,0,0,0.00,0
109/04/29,2.70,2.70,2.70,2.70,25000,67500,0.00,1
109/04/30,2.85,3.03,2.85,3.03,29000,83370,0.33,2
109/05/04,2.58,2.58,2.47,2.47,64000,161320,-0.56,4
109/05/05,2.59,2.59,2.59,2.59,60000,155400,0.12,1
109/05/06,2.78,2.78,2.78,2.78,3000,8340,0.19,1
109/05/07,2.99,2.99,2.99,2.99,3000,8970,0.21,1
109/05/08,3.14,3.48,3.14,3.48,19000,64080,0.49,2
109/05/11,3.34,3.34,3.32,3.32,19000,63340,-0.16,2
109/05/12,--,--,--,--,0,0,0.00,0
109/05/13,--,--,--,--,0,0,0.00,0
109/05/14,--,--,--,--,0,0,0.00,0
109/05/15,--,--,--,--,0,0,0.00,0
109/05/14,--,--,--,--,0,0,0.00,0
109/05/13,--,--,--,--,0,0,0.00,0
109/05/12,--,--,--,--,0,0,0.00,0
109/05/11,3.34,3.34,3.32,3.32,19000,63340,-0.16,2
109/05/08,3.14,3.48,3.14,3.48,19000,64080,0.49,2
109/05/07,2.99,2.99,2.99,2.99,3000,8970,0.21,1
109/05/06,2.78,2.78,2.78,2.78,3000,8340,0.19,1
109/05/05,2.59,2.59,2.59,2.59,60000,155400,0.12,1
109/05/04,2.58,2.58,2.47,2.47,64000,161320,-0.56,4
109/04/30,2.85,3.03,2.85,3.03,29000,83370,0.33,2
109/04/29,2.70,2.70,2.70,2.70,25000,67500,0.00,1
109/04/28,--,--,--,--,0,0,0.00,0
109/04/27,2.41,2.41,2.41,2.41,40000,96400,0.13,1
