106/09/25,1.41,1.41,1.34,1.37,477000,660080,-0.05,18
106/09/26,1.34,1.46,1.34,1.41,768000,1075680,0.04,16
106/09/27,1.42,1.45,1.36,1.45,579000,810690,0.04,18
106/09/28,1.41,1.43,1.39,1.39,351000,495250,-0.06,9
106/09/29,1.41,1.46,1.41,1.46,617000,877080,0.07,21
106/09/30,1.51,1.51,1.48,1.50,505000,756010,0.04,29
106/10/02,1.51,1.51,1.45,1.45,26000,38440,-0.05,13
106/10/03,1.52,1.52,1.47,1.47,34000,50650,0.02,7
106/10/05,1.57,1.57,1.57,1.57,28000,43960,0.10,2
106/10/06,--,--,--,--,0,0,0.00,0
106/10/11,--,--,--,--,0,0,0.00,0
106/10/12,1.77,1.77,1.77,1.77,2000,3540,0.00,1
106/10/13,1.84,1.84,1.84,1.84,2000,3680,0.07,2
106/10/16,--,--,--,--,0,0,0.00,0
106/10/17,--,--,--,--,0,0,0.00,0
106/10/18,1.79,1.84,1.75,1.84,52000,93610,0.00,11
106/10/19,1.86,1.86,1.86,1.86,15000,27900,0.02,1
106/10/20,1.83,1.83,1.83,1.83,1000,1830,-0.03,1
106/10/23,--,--,--,--,0,0,0.00,0
106/10/24,--,--,--,--,0,0,0.00,0
106/10/25,--,--,--,--,0,0,0.00,0
106/10/26,--,--,--,--,0,0,0.00,0
106/10/27,--,--,--,--,0,0,0.00,0
106/10/30,--,--,--,--,0,0,0.00,0
106/10/31,--,--,--,--,0,0,0.00,0
106/11/01,--,--,--,--,0,0,0.00,0
106/11/02,--,--,--,--,0,0,0.00,0
106/11/03,--,--,--,--,0,0,0.00,0
106/11/06,--,--,--,--,0,0,0.00,0
106/11/07,--,--,--,--,0,0,0.00,0
106/11/08,--,--,--,--,0,0,0.00,0
106/11/09,1.69,1.69,1.69,1.69,10000,16900,0.00,1
106/11/10,1.62,1.62,1.62,1.62,10000,16200,-0.07,2
106/11/13,--,--,--,--,0,0,0.00,0
106/11/14,--,--,--,--,0,0,0.00,0
106/11/15,--,--,--,--,0,0,0.00,0
106/11/16,--,--,--,--,0,0,0.00,0
106/11/17,--,--,--,--,0,0,0.00,0
106/11/20,--,--,--,--,0,0,0.00,0
106/11/21,--,--,--,--,0,0,0.00,0
106/11/22,1.56,1.56,1.56,1.56,10000,15600,0.00,1
106/11/23,1.61,1.61,1.61,1.61,10000,16100,0.05,2
106/11/24,1.66,1.67,1.66,1.67,20000,33300,0.06,2
106/11/27,1.65,1.65,1.65,1.65,10000,16500,-0.02,2
106/11/28,--,--,--,--,0,0,0.00,0
106/11/29,--,--,--,--,0,0,0.00,0
106/11/30,--,--,--,--,0,0,0.00,0
106/12/01,--,--,--,--,0,0,0.00,0
106/12/04,--,--,--,--,0,0,0.00,0
106/12/05,--,--,--,--,0,0,0.00,0
106/12/06,--,--,--,--,0,0,0.00,0
106/12/07,--,--,--,--,0,0,0.00,0
106/12/08,--,--,--,--,0,0,0.00,0
106/12/11,1.01,1.01,1.01,1.01,10000,10100,0.00,1
106/12/12,0.95,0.95,0.95,0.95,10000,9500,-0.06,2
106/12/13,--,--,--,--,0,0,0.00,0
106/12/14,--,--,--,--,0,0,0.00,0
106/12/15,--,--,--,--,0,0,0.00,0
106/12/18,--,--,--,--,0,0,0.00,0
106/12/19,0.65,0.65,0.65,0.65,10000,6500,0.00,1
106/12/20,--,--,--,--,0,0,0.00,0
106/12/21,--,--,--,--,0,0,0.00,0
106/12/22,--,--,--,--,0,0,0.00,0
106/12/25,--,--,--,--,0,0,0.00,0
106/12/26,--,--,--,--,0,0,0.00,0
106/12/27,--,--,--,--,0,0,0.00,0
106/12/28,--,--,--,--,0,0,0.00,0
106/12/29,--,--,--,--,0,0,0.00,0
107/01/02,--,--,--,--,0,0,0.00,0
107/01/03,--,--,--,--,0,0,0.00,0
109/03/06,--,--,--,--,0,0,0.00,0
109/03/09,--,--,--,--,0,0,0.00,0
109/03/10,--,--,--,--,0,0,0.00,0
109/03/11,--,--,--,--,0,0,0.00,0
109/03/12,--,--,--,--,0,0,0.00,0
109/03/13,0.65,0.65,0.65,0.65,40000,26000,0.00,1
109/03/16,--,--,--,--,0,0,0.00,0
109/03/17,--,--,--,--,0,0,0.00,0
109/03/18,--,--,--,--,0,0,0.00,0
109/03/19,--,--,--,--,0,0,0.00,0
109/03/20,0.71,0.71,0.71,0.71,20000,14200,0.00,1
109/03/23,--,--,--,--,0,0,0.00,0
109/03/24,0.68,0.68,0.68,0.68,20000,13600,0.00,1
109/03/25,--,--,--,--,0,0,0.00,0
109/03/26,--,--,--,--,0,0,0.00,0
109/03/27,--,--,--,--,0,0,0.00,0
109/03/30,--,--,--,--,0,0,0.00,0
109/03/31,--,--,--,--,0,0,0.00,0
109/04/01,1.32,1.32,1.32,1.32,2000,2640,0.00,1
109/04/06,1.37,1.37,1.36,1.36,2000,2730,0.04,2
109/04/07,1.47,1.68,1.47,1.65,12000,18350,0.29,5
109/04/08,1.57,1.75,1.57,1.74,108000,183110,0.09,17
109/04/09,1.77,1.82,1.70,1.70,88000,154870,-0.04,14
109/04/10,1.65,1.65,1.63,1.63,18000,29590,-0.07,3
109/04/13,1.57,1.71,1.57,1.70,69000,116830,0.07,6
109/04/14,1.65,1.84,1.65,1.77,199000,350020,0.07,23
109/04/15,1.79,1.81,1.78,1.81,88000,157380,0.04,9
109/04/16,1.72,1.82,1.72,1.82,45000,81400,0.01,3
109/04/17,1.82,1.86,1.82,1.83,110000,201620,0.01,7
109/04/20,1.77,1.80,1.77,1.80,183000,326490,-0.03,8
109/04/21,1.71,1.78,1.69,1.70,222000,383930,-0.10,17
109/04/22,1.52,1.63,1.52,1.59,91000,144450,-0.11,5
109/04/23,1.65,1.65,1.65,1.65,25000,41250,0.06,1
109/04/24,--,--,--,--,0,0,0.00,0
109/04/27,1.70,1.73,1.70,1.72,56000,96000,0.00,3
109/04/28,1.78,1.78,1.75,1.75,56000,98500,0.03,9
109/04/29,1.76,1.83,1.76,1.81,133000,241400,0.06,12
109/04/30,1.80,1.87,1.77,1.83,337000,614590,0.02,24
109/05/04,1.66,1.71,1.66,1.69,280000,475050,-0.14,27
109/05/05,1.74,1.74,1.74,1.74,29000,50460,0.05,1
109/05/06,1.68,1.76,1.68,1.76,178000,308800,0.02,4
109/05/07,1.73,1.90,1.73,1.90,422000,763840,0.14,17
109/05/08,1.76,1.77,1.64,1.65,289000,481160,-0.25,12
109/05/11,1.65,1.65,1.63,1.63,12000,19760,-0.02,2
109/05/12,1.68,1.68,1.64,1.64,4000,6640,0.01,2
109/05/13,1.62,1.62,1.62,1.62,50000,81000,-0.02,1
109/05/14,1.46,1.46,1.46,1.46,50000,73000,-0.16,1
109/05/15,--,--,--,--,0,0,0.00,0
109/05/14,1.46,1.46,1.46,1.46,50000,73000,-0.16,1
109/05/13,1.62,1.62,1.62,1.62,50000,81000,-0.02,1
109/05/12,1.68,1.68,1.64,1.64,4000,6640,0.01,2
109/05/11,1.65,1.65,1.63,1.63,12000,19760,-0.02,2
109/05/08,1.76,1.77,1.64,1.65,289000,481160,-0.25,12
109/05/07,1.73,1.90,1.73,1.90,422000,763840,0.14,17
109/05/06,1.68,1.76,1.68,1.76,178000,308800,0.02,4
109/05/05,1.74,1.74,1.74,1.74,29000,50460,0.05,1
109/05/04,1.66,1.71,1.66,1.69,280000,475050,-0.14,27
109/04/30,1.80,1.87,1.77,1.83,337000,614590,0.02,24
109/04/29,1.76,1.83,1.76,1.81,133000,241400,0.06,12
109/04/28,1.78,1.78,1.75,1.75,56000,98500,0.03,9
109/04/27,1.70,1.73,1.70,1.72,56000,96000,0.00,3
