106/09/25,--,--,--,--,0,0,0.00,0
106/09/26,--,--,--,--,0,0,0.00,0
106/09/27,--,--,--,--,0,0,0.00,0
106/09/28,--,--,--,--,0,0,0.00,0
106/09/29,--,--,--,--,0,0,0.00,0
106/09/30,--,--,--,--,0,0,0.00,0
106/10/02,--,--,--,--,0,0,0.00,0
106/10/03,0.16,0.16,0.16,0.16,10000,1600,0.00,1
106/10/05,--,--,--,--,0,0,0.00,0
106/10/06,--,--,--,--,0,0,0.00,0
106/10/11,--,--,--,--,0,0,0.00,0
106/10/12,0.14,0.14,0.14,0.14,80000,11200,0.00,1
106/10/13,--,--,--,--,0,0,0.00,0
106/10/16,--,--,--,--,0,0,0.00,0
106/10/17,--,--,--,--,0,0,0.00,0
106/10/18,--,--,--,--,0,0,0.00,0
106/10/19,--,--,--,--,0,0,0.00,0
106/10/20,--,--,--,--,0,0,0.00,0
106/10/23,0.16,0.16,0.16,0.16,50000,8000,0.00,5
106/10/24,0.11,0.11,0.11,0.11,50000,5500,-0.05,1
106/10/25,0.15,0.15,0.15,0.15,200000,30000,0.04,20
106/10/26,--,--,--,--,0,0,0.00,0
106/10/27,0.11,0.11,0.11,0.11,200000,22000,0.00,20
106/10/30,--,--,--,--,0,0,0.00,0
106/10/31,--,--,--,--,0,0,0.00,0
106/11/01,--,--,--,--,0,0,0.00,0
106/11/02,--,--,--,--,0,0,0.00,0
106/11/03,--,--,--,--,0,0,0.00,0
106/11/06,--,--,--,--,0,0,0.00,0
106/11/07,--,--,--,--,0,0,0.00,0
106/11/08,--,--,--,--,0,0,0.00,0
106/11/09,--,--,--,--,0,0,0.00,0
106/11/10,--,--,--,--,0,0,0.00,0
106/11/13,--,--,--,--,0,0,0.00,0
106/11/14,0.04,0.04,0.04,0.04,400000,16000,0.00,1
106/11/15,--,--,--,--,0,0,0.00,0
106/11/16,--,--,--,--,0,0,0.00,0
106/11/17,--,--,--,--,0,0,0.00,0
106/11/20,--,--,--,--,0,0,0.00,0
106/11/21,--,--,--,--,0,0,0.00,0
106/11/22,--,--,--,--,0,0,0.00,0
106/11/23,--,--,--,--,0,0,0.00,0
106/11/24,--,--,--,--,0,0,0.00,0
106/11/27,--,--,--,--,0,0,0.00,0
106/11/28,--,--,--,--,0,0,0.00,0
106/11/29,--,--,--,--,0,0,0.00,0
106/11/30,--,--,--,--,0,0,0.00,0
106/12/01,--,--,--,--,0,0,0.00,0
109/03/06,--,--,--,--,0,0,0.00,0
109/03/09,--,--,--,--,0,0,0.00,0
109/03/10,1.10,1.10,1.10,1.10,10000,11000,0.00,1
109/03/11,1.16,1.20,1.16,1.20,62000,74000,0.10,2
109/03/12,0.94,0.94,0.93,0.93,52000,48460,-0.27,2
109/03/13,--,--,--,--,0,0,0.00,0
109/03/16,0.57,0.57,0.49,0.49,4000,2120,0.00,2
109/03/17,0.64,0.64,0.64,0.64,1000,640,0.15,1
109/03/18,--,--,--,--,0,0,0.00,0
109/03/19,0.32,0.32,0.32,0.32,2000,640,0.00,1
109/03/20,0.44,0.44,0.44,0.44,2000,880,0.12,1
109/03/23,--,--,--,--,0,0,0.00,0
109/03/24,--,--,--,--,0,0,0.00,0
109/03/25,0.54,0.54,0.54,0.54,1000,540,0.00,1
109/03/26,--,--,--,--,0,0,0.00,0
109/03/27,1.17,1.17,1.12,1.12,2000,2290,0.00,2
109/03/30,0.96,0.96,0.96,0.96,10000,9600,-0.16,1
109/03/31,1.05,1.09,1.05,1.09,11000,11590,0.13,2
109/04/01,1.05,1.05,1.05,1.05,1000,1050,-0.04,1
109/04/06,1.31,1.31,1.31,1.31,29000,37990,0.26,1
109/04/07,1.48,1.48,1.48,1.48,29000,42920,0.17,1
109/04/08,1.47,1.50,1.38,1.45,25000,36480,-0.03,7
109/04/09,1.51,1.60,1.51,1.58,66000,102000,0.13,11
109/04/10,1.53,1.54,1.47,1.54,48000,72760,-0.04,13
109/04/13,1.58,1.58,1.52,1.52,9000,13940,-0.02,4
109/04/14,1.57,1.71,1.57,1.71,16000,26570,0.19,3
109/04/15,--,--,--,--,0,0,0.00,0
109/04/16,1.68,1.76,1.68,1.76,25000,42400,0.00,2
109/04/17,1.82,1.85,1.82,1.85,25000,45650,0.09,2
109/04/20,--,--,--,--,0,0,0.00,0
109/04/21,--,--,--,--,0,0,0.00,0
109/04/22,--,--,--,--,0,0,0.00,0
109/04/23,1.75,1.75,1.74,1.74,55000,95750,0.00,2
109/04/24,1.63,1.63,1.63,1.63,50000,81500,-0.11,3
109/04/27,--,--,--,--,0,0,0.00,0
109/04/28,1.92,1.92,1.92,1.92,5000,9600,0.00,1
109/04/29,2.19,2.19,2.19,2.19,4000,8760,0.27,1
109/04/30,2.29,2.63,2.29,2.63,115000,285840,0.44,11
109/05/04,2.32,2.38,2.32,2.37,110000,260040,-0.26,14
109/05/05,--,--,--,--,0,0,0.00,0
109/05/06,2.59,2.64,2.59,2.62,50000,130860,0.00,11
109/05/07,2.70,2.71,2.64,2.66,52000,140510,0.04,19
109/05/08,--,--,--,--,0,0,0.00,0
109/05/11,2.75,2.78,2.75,2.78,2000,5530,0.00,2
109/05/12,--,--,--,--,0,0,0.00,0
109/05/13,--,--,--,--,0,0,0.00,0
109/05/14,--,--,--,--,0,0,0.00,0
109/05/15,--,--,--,--,0,0,0.00,0
109/05/14,--,--,--,--,0,0,0.00,0
109/05/13,--,--,--,--,0,0,0.00,0
109/05/12,--,--,--,--,0,0,0.00,0
109/05/11,2.75,2.78,2.75,2.78,2000,5530,0.00,2
109/05/08,--,--,--,--,0,0,0.00,0
109/05/07,2.70,2.71,2.64,2.66,52000,140510,0.04,19
109/05/06,2.59,2.64,2.59,2.62,50000,130860,0.00,11
109/05/05,--,--,--,--,0,0,0.00,0
109/05/04,2.32,2.38,2.32,2.37,110000,260040,-0.26,14
109/04/30,2.29,2.63,2.29,2.63,115000,285840,0.44,11
109/04/29,2.19,2.19,2.19,2.19,4000,8760,0.27,1
109/04/28,1.92,1.92,1.92,1.92,5000,9600,0.00,1
109/04/27,--,--,--,--,0,0,0.00,0
