106/09/25,1.26,1.26,1.13,1.13,551000,634420,-0.14,26
106/09/26,1.18,1.24,1.18,1.21,772000,937840,0.08,34
106/09/27,1.26,1.39,1.23,1.35,789000,1036280,0.14,46
106/09/28,1.34,1.34,1.24,1.26,1353000,1725680,-0.09,46
106/09/29,1.22,1.25,1.18,1.21,862000,1041050,-0.05,22
106/09/30,1.27,1.29,1.26,1.27,378000,482170,0.06,15
106/10/02,1.27,1.27,1.21,1.26,211000,261800,-0.01,20
106/10/03,1.25,1.25,1.24,1.25,465000,580800,-0.01,11
106/10/05,1.25,1.25,1.23,1.25,90000,111250,0.00,5
106/10/06,1.23,1.23,1.21,1.22,87000,106440,-0.03,8
106/10/11,1.26,1.27,1.25,1.25,416000,526640,0.03,14
106/10/12,1.24,1.26,1.23,1.26,198000,247000,0.01,10
106/10/13,1.26,1.38,1.26,1.36,857000,1145370,0.10,36
106/10/16,1.34,1.45,1.33,1.41,1114000,1555910,0.05,52
106/10/17,1.39,1.39,1.28,1.30,1170000,1561890,-0.11,34
106/10/18,1.35,1.36,1.27,1.29,179000,236000,-0.01,14
106/10/19,1.30,1.35,1.30,1.31,259000,343970,0.02,17
106/10/20,1.30,1.31,1.29,1.30,130000,168920,-0.01,6
106/10/23,1.29,1.33,1.28,1.29,262000,339140,-0.01,12
106/10/24,1.24,1.24,1.16,1.17,315000,375660,-0.12,11
106/10/25,1.18,1.22,1.16,1.22,95000,112240,0.05,6
106/10/26,1.18,1.22,1.14,1.14,80000,94090,-0.08,10
106/10/27,1.14,1.14,1.10,1.10,199000,220480,-0.04,7
106/10/30,1.06,1.06,1.00,1.01,290000,296590,-0.09,10
106/10/31,1.00,1.02,0.97,1.02,70000,68700,0.01,4
106/11/01,1.01,1.04,0.98,1.02,80000,80400,0.00,8
106/11/02,1.04,1.14,1.04,1.12,472000,518180,0.10,15
106/11/03,1.03,1.06,1.03,1.06,119000,125270,-0.06,10
106/11/06,1.02,1.02,1.01,1.02,7000,7130,-0.04,3
106/11/07,0.97,1.09,0.97,1.05,390000,405810,0.03,20
106/11/08,1.06,1.06,0.95,0.95,440000,445990,-0.10,42
106/11/09,0.88,0.88,0.87,0.87,259000,227420,-0.08,5
106/11/10,0.89,0.90,0.86,0.86,181000,159860,-0.01,8
106/11/13,0.95,0.95,0.84,0.84,111000,93640,-0.02,4
106/11/14,0.82,0.84,0.82,0.83,204000,167720,-0.01,8
106/11/15,0.83,0.88,0.83,0.88,277000,235110,0.05,6
106/11/16,0.84,0.87,0.82,0.86,492000,415490,-0.02,12
106/11/17,0.85,0.85,0.82,0.85,292000,242780,-0.01,4
106/11/20,0.90,0.96,0.90,0.95,202000,188100,0.10,9
106/11/21,0.90,0.92,0.90,0.92,50000,45800,-0.03,2
106/11/22,0.93,0.93,0.93,0.93,9000,8370,0.01,1
106/11/23,0.89,0.89,0.89,0.89,9000,8010,-0.04,1
106/11/24,0.94,0.96,0.94,0.94,61000,57840,0.05,6
106/11/27,0.93,0.93,0.87,0.87,60000,52480,-0.07,5
106/11/28,0.89,0.89,0.89,0.89,5000,4450,0.02,1
106/11/29,0.86,0.86,0.86,0.86,5000,4300,-0.03,1
106/11/30,0.84,0.84,0.84,0.84,10000,8400,-0.02,1
106/12/01,0.74,0.74,0.74,0.74,100000,74000,-0.10,1
106/12/04,0.63,0.69,0.63,0.69,41000,25890,-0.05,2
106/12/05,0.64,0.64,0.54,0.54,185000,102900,-0.15,7
106/12/06,0.50,0.50,0.49,0.49,35000,17250,-0.05,3
106/12/07,0.36,0.36,0.36,0.36,120000,43200,-0.13,2
106/12/08,--,--,--,--,0,0,0.00,0
106/12/11,0.46,0.46,0.46,0.46,1000,460,0.00,1
106/12/12,0.49,0.51,0.49,0.51,155000,76050,0.05,3
106/12/13,0.51,0.53,0.51,0.53,231000,119430,0.02,7
106/12/14,0.60,0.60,0.57,0.57,101000,60570,0.04,3
106/12/15,0.54,0.54,0.54,0.54,100000,54000,-0.03,2
106/12/18,0.55,0.56,0.55,0.56,67000,37150,0.02,2
106/12/19,0.40,0.40,0.40,0.40,1000,400,-0.16,1
106/12/20,0.34,0.36,0.34,0.36,251000,86860,-0.04,3
106/12/21,0.31,0.31,0.31,0.31,110000,34100,-0.05,2
106/12/22,--,--,--,--,0,0,0.00,0
106/12/25,0.29,0.29,0.29,0.29,26000,7540,0.00,2
106/12/26,0.21,0.21,0.21,0.21,60000,12600,-0.08,1
106/12/27,0.19,0.19,0.19,0.19,20000,3800,-0.02,1
106/12/28,--,--,--,--,0,0,0.00,0
106/12/29,--,--,--,--,0,0,0.00,0
107/01/02,--,--,--,--,0,0,0.00,0
107/01/03,0.10,0.10,0.10,0.10,5000,500,0.00,1
109/03/06,--,--,--,--,0,0,0.00,0
109/03/09,1.70,1.72,1.66,1.66,30000,51060,0.00,3
109/03/10,1.47,1.56,1.46,1.56,31000,45400,-0.10,3
109/03/11,1.50,1.50,1.40,1.40,61000,87100,-0.16,4
109/03/12,1.20,1.20,0.94,0.94,240000,233400,-0.46,3
109/03/13,0.68,0.68,0.68,0.68,100000,68000,-0.26,1
109/03/16,--,--,--,--,0,0,0.00,0
109/03/17,--,--,--,--,0,0,0.00,0
109/03/18,0.30,0.30,0.30,0.30,300000,90000,0.00,1
109/03/19,--,--,--,--,0,0,0.00,0
109/03/20,--,--,--,--,0,0,0.00,0
109/03/23,--,--,--,--,0,0,0.00,0
109/03/24,--,--,--,--,0,0,0.00,0
109/03/25,--,--,--,--,0,0,0.00,0
109/03/26,--,--,--,--,0,0,0.00,0
109/03/27,--,--,--,--,0,0,0.00,0
109/03/30,--,--,--,--,0,0,0.00,0
109/03/31,0.65,0.65,0.65,0.65,100000,65000,0.00,1
109/04/01,--,--,--,--,0,0,0.00,0
109/04/06,1.50,1.54,1.50,1.54,25000,38380,0.00,5
109/04/07,1.84,1.96,1.80,1.87,200000,375210,0.33,30
109/04/08,1.77,1.93,1.77,1.93,316000,586290,0.06,35
109/04/09,2.02,2.03,1.86,1.86,134000,267970,-0.07,19
109/04/10,1.79,1.79,1.77,1.79,8000,14290,-0.07,6
109/04/13,1.70,1.81,1.70,1.81,28000,49290,0.02,14
109/04/14,1.75,1.83,1.74,1.77,119000,212720,-0.04,16
109/04/15,1.80,1.84,1.80,1.83,147000,268140,0.06,20
109/04/16,1.81,1.91,1.81,1.91,76000,140770,0.08,5
109/04/17,2.05,2.05,1.83,1.83,145000,274550,-0.08,12
109/04/20,1.82,1.82,1.77,1.77,32000,57400,-0.06,6
109/04/21,1.73,1.74,1.58,1.58,19000,30470,-0.19,4
109/04/22,1.46,1.60,1.46,1.60,119000,189270,0.02,7
109/04/23,1.63,1.63,1.59,1.59,85000,137440,-0.01,8
109/04/24,1.49,1.49,1.49,1.49,2000,2980,-0.10,1
109/04/27,--,--,--,--,0,0,0.00,0
109/04/28,1.64,1.64,1.61,1.61,5000,8170,0.00,2
109/04/29,1.62,1.69,1.62,1.69,2000,3310,0.08,2
109/04/30,1.74,1.94,1.74,1.94,51000,95990,0.25,8
109/05/04,1.75,1.79,1.75,1.79,76000,133930,-0.15,13
109/05/05,1.76,1.76,1.76,1.76,30000,52800,-0.03,1
109/05/06,--,--,--,--,0,0,0.00,0
109/05/07,1.87,1.87,1.87,1.87,1000,1870,0.00,1
109/05/08,1.93,2.02,1.93,1.97,93000,184260,0.10,9
109/05/11,1.96,2.15,1.96,2.13,106000,219420,0.16,11
109/05/12,2.15,2.16,2.05,2.05,118000,250150,-0.08,11
109/05/13,2.02,2.13,1.93,2.10,144000,300650,0.05,8
109/05/14,2.00,2.08,1.99,2.00,173000,353870,-0.10,10
109/05/15,2.02,2.02,1.98,1.98,40000,80100,-0.02,3
109/05/14,2.00,2.08,1.99,2.00,173000,353870,-0.10,10
109/05/13,2.02,2.13,1.93,2.10,144000,300650,0.05,8
109/05/12,2.15,2.16,2.05,2.05,118000,250150,-0.08,11
109/05/11,1.96,2.15,1.96,2.13,106000,219420,0.16,11
109/05/08,1.93,2.02,1.93,1.97,93000,184260,0.10,9
109/05/07,1.87,1.87,1.87,1.87,1000,1870,0.00,1
109/05/06,--,--,--,--,0,0,0.00,0
109/05/05,1.76,1.76,1.76,1.76,30000,52800,-0.03,1
109/05/04,1.75,1.79,1.75,1.79,76000,133930,-0.15,13
109/04/30,1.74,1.94,1.74,1.94,51000,95990,0.25,8
109/04/29,1.62,1.69,1.62,1.69,2000,3310,0.08,2
109/04/28,1.64,1.64,1.61,1.61,5000,8170,0.00,2
109/04/27,--,--,--,--,0,0,0.00,0
