106/09/25,1.44,1.44,1.44,1.44,50000,72000,-0.12,1
106/09/26,--,--,--,--,0,0,0.00,0
106/09/27,--,--,--,--,0,0,0.00,0
106/09/28,--,--,--,--,0,0,0.00,0
106/09/29,1.65,1.65,1.65,1.65,10000,16500,0.00,1
106/09/30,--,--,--,--,0,0,0.00,0
106/10/02,1.65,1.65,1.65,1.65,10000,16500,0.00,1
106/10/03,--,--,--,--,0,0,0.00,0
106/10/05,1.37,1.37,1.37,1.37,29000,39730,0.00,3
106/10/06,1.39,1.39,1.39,1.39,20000,27800,0.02,1
106/10/11,--,--,--,--,0,0,0.00,0
106/10/12,--,--,--,--,0,0,0.00,0
106/10/13,--,--,--,--,0,0,0.00,0
106/10/16,--,--,--,--,0,0,0.00,0
106/10/17,--,--,--,--,0,0,0.00,0
106/10/18,--,--,--,--,0,0,0.00,0
106/10/19,--,--,--,--,0,0,0.00,0
106/10/20,--,--,--,--,0,0,0.00,0
106/10/23,1.94,1.94,1.94,1.94,10000,19400,0.00,1
106/10/24,--,--,--,--,0,0,0.00,0
106/10/25,--,--,--,--,0,0,0.00,0
106/10/26,1.80,1.80,1.80,1.80,1000,1800,0.00,1
106/10/27,1.89,1.89,1.89,1.89,1000,1890,0.09,1
106/10/30,--,--,--,--,0,0,0.00,0
106/10/31,--,--,--,--,0,0,0.00,0
106/11/01,--,--,--,--,0,0,0.00,0
106/11/02,1.92,1.92,1.92,1.92,2000,3840,0.00,1
109/03/09,0.74,0.74,0.74,0.74,136000,100640,-0.44,3
109/03/10,0.75,0.75,0.75,0.75,136000,102000,0.01,2
109/03/11,--,--,--,--,0,0,0.00,0
109/03/12,0.35,0.35,0.35,0.35,40000,14000,0.00,2
109/03/13,0.15,0.24,0.15,0.21,451000,75640,-0.14,15
109/03/16,0.19,0.20,0.19,0.20,21000,4100,-0.01,2
109/03/17,0.15,0.19,0.15,0.19,40000,7200,-0.01,2
109/03/18,0.14,0.14,0.14,0.14,10000,1400,-0.05,1
109/03/19,--,--,--,--,0,0,0.00,0
109/03/20,--,--,--,--,0,0,0.00,0
109/03/23,--,--,--,--,0,0,0.00,0
109/03/24,--,--,--,--,0,0,0.00,0
109/03/25,--,--,--,--,0,0,0.00,0
109/03/26,0.14,0.14,0.14,0.14,40000,5600,0.00,1
109/03/27,0.23,0.23,0.21,0.21,220000,50300,0.07,3
109/03/30,--,--,--,--,0,0,0.00,0
109/03/31,--,--,--,--,0,0,0.00,0
109/04/01,--,--,--,--,0,0,0.00,0
109/04/06,--,--,--,--,0,0,0.00,0
109/04/07,0.35,0.35,0.35,0.35,50000,17500,0.00,1
109/04/08,--,--,--,--,0,0,0.00,0
109/04/09,--,--,--,--,0,0,0.00,0
109/04/10,--,--,--,--,0,0,0.00,0
109/04/13,--,--,--,--,0,0,0.00,0
109/04/14,--,--,--,--,0,0,0.00,0
109/04/15,--,--,--,--,0,0,0.00,0
109/04/16,--,--,--,--,0,0,0.00,0
109/04/17,--,--,--,--,0,0,0.00,0
109/04/20,--,--,--,--,0,0,0.00,0
109/04/21,--,--,--,--,0,0,0.00,0
109/04/22,--,--,--,--,0,0,0.00,0
109/04/23,--,--,--,--,0,0,0.00,0
109/04/24,--,--,--,--,0,0,0.00,0
109/04/27,--,--,--,--,0,0,0.00,0
109/04/28,--,--,--,--,0,0,0.00,0
109/04/29,--,--,--,--,0,0,0.00,0
109/04/30,0.66,0.66,0.66,0.66,10000,6600,0.00,2
109/05/04,0.48,0.50,0.48,0.50,45000,22280,-0.16,8
109/05/05,0.53,0.53,0.53,0.53,10000,5300,0.03,1
109/05/06,--,--,--,--,0,0,0.00,0
109/05/07,0.44,0.44,0.44,0.44,5000,2200,0.00,1
109/05/08,0.53,0.53,0.53,0.53,5000,2650,0.09,1
109/05/11,0.58,0.59,0.58,0.59,30000,17550,0.06,4
109/05/12,--,--,--,--,0,0,0.00,0
109/05/13,0.56,0.56,0.56,0.56,10000,5600,0.00,1
109/05/14,0.49,0.49,0.49,0.49,10000,4900,-0.07,1
109/05/15,--,--,--,--,0,0,0.00,0
109/05/14,0.49,0.49,0.49,0.49,10000,4900,-0.07,1
109/05/13,0.56,0.56,0.56,0.56,10000,5600,0.00,1
109/05/12,--,--,--,--,0,0,0.00,0
109/05/11,0.58,0.59,0.58,0.59,30000,17550,0.06,4
109/05/08,0.53,0.53,0.53,0.53,5000,2650,0.09,1
109/05/07,0.44,0.44,0.44,0.44,5000,2200,0.00,1
109/05/06,--,--,--,--,0,0,0.00,0
109/05/05,0.53,0.53,0.53,0.53,10000,5300,0.03,1
109/05/04,0.48,0.50,0.48,0.50,45000,22280,-0.16,8
109/04/30,0.66,0.66,0.66,0.66,10000,6600,0.00,2
109/04/29,--,--,--,--,0,0,0.00,0
109/04/28,--,--,--,--,0,0,0.00,0
109/04/27,--,--,--,--,0,0,0.00,0
