106/09/25,--,--,--,--,0,0,0.00,0
106/09/26,--,--,--,--,0,0,0.00,0
106/09/27,--,--,--,--,0,0,0.00,0
106/09/28,--,--,--,--,0,0,0.00,0
106/09/29,--,--,--,--,0,0,0.00,0
106/09/30,--,--,--,--,0,0,0.00,0
106/10/02,--,--,--,--,0,0,0.00,0
106/10/03,--,--,--,--,0,0,0.00,0
106/10/05,--,--,--,--,0,0,0.00,0
106/10/06,--,--,--,--,0,0,0.00,0
106/10/11,--,--,--,--,0,0,0.00,0
106/10/12,--,--,--,--,0,0,0.00,0
106/10/13,--,--,--,--,0,0,0.00,0
106/10/16,--,--,--,--,0,0,0.00,0
106/10/17,--,--,--,--,0,0,0.00,0
106/10/18,--,--,--,--,0,0,0.00,0
106/10/19,--,--,--,--,0,0,0.00,0
106/10/20,4.00,4.00,4.00,4.00,10000,40000,0.00,1
106/10/23,4.22,4.22,4.22,4.22,10000,42200,0.22,1
106/10/24,--,--,--,--,0,0,0.00,0
106/10/25,--,--,--,--,0,0,0.00,0
106/10/26,--,--,--,--,0,0,0.00,0
106/10/27,--,--,--,--,0,0,0.00,0
106/10/30,--,--,--,--,0,0,0.00,0
106/10/31,--,--,--,--,0,0,0.00,0
106/11/01,--,--,--,--,0,0,0.00,0
106/11/02,--,--,--,--,0,0,0.00,0
106/11/03,--,--,--,--,0,0,0.00,0
106/11/06,--,--,--,--,0,0,0.00,0
106/11/07,--,--,--,--,0,0,0.00,0
106/11/08,--,--,--,--,0,0,0.00,0
106/11/09,--,--,--,--,0,0,0.00,0
106/11/10,--,--,--,--,0,0,0.00,0
106/11/13,--,--,--,--,0,0,0.00,0
106/11/14,--,--,--,--,0,0,0.00,0
106/11/15,--,--,--,--,0,0,0.00,0
106/11/16,--,--,--,--,0,0,0.00,0
106/11/17,--,--,--,--,0,0,0.00,0
106/11/20,--,--,--,--,0,0,0.00,0
106/11/21,--,--,--,--,0,0,0.00,0
106/11/22,--,--,--,--,0,0,0.00,0
106/11/23,--,--,--,--,0,0,0.00,0
106/11/24,--,--,--,--,0,0,0.00,0
106/11/27,--,--,--,--,0,0,0.00,0
106/11/28,--,--,--,--,0,0,0.00,0
106/11/29,--,--,--,--,0,0,0.00,0
106/11/30,--,--,--,--,0,0,0.00,0
106/12/01,--,--,--,--,0,0,0.00,0
106/12/04,--,--,--,--,0,0,0.00,0
106/12/05,--,--,--,--,0,0,0.00,0
106/12/06,--,--,--,--,0,0,0.00,0
106/12/07,--,--,--,--,0,0,0.00,0
106/12/08,--,--,--,--,0,0,0.00,0
106/12/11,--,--,--,--,0,0,0.00,0
106/12/12,--,--,--,--,0,0,0.00,0
106/12/13,--,--,--,--,0,0,0.00,0
106/12/14,--,--,--,--,0,0,0.00,0
106/12/15,--,--,--,--,0,0,0.00,0
106/12/18,--,--,--,--,0,0,0.00,0
106/12/19,--,--,--,--,0,0,0.00,0
106/12/20,--,--,--,--,0,0,0.00,0
106/12/21,--,--,--,--,0,0,0.00,0
106/12/22,--,--,--,--,0,0,0.00,0
106/12/25,--,--,--,--,0,0,0.00,0
106/12/26,--,--,--,--,0,0,0.00,0
106/12/27,--,--,--,--,0,0,0.00,0
106/12/28,--,--,--,--,0,0,0.00,0
106/12/29,--,--,--,--,0,0,0.00,0
107/01/02,--,--,--,--,0,0,0.00,0
107/01/03,--,--,--,--,0,0,0.00,0
107/01/04,--,--,--,--,0,0,0.00,0
109/03/09,--,--,--,--,0,0,0.00,0
109/03/10,--,--,--,--,0,0,0.00,0
109/03/11,--,--,--,--,0,0,0.00,0
109/03/12,0.79,0.79,0.79,0.79,40000,31600,0.00,1
109/03/13,0.45,0.59,0.45,0.59,174000,92620,-0.20,3
109/03/16,0.57,0.58,0.49,0.51,233000,121460,-0.08,9
109/03/17,0.30,0.45,0.30,0.42,379000,157280,-0.09,15
109/03/18,0.35,0.36,0.31,0.34,345000,110810,-0.08,39
109/03/19,0.22,0.22,0.18,0.18,80000,15600,-0.16,4
109/03/20,0.24,0.24,0.24,0.24,30000,7200,0.06,2
109/03/23,--,--,--,--,0,0,0.00,0
109/03/24,--,--,--,--,0,0,0.00,0
109/03/25,0.35,0.46,0.35,0.46,58000,25300,0.00,4
109/03/26,0.60,0.66,0.60,0.66,35000,22200,0.20,3
109/03/27,0.70,0.72,0.70,0.72,20000,14200,0.06,2
109/03/30,0.57,0.61,0.56,0.56,30000,17400,-0.16,3
109/03/31,0.60,0.96,0.60,0.96,30000,25200,0.40,2
109/04/01,--,--,--,--,0,0,0.00,0
109/04/06,--,--,--,--,0,0,0.00,0
109/04/07,1.09,1.09,1.03,1.04,880000,928300,0.00,88
109/04/08,--,--,--,--,0,0,0.00,0
109/04/09,0.95,0.95,0.95,0.95,8000,7600,0.00,1
109/04/10,--,--,--,--,0,0,0.00,0
109/04/13,--,--,--,--,0,0,0.00,0
109/04/14,--,--,--,--,0,0,0.00,0
109/04/15,--,--,--,--,0,0,0.00,0
109/04/16,--,--,--,--,0,0,0.00,0
109/04/17,--,--,--,--,0,0,0.00,0
109/04/20,--,--,--,--,0,0,0.00,0
109/04/21,1.32,1.32,1.32,1.32,8000,10560,0.00,1
109/04/22,--,--,--,--,0,0,0.00,0
109/04/23,--,--,--,--,0,0,0.00,0
109/04/24,--,--,--,--,0,0,0.00,0
109/04/27,--,--,--,--,0,0,0.00,0
109/04/28,--,--,--,--,0,0,0.00,0
109/04/29,1.59,1.59,1.59,1.59,5000,7950,0.00,1
109/04/30,1.83,1.83,1.83,1.83,5000,9150,0.24,1
109/05/04,1.59,1.65,1.54,1.54,60000,95800,-0.29,6
109/05/05,1.53,1.53,1.39,1.39,25000,36150,-0.15,2
109/05/06,--,--,--,--,0,0,0.00,0
109/05/07,1.64,1.64,1.64,1.64,50000,82000,0.00,1
109/05/08,--,--,--,--,0,0,0.00,0
109/05/11,--,--,--,--,0,0,0.00,0
109/05/12,--,--,--,--,0,0,0.00,0
109/05/13,--,--,--,--,0,0,0.00,0
109/05/14,--,--,--,--,0,0,0.00,0
109/05/15,--,--,--,--,0,0,0.00,0
109/05/14,--,--,--,--,0,0,0.00,0
109/05/13,--,--,--,--,0,0,0.00,0
109/05/12,--,--,--,--,0,0,0.00,0
109/05/11,--,--,--,--,0,0,0.00,0
109/05/08,--,--,--,--,0,0,0.00,0
109/05/07,1.64,1.64,1.64,1.64,50000,82000,0.00,1
109/05/06,--,--,--,--,0,0,0.00,0
109/05/05,1.53,1.53,1.39,1.39,25000,36150,-0.15,2
109/05/04,1.59,1.65,1.54,1.54,60000,95800,-0.29,6
109/04/30,1.83,1.83,1.83,1.83,5000,9150,0.24,1
109/04/29,1.59,1.59,1.59,1.59,5000,7950,0.00,1
109/04/28,--,--,--,--,0,0,0.00,0
109/04/27,--,--,--,--,0,0,0.00,0
