106/09/25,--,--,--,--,0,0,0.00,0
106/09/26,--,--,--,--,0,0,0.00,0
106/09/27,--,--,--,--,0,0,0.00,0
106/09/28,3.67,3.85,3.64,3.64,35000,133610,0.00,4
106/09/29,3.44,3.44,3.43,3.43,30000,103100,-0.21,2
106/09/30,3.65,3.65,3.65,3.65,2000,7300,0.22,1
106/10/02,3.87,3.88,3.87,3.88,4000,15500,0.23,2
106/10/03,4.07,4.07,4.07,4.07,15000,61050,0.19,1
109/03/09,0.88,0.94,0.88,0.94,40000,35800,-0.60,2
109/03/10,0.89,0.95,0.89,0.95,70000,64200,0.01,3
109/03/11,0.92,0.92,0.92,0.92,30000,27600,-0.03,1
109/03/12,--,--,--,--,0,0,0.00,0
109/03/13,--,--,--,--,0,0,0.00,0
109/03/16,--,--,--,--,0,0,0.00,0
109/03/17,--,--,--,--,0,0,0.00,0
109/03/18,--,--,--,--,0,0,0.00,0
109/03/19,--,--,--,--,0,0,0.00,0
109/03/20,--,--,--,--,0,0,0.00,0
109/03/23,--,--,--,--,0,0,0.00,0
109/03/24,--,--,--,--,0,0,0.00,0
109/03/25,0.95,0.95,0.85,0.85,11000,9450,0.00,2
109/03/26,--,--,--,--,0,0,0.00,0
109/03/27,--,--,--,--,0,0,0.00,0
109/03/30,1.20,1.20,1.20,1.20,1000,1200,0.00,1
109/03/31,--,--,--,--,0,0,0.00,0
109/04/01,--,--,--,--,0,0,0.00,0
109/04/06,--,--,--,--,0,0,0.00,0
109/04/07,--,--,--,--,0,0,0.00,0
109/04/08,1.36,1.36,1.36,1.36,10000,13600,0.00,1
109/04/09,--,--,--,--,0,0,0.00,0
109/04/10,--,--,--,--,0,0,0.00,0
109/04/13,--,--,--,--,0,0,0.00,0
109/04/14,--,--,--,--,0,0,0.00,0
109/04/15,--,--,--,--,0,0,0.00,0
109/04/16,--,--,--,--,0,0,0.00,0
109/04/17,1.50,1.50,1.50,1.50,10000,15000,0.00,1
109/04/20,--,--,--,--,0,0,0.00,0
109/04/21,--,--,--,--,0,0,0.00,0
109/04/22,1.28,1.28,1.28,1.28,3000,3840,0.00,1
109/04/23,--,--,--,--,0,0,0.00,0
109/04/24,--,--,--,--,0,0,0.00,0
109/04/27,1.40,1.43,1.40,1.43,37000,52370,0.00,3
109/04/28,1.56,1.56,1.45,1.54,88000,135930,0.11,5
109/04/29,1.78,1.78,1.74,1.77,82000,145140,0.23,6
109/04/30,1.92,1.98,1.92,1.98,133000,260440,0.21,7
109/05/04,1.88,1.88,1.86,1.86,68000,127740,-0.12,2
109/05/05,1.85,1.85,1.85,1.85,15000,27750,-0.01,1
109/05/06,1.92,1.92,1.92,1.92,10000,19200,0.07,1
109/05/07,--,--,--,--,0,0,0.00,0
109/05/08,1.99,1.99,1.99,1.99,30000,59700,0.00,2
109/05/11,1.97,1.97,1.97,1.97,25000,49250,-0.02,1
109/05/12,1.92,1.92,1.92,1.92,5000,9600,-0.05,1
109/05/13,1.95,2.00,1.95,2.00,270000,534550,0.08,5
109/05/14,1.97,1.97,1.90,1.90,289000,554830,-0.10,4
109/05/15,1.90,1.94,1.84,1.84,31000,59640,-0.06,3
109/05/14,1.97,1.97,1.90,1.90,289000,554830,-0.10,4
109/05/13,1.95,2.00,1.95,2.00,270000,534550,0.08,5
109/05/12,1.92,1.92,1.92,1.92,5000,9600,-0.05,1
109/05/11,1.97,1.97,1.97,1.97,25000,49250,-0.02,1
109/05/08,1.99,1.99,1.99,1.99,30000,59700,0.00,2
109/05/07,--,--,--,--,0,0,0.00,0
109/05/06,1.92,1.92,1.92,1.92,10000,19200,0.07,1
109/05/05,1.85,1.85,1.85,1.85,15000,27750,-0.01,1
109/05/04,1.88,1.88,1.86,1.86,68000,127740,-0.12,2
109/04/30,1.92,1.98,1.92,1.98,133000,260440,0.21,7
109/04/29,1.78,1.78,1.74,1.77,82000,145140,0.23,6
109/04/28,1.56,1.56,1.45,1.54,88000,135930,0.11,5
109/04/27,1.40,1.43,1.40,1.43,37000,52370,0.00,3
