106/09/25,15.00,15.00,15.00,15.00,10000,150000,0.00,1
106/09/26,--,--,--,--,0,0,0.00,0
106/09/27,--,--,--,--,0,0,0.00,0
106/09/28,--,--,--,--,0,0,0.00,0
106/09/29,--,--,--,--,0,0,0.00,0
106/09/30,17.70,17.70,17.70,17.70,1000,17700,0.00,1
106/10/02,17.80,17.80,17.80,17.80,1000,17800,0.10,1
106/10/03,--,--,--,--,0,0,0.00,0
106/10/05,--,--,--,--,0,0,0.00,0
109/03/10,--,--,--,--,0,0,0.00,0
109/03/11,1.22,1.22,1.08,1.08,105000,127580,0.00,3
109/03/12,1.01,1.01,0.86,0.86,110000,108000,-0.22,7
109/03/13,--,--,--,--,0,0,0.00,0
109/03/16,0.52,0.52,0.52,0.52,13000,6760,0.00,2
109/03/17,0.36,0.38,0.31,0.31,293000,106100,-0.21,32
109/03/18,0.29,0.29,0.16,0.16,290000,61100,-0.15,14
109/03/19,--,--,--,--,0,0,0.00,0
109/03/20,0.18,0.20,0.18,0.18,101000,19230,0.00,16
109/03/23,0.12,0.12,0.12,0.12,10000,1200,-0.06,1
109/03/24,--,--,--,--,0,0,0.00,0
109/03/25,0.26,0.38,0.26,0.27,172000,50740,0.00,13
109/03/26,0.30,0.30,0.30,0.30,1000,300,0.03,1
109/03/27,0.35,0.37,0.31,0.31,160000,53060,0.01,18
109/03/30,0.20,0.31,0.20,0.25,52000,12600,-0.06,6
109/03/31,0.19,0.19,0.19,0.19,20000,3800,-0.06,1
109/04/01,0.28,0.28,0.18,0.18,3000,640,-0.01,2
109/04/06,0.16,0.16,0.16,0.16,151000,24160,-0.02,1
109/04/07,0.24,0.24,0.19,0.19,297000,56770,0.03,4
109/04/08,0.23,0.23,0.23,0.23,100000,23000,0.04,1
109/04/09,0.43,0.50,0.38,0.50,44000,19120,0.27,7
109/04/10,0.39,0.49,0.39,0.40,14000,5620,-0.10,4
109/04/13,0.47,0.47,0.47,0.47,3000,1410,0.07,1
109/04/14,0.47,0.47,0.45,0.45,14000,6500,-0.02,2
109/04/15,0.49,0.52,0.49,0.52,33000,16860,0.07,5
109/04/16,0.45,0.45,0.45,0.45,5000,2250,-0.07,2
109/04/17,0.45,0.45,0.43,0.43,21000,9070,-0.02,2
109/04/20,--,--,--,--,0,0,0.00,0
109/04/21,--,--,--,--,0,0,0.00,0
109/04/22,--,--,--,--,0,0,0.00,0
109/04/23,--,--,--,--,0,0,0.00,0
109/04/24,--,--,--,--,0,0,0.00,0
109/04/27,1.05,1.05,1.05,1.05,3000,3150,0.00,2
109/04/28,--,--,--,--,0,0,0.00,0
109/04/29,1.42,1.71,1.42,1.58,345000,567200,0.00,16
109/04/30,1.84,1.84,1.68,1.73,338000,577570,0.15,15
109/05/04,1.34,1.52,1.34,1.51,57000,84380,-0.22,7
109/05/05,1.42,1.47,1.42,1.47,29000,42580,-0.04,3
109/05/06,1.34,1.35,1.34,1.35,25000,33700,-0.12,3
109/05/07,1.30,1.39,1.30,1.39,131000,181010,0.04,5
109/05/08,1.41,1.41,1.38,1.38,131000,181500,-0.01,7
109/05/11,1.42,1.53,1.42,1.51,513000,741200,0.13,10
109/05/12,1.47,1.47,1.38,1.40,114000,161290,-0.11,11
109/05/13,1.39,1.41,1.38,1.41,504000,708520,0.01,3
109/05/14,1.36,1.36,1.36,1.36,104000,141440,-0.05,4
109/05/15,--,--,--,--,0,0,0.00,0
109/05/14,1.36,1.36,1.36,1.36,104000,141440,-0.05,4
109/05/13,1.39,1.41,1.38,1.41,504000,708520,0.01,3
109/05/12,1.47,1.47,1.38,1.40,114000,161290,-0.11,11
109/05/11,1.42,1.53,1.42,1.51,513000,741200,0.13,10
109/05/08,1.41,1.41,1.38,1.38,131000,181500,-0.01,7
109/05/07,1.30,1.39,1.30,1.39,131000,181010,0.04,5
109/05/06,1.34,1.35,1.34,1.35,25000,33700,-0.12,3
109/05/05,1.42,1.47,1.42,1.47,29000,42580,-0.04,3
109/05/04,1.34,1.52,1.34,1.51,57000,84380,-0.22,7
109/04/30,1.84,1.84,1.68,1.73,338000,577570,0.15,15
109/04/29,1.42,1.71,1.42,1.58,345000,567200,0.00,16
109/04/28,--,--,--,--,0,0,0.00,0
109/04/27,1.05,1.05,1.05,1.05,3000,3150,0.00,2
