106/09/25,--,--,--,--,0,0,0.00,0
106/09/26,--,--,--,--,0,0,0.00,0
106/09/27,--,--,--,--,0,0,0.00,0
106/09/28,--,--,--,--,0,0,0.00,0
106/09/29,--,--,--,--,0,0,0.00,0
106/09/30,--,--,--,--,0,0,0.00,0
106/10/02,--,--,--,--,0,0,0.00,0
106/10/03,--,--,--,--,0,0,0.00,0
106/10/05,--,--,--,--,0,0,0.00,0
106/10/06,--,--,--,--,0,0,0.00,0
106/10/11,2.35,2.36,2.35,2.36,11000,25950,0.00,2
106/10/12,--,--,--,--,0,0,0.00,0
106/10/13,--,--,--,--,0,0,0.00,0
106/10/16,2.50,2.50,2.50,2.50,10000,25000,0.00,1
106/10/17,--,--,--,--,0,0,0.00,0
106/10/18,--,--,--,--,0,0,0.00,0
106/10/19,--,--,--,--,0,0,0.00,0
106/10/20,--,--,--,--,0,0,0.00,0
106/10/23,--,--,--,--,0,0,0.00,0
106/10/24,--,--,--,--,0,0,0.00,0
106/10/25,2.77,2.77,2.77,2.77,10000,27700,0.00,1
106/10/26,2.69,2.69,2.69,2.69,10000,26900,-0.08,1
106/10/27,--,--,--,--,0,0,0.00,0
106/10/30,--,--,--,--,0,0,0.00,0
106/10/31,--,--,--,--,0,0,0.00,0
106/11/01,--,--,--,--,0,0,0.00,0
106/11/02,--,--,--,--,0,0,0.00,0
106/11/03,--,--,--,--,0,0,0.00,0
106/11/06,--,--,--,--,0,0,0.00,0
106/11/07,--,--,--,--,0,0,0.00,0
109/03/10,--,--,--,--,0,0,0.00,0
109/03/11,--,--,--,--,0,0,0.00,0
109/03/12,--,--,--,--,0,0,0.00,0
109/03/13,--,--,--,--,0,0,0.00,0
109/03/16,--,--,--,--,0,0,0.00,0
109/03/17,--,--,--,--,0,0,0.00,0
109/03/18,--,--,--,--,0,0,0.00,0
109/03/19,--,--,--,--,0,0,0.00,0
109/03/20,--,--,--,--,0,0,0.00,0
109/03/23,--,--,--,--,0,0,0.00,0
109/03/24,--,--,--,--,0,0,0.00,0
109/03/25,--,--,--,--,0,0,0.00,0
109/03/26,--,--,--,--,0,0,0.00,0
109/03/27,--,--,--,--,0,0,0.00,0
109/03/30,--,--,--,--,0,0,0.00,0
109/03/31,--,--,--,--,0,0,0.00,0
109/04/01,--,--,--,--,0,0,0.00,0
109/04/06,1.45,1.45,1.45,1.45,12000,17400,0.00,5
109/04/07,1.56,1.56,1.50,1.51,21000,32010,0.06,14
109/04/08,1.55,1.78,1.55,1.78,50000,82820,0.27,26
109/04/09,1.83,1.83,1.79,1.79,79000,142880,0.01,14
109/04/10,1.68,1.68,1.68,1.68,48000,80640,-0.11,1
109/04/13,--,--,--,--,0,0,0.00,0
109/04/14,--,--,--,--,0,0,0.00,0
109/04/15,1.75,1.75,1.75,1.75,31000,54250,0.00,1
109/04/16,1.67,1.72,1.67,1.72,32000,54990,-0.03,2
109/04/17,1.77,1.77,1.77,1.77,1000,1770,0.05,1
109/04/20,--,--,--,--,0,0,0.00,0
109/04/21,--,--,--,--,0,0,0.00,0
109/04/22,--,--,--,--,0,0,0.00,0
109/04/23,--,--,--,--,0,0,0.00,0
109/04/24,--,--,--,--,0,0,0.00,0
109/04/27,--,--,--,--,0,0,0.00,0
109/04/28,1.04,1.04,0.98,0.98,456000,468460,0.00,43
109/04/29,0.98,1.00,0.96,0.98,460000,450990,0.00,40
109/04/30,1.02,1.02,1.01,1.02,230000,233530,0.04,14
109/05/04,0.89,0.89,0.89,0.89,10000,8900,-0.13,1
109/05/05,--,--,--,--,0,0,0.00,0
109/05/06,0.88,0.88,0.88,0.88,42000,36960,0.00,2
109/05/07,--,--,--,--,0,0,0.00,0
109/05/08,--,--,--,--,0,0,0.00,0
109/05/11,1.01,1.15,1.01,1.15,101000,113610,0.00,4
109/05/12,1.07,1.07,1.06,1.07,80000,85500,-0.08,6
109/05/13,--,--,--,--,0,0,0.00,0
109/05/14,--,--,--,--,0,0,0.00,0
109/05/15,1.01,1.01,0.98,0.98,16000,15930,0.00,3
109/05/14,--,--,--,--,0,0,0.00,0
109/05/13,--,--,--,--,0,0,0.00,0
109/05/12,1.07,1.07,1.06,1.07,80000,85500,-0.08,6
109/05/11,1.01,1.15,1.01,1.15,101000,113610,0.00,4
109/05/08,--,--,--,--,0,0,0.00,0
109/05/07,--,--,--,--,0,0,0.00,0
109/05/06,0.88,0.88,0.88,0.88,42000,36960,0.00,2
109/05/05,--,--,--,--,0,0,0.00,0
109/05/04,0.89,0.89,0.89,0.89,10000,8900,-0.13,1
109/04/30,1.02,1.02,1.01,1.02,230000,233530,0.04,14
109/04/29,0.98,1.00,0.96,0.98,460000,450990,0.00,40
109/04/28,1.04,1.04,0.98,0.98,456000,468460,0.00,43
109/04/27,--,--,--,--,0,0,0.00,0
