106/09/25,--,--,--,--,0,0,0.00,0
106/09/26,0.02,0.02,0.02,0.02,28000,560,0.00,1
106/09/27,--,--,--,--,0,0,0.00,0
106/09/28,--,--,--,--,0,0,0.00,0
106/09/29,--,--,--,--,0,0,0.00,0
106/09/30,--,--,--,--,0,0,0.00,0
106/10/02,--,--,--,--,0,0,0.00,0
106/10/03,--,--,--,--,0,0,0.00,0
106/10/05,--,--,--,--,0,0,0.00,0
106/10/06,--,--,--,--,0,0,0.00,0
106/10/11,--,--,--,--,0,0,0.00,0
106/10/12,--,--,--,--,0,0,0.00,0
106/10/13,--,--,--,--,0,0,0.00,0
106/10/16,--,--,--,--,0,0,0.00,0
106/10/17,--,--,--,--,0,0,0.00,0
106/10/18,--,--,--,--,0,0,0.00,0
106/10/19,--,--,--,--,0,0,0.00,0
106/10/20,--,--,--,--,0,0,0.00,0
106/10/23,--,--,--,--,0,0,0.00,0
106/10/24,--,--,--,--,0,0,0.00,0
106/10/25,--,--,--,--,0,0,0.00,0
106/10/26,--,--,--,--,0,0,0.00,0
106/10/27,--,--,--,--,0,0,0.00,0
106/10/30,--,--,--,--,0,0,0.00,0
106/10/31,--,--,--,--,0,0,0.00,0
106/11/01,--,--,--,--,0,0,0.00,0
106/11/02,--,--,--,--,0,0,0.00,0
106/11/03,--,--,--,--,0,0,0.00,0
106/11/06,--,--,--,--,0,0,0.00,0
106/11/07,--,--,--,--,0,0,0.00,0
106/11/08,--,--,--,--,0,0,0.00,0
109/03/13,--,--,--,--,0,0,0.00,0
109/03/16,--,--,--,--,0,0,0.00,0
109/03/17,--,--,--,--,0,0,0.00,0
109/03/18,1.33,1.33,1.33,1.33,6000,7980,0.00,2
109/03/19,0.88,0.99,0.83,0.83,26000,23070,-0.50,7
109/03/20,1.29,1.29,1.28,1.28,8000,10270,0.45,3
109/03/23,1.31,1.33,1.29,1.31,60000,78700,0.03,6
109/03/24,1.45,1.45,1.38,1.38,12000,16750,0.07,3
109/03/25,1.43,1.43,1.38,1.39,325000,459130,0.01,9
109/03/26,1.38,1.59,1.26,1.59,35000,44670,0.20,4
109/03/27,--,--,--,--,0,0,0.00,0
109/03/30,--,--,--,--,0,0,0.00,0
109/03/31,1.50,1.50,1.50,1.50,2000,3000,0.00,1
109/04/01,1.48,1.48,1.48,1.48,4000,5920,-0.02,1
109/04/06,1.85,1.98,1.71,1.98,71000,128870,0.50,6
109/04/07,2.10,2.10,2.10,2.10,2000,4200,0.12,1
109/04/08,2.10,2.10,2.10,2.10,21000,44100,0.00,2
109/04/09,--,--,--,--,0,0,0.00,0
109/04/10,2.37,2.37,2.37,2.37,10000,23700,0.00,1
109/04/13,2.98,2.98,2.98,2.98,10000,29800,0.61,1
109/04/14,--,--,--,--,0,0,0.00,0
109/04/15,--,--,--,--,0,0,0.00,0
109/04/16,2.20,2.20,2.20,2.20,10000,22000,0.00,1
109/04/17,--,--,--,--,0,0,0.00,0
109/04/20,--,--,--,--,0,0,0.00,0
109/04/21,--,--,--,--,0,0,0.00,0
109/04/22,1.46,1.51,1.09,1.09,525000,742800,0.00,32
109/04/23,1.31,1.56,1.31,1.56,41000,60810,0.47,5
109/04/24,--,--,--,--,0,0,0.00,0
109/04/27,1.50,1.56,1.50,1.56,8000,12360,0.00,2
109/04/28,1.28,1.50,1.28,1.50,14000,20340,-0.06,4
109/04/29,--,--,--,--,0,0,0.00,0
109/04/30,1.99,2.30,1.98,2.30,92000,188550,0.00,9
109/05/04,2.25,2.25,2.25,2.25,5000,11250,-0.05,1
109/05/05,2.60,2.60,2.58,2.58,10000,25900,0.33,2
109/05/06,2.69,2.75,2.56,2.65,28000,74650,0.07,5
109/05/07,2.65,2.65,2.65,2.65,5000,13250,0.00,1
109/05/08,--,--,--,--,0,0,0.00,0
109/05/11,2.60,2.65,2.60,2.65,10000,26250,0.00,3
109/05/12,--,--,--,--,0,0,0.00,0
109/05/13,--,--,--,--,0,0,0.00,0
109/05/14,--,--,--,--,0,0,0.00,0
109/05/15,--,--,--,--,0,0,0.00,0
109/05/14,--,--,--,--,0,0,0.00,0
109/05/13,--,--,--,--,0,0,0.00,0
109/05/12,--,--,--,--,0,0,0.00,0
109/05/11,2.60,2.65,2.60,2.65,10000,26250,0.00,3
109/05/08,--,--,--,--,0,0,0.00,0
109/05/07,2.65,2.65,2.65,2.65,5000,13250,0.00,1
109/05/06,2.69,2.75,2.56,2.65,28000,74650,0.07,5
109/05/05,2.60,2.60,2.58,2.58,10000,25900,0.33,2
109/05/04,2.25,2.25,2.25,2.25,5000,11250,-0.05,1
109/04/30,1.99,2.30,1.98,2.30,92000,188550,0.00,9
109/04/29,--,--,--,--,0,0,0.00,0
109/04/28,1.28,1.50,1.28,1.50,14000,20340,-0.06,4
109/04/27,1.50,1.56,1.50,1.56,8000,12360,0.00,2
