106/09/25,0.92,0.92,0.92,0.92,10000,9200,0.00,1
106/09/26,1.25,1.25,1.25,1.25,10000,12500,0.33,1
106/09/27,1.49,1.49,1.49,1.49,1000,1490,0.24,1
106/09/28,--,--,--,--,0,0,0.00,0
106/09/29,2.00,2.00,2.00,2.00,10000,20000,0.00,1
106/09/30,1.66,1.66,1.66,1.66,10000,16600,-0.34,1
106/10/02,--,--,--,--,0,0,0.00,0
106/10/03,--,--,--,--,0,0,0.00,0
106/10/05,--,--,--,--,0,0,0.00,0
109/03/13,2.02,2.17,2.02,2.15,100000,208810,-1.01,17
109/03/16,2.68,2.70,2.19,2.21,193000,463790,0.06,39
109/03/17,2.09,2.33,2.09,2.12,67000,146340,-0.09,12
109/03/18,2.04,2.04,2.04,2.04,10000,20400,-0.08,1
109/03/19,1.79,1.79,1.46,1.53,56000,94340,-0.51,3
109/03/20,1.73,2.01,1.73,1.98,22000,41380,0.45,4
109/03/23,--,--,--,--,0,0,0.00,0
109/03/24,1.93,1.93,1.92,1.92,30000,57700,0.00,2
109/03/25,--,--,--,--,0,0,0.00,0
109/03/26,--,--,--,--,0,0,0.00,0
109/03/27,3.40,3.40,3.11,3.11,320000,1061150,0.00,18
109/03/30,2.92,2.92,2.92,2.92,18000,52560,-0.19,1
109/03/31,--,--,--,--,0,0,0.00,0
109/04/01,3.06,3.06,3.04,3.06,5000,15240,0.00,4
109/04/06,2.98,3.02,2.91,3.02,57000,169820,-0.04,24
109/04/07,3.33,3.33,3.15,3.21,66000,214540,0.19,24
109/04/08,3.31,4.01,3.31,4.01,94000,349560,0.80,67
109/04/09,4.10,4.10,1.09,3.86,70000,270990,-0.15,33
109/04/10,3.62,3.62,3.62,3.62,13000,47060,-0.24,2
109/04/13,3.60,3.60,3.60,3.60,30000,108000,-0.02,1
109/04/14,3.62,3.72,3.62,3.72,7000,25700,0.12,5
109/04/15,3.83,3.87,3.66,3.66,42000,155110,-0.06,8
109/04/16,3.72,3.72,3.70,3.70,5000,18560,0.04,2
109/04/17,3.99,4.06,3.91,3.95,47000,188600,0.25,19
109/04/20,4.10,4.10,3.95,3.95,47000,192200,0.00,4
109/04/21,3.81,3.81,3.71,3.71,48000,179980,-0.24,2
109/04/22,3.33,3.33,3.33,3.33,10000,33300,-0.38,1
109/04/23,3.55,3.55,3.53,3.53,4000,14180,0.20,4
109/04/24,3.48,3.48,3.42,3.44,94000,322320,-0.09,4
109/04/27,3.62,3.62,3.62,3.62,30000,108600,0.18,1
109/04/28,--,--,--,--,0,0,0.00,0
109/04/29,3.70,3.81,3.70,3.81,264000,979430,0.00,12
109/04/30,3.87,3.96,3.83,3.96,80000,309950,0.15,6
109/05/04,3.48,3.52,3.48,3.52,25000,87600,-0.44,2
109/05/05,--,--,--,--,0,0,0.00,0
109/05/06,--,--,--,--,0,0,0.00,0
109/05/07,--,--,--,--,0,0,0.00,0
109/05/08,--,--,--,--,0,0,0.00,0
109/05/11,4.18,4.30,4.16,4.23,84000,354840,0.00,8
109/05/12,3.97,4.06,3.90,3.90,115000,456140,-0.33,7
109/05/13,4.01,4.12,4.01,4.12,42000,170030,0.22,4
109/05/14,4.12,4.12,4.12,4.12,11000,45320,0.00,2
109/05/15,--,--,--,--,0,0,0.00,0
109/05/14,4.12,4.12,4.12,4.12,11000,45320,0.00,2
109/05/13,4.01,4.12,4.01,4.12,42000,170030,0.22,4
109/05/12,3.97,4.06,3.90,3.90,115000,456140,-0.33,7
109/05/11,4.18,4.30,4.16,4.23,84000,354840,0.00,8
109/05/08,--,--,--,--,0,0,0.00,0
109/05/07,--,--,--,--,0,0,0.00,0
109/05/06,--,--,--,--,0,0,0.00,0
109/05/05,--,--,--,--,0,0,0.00,0
109/05/04,3.48,3.52,3.48,3.52,25000,87600,-0.44,2
109/04/30,3.87,3.96,3.83,3.96,80000,309950,0.15,6
109/04/29,3.70,3.81,3.70,3.81,264000,979430,0.00,12
109/04/28,--,--,--,--,0,0,0.00,0
109/04/27,3.62,3.62,3.62,3.62,30000,108600,0.18,1
