106/09/25,3.68,3.68,3.68,3.68,10000,36800,0.00,1
106/09/26,3.83,3.83,3.83,3.83,12000,45960,0.15,2
106/09/27,3.64,3.64,3.64,3.64,20000,72800,-0.19,2
106/09/28,3.68,3.68,3.56,3.57,32000,115240,-0.07,4
106/09/29,3.67,3.67,3.45,3.46,23000,82030,-0.11,4
106/09/30,3.44,3.53,3.42,3.53,30000,103900,0.07,3
106/10/02,3.74,4.13,3.71,3.99,40000,155700,0.46,4
106/10/03,4.06,4.17,4.06,4.17,20000,82300,0.18,2
106/10/05,4.40,4.40,4.40,4.40,12000,52800,0.23,3
106/10/06,4.39,4.39,4.39,4.39,10000,43900,-0.01,1
106/10/11,4.78,4.78,4.78,4.78,1000,4780,0.39,1
106/10/12,--,--,--,--,0,0,0.00,0
106/10/13,--,--,--,--,0,0,0.00,0
106/10/16,--,--,--,--,0,0,0.00,0
106/10/17,--,--,--,--,0,0,0.00,0
106/10/18,--,--,--,--,0,0,0.00,0
106/10/19,--,--,--,--,0,0,0.00,0
106/10/20,--,--,--,--,0,0,0.00,0
106/10/23,--,--,--,--,0,0,0.00,0
106/10/24,--,--,--,--,0,0,0.00,0
106/10/25,--,--,--,--,0,0,0.00,0
106/10/26,--,--,--,--,0,0,0.00,0
106/10/27,--,--,--,--,0,0,0.00,0
106/10/30,--,--,--,--,0,0,0.00,0
106/10/31,--,--,--,--,0,0,0.00,0
106/11/01,--,--,--,--,0,0,0.00,0
106/11/02,--,--,--,--,0,0,0.00,0
106/11/03,--,--,--,--,0,0,0.00,0
106/11/06,--,--,--,--,0,0,0.00,0
106/11/07,6.00,6.00,6.00,6.00,1000,6000,0.00,1
106/11/08,--,--,--,--,0,0,0.00,0
106/11/09,--,--,--,--,0,0,0.00,0
106/11/10,--,--,--,--,0,0,0.00,0
106/11/13,--,--,--,--,0,0,0.00,0
106/11/14,--,--,--,--,0,0,0.00,0
106/11/15,--,--,--,--,0,0,0.00,0
106/11/16,--,--,--,--,0,0,0.00,0
106/11/17,--,--,--,--,0,0,0.00,0
106/11/20,--,--,--,--,0,0,0.00,0
106/11/21,--,--,--,--,0,0,0.00,0
106/11/22,--,--,--,--,0,0,0.00,0
106/11/23,--,--,--,--,0,0,0.00,0
106/11/24,--,--,--,--,0,0,0.00,0
106/11/27,--,--,--,--,0,0,0.00,0
106/11/28,--,--,--,--,0,0,0.00,0
106/11/29,7.45,7.45,7.45,7.45,1000,7450,0.00,1
106/11/30,--,--,--,--,0,0,0.00,0
106/12/01,7.20,7.20,7.20,7.20,1000,7200,0.00,1
106/12/04,--,--,--,--,0,0,0.00,0
106/12/05,--,--,--,--,0,0,0.00,0
106/12/06,--,--,--,--,0,0,0.00,0
106/12/07,--,--,--,--,0,0,0.00,0
106/12/08,--,--,--,--,0,0,0.00,0
109/03/16,--,--,--,--,0,0,0.00,0
109/03/17,--,--,--,--,0,0,0.00,0
109/03/18,--,--,--,--,0,0,0.00,0
109/03/19,--,--,--,--,0,0,0.00,0
109/03/20,1.13,1.28,1.13,1.17,172000,205690,0.00,10
109/03/23,0.89,0.95,0.89,0.95,72000,67800,-0.22,7
109/03/24,1.02,1.02,0.98,0.98,20000,20000,0.03,2
109/03/25,1.30,1.50,1.30,1.49,178000,247050,0.51,13
109/03/26,1.54,1.58,1.37,1.58,310000,473340,0.09,17
109/03/27,1.88,2.16,1.88,2.12,38000,77000,0.54,7
109/03/30,1.89,1.89,1.85,1.89,11000,20630,-0.23,5
109/03/31,2.65,2.65,2.65,2.65,1000,2650,0.76,1
109/04/01,--,--,--,--,0,0,0.00,0
109/04/06,3.06,3.06,3.06,3.06,1000,3060,0.00,1
109/04/07,--,--,--,--,0,0,0.00,0
109/04/08,--,--,--,--,0,0,0.00,0
109/04/09,2.70,2.70,2.60,2.60,21000,56600,0.00,2
109/04/10,2.48,2.48,2.44,2.44,21000,52040,-0.16,2
109/04/13,2.48,2.48,2.48,2.48,10000,24800,0.04,1
109/04/14,2.74,2.92,2.72,2.90,215000,606360,0.42,57
109/04/15,2.98,3.14,2.82,3.14,228000,663820,0.24,39
109/04/16,2.98,3.02,2.98,3.02,23000,69180,-0.12,9
109/04/17,3.30,3.31,2.92,2.92,45000,137600,-0.10,6
109/04/20,2.87,3.15,2.87,3.15,109000,328750,0.23,16
109/04/21,3.05,3.15,2.89,2.89,95000,293190,-0.26,13
109/04/22,2.50,2.50,2.50,2.50,11000,27500,-0.39,2
109/04/23,2.66,2.66,2.66,2.66,3000,7980,0.16,1
109/04/24,2.60,2.60,2.60,2.60,3000,7800,-0.06,1
109/04/27,--,--,--,--,0,0,0.00,0
109/04/28,2.53,2.53,2.53,2.53,20000,50600,0.00,1
109/04/29,2.51,2.51,2.51,2.51,20000,50200,-0.02,1
109/04/30,2.45,2.46,2.45,2.46,2000,4910,-0.05,2
109/05/04,2.29,2.40,2.29,2.40,3000,6980,-0.06,2
109/05/05,--,--,--,--,0,0,0.00,0
109/05/06,2.10,2.10,2.08,2.08,25000,52100,0.00,2
109/05/07,2.11,2.15,2.11,2.15,56000,118360,0.07,4
109/05/08,2.31,2.42,2.29,2.39,182000,430410,0.24,11
109/05/11,2.39,2.57,2.37,2.53,164000,408340,0.14,22
109/05/12,2.61,3.13,2.61,3.13,137000,401200,0.60,18
109/05/13,3.10,4.04,3.10,4.04,86000,308550,0.91,22
109/05/14,3.91,4.14,3.78,4.00,82000,331950,-0.04,18
109/05/15,4.41,4.75,4.32,4.61,318000,1454640,0.61,31
109/05/14,3.91,4.14,3.78,4.00,82000,331950,-0.04,18
109/05/13,3.10,4.04,3.10,4.04,86000,308550,0.91,22
109/05/12,2.61,3.13,2.61,3.13,137000,401200,0.60,18
109/05/11,2.39,2.57,2.37,2.53,164000,408340,0.14,22
109/05/08,2.31,2.42,2.29,2.39,182000,430410,0.24,11
109/05/07,2.11,2.15,2.11,2.15,56000,118360,0.07,4
109/05/06,2.10,2.10,2.08,2.08,25000,52100,0.00,2
109/05/05,--,--,--,--,0,0,0.00,0
109/05/04,2.29,2.40,2.29,2.40,3000,6980,-0.06,2
109/04/30,2.45,2.46,2.45,2.46,2000,4910,-0.05,2
109/04/29,2.51,2.51,2.51,2.51,20000,50200,-0.02,1
109/04/28,2.53,2.53,2.53,2.53,20000,50600,0.00,1
109/04/27,--,--,--,--,0,0,0.00,0
