106/09/25,0.16,0.17,0.15,0.15,300000,47600,-0.08,30
106/09/26,--,--,--,--,0,0,0.00,0
106/09/27,--,--,--,--,0,0,0.00,0
106/09/28,--,--,--,--,0,0,0.00,0
106/09/29,0.02,0.11,0.02,0.11,589000,11870,0.00,10
106/09/30,0.05,0.08,0.04,0.05,482000,23250,-0.06,11
106/10/02,0.05,0.28,0.05,0.25,787000,180100,0.20,48
106/10/03,0.14,0.14,0.14,0.14,100000,14000,-0.11,2
106/10/05,0.16,0.19,0.16,0.19,200000,35000,0.05,7
106/10/06,0.33,0.48,0.33,0.47,275000,114000,0.28,7
106/10/11,0.45,0.45,0.27,0.27,30000,9900,-0.20,3
106/10/12,--,--,--,--,0,0,0.00,0
106/10/13,--,--,--,--,0,0,0.00,0
106/10/16,--,--,--,--,0,0,0.00,0
106/10/17,--,--,--,--,0,0,0.00,0
106/10/18,--,--,--,--,0,0,0.00,0
106/10/19,0.03,0.03,0.03,0.03,10000,300,0.00,1
106/10/20,--,--,--,--,0,0,0.00,0
106/10/23,--,--,--,--,0,0,0.00,0
106/10/24,--,--,--,--,0,0,0.00,0
106/10/25,--,--,--,--,0,0,0.00,0
106/10/26,--,--,--,--,0,0,0.00,0
106/10/27,--,--,--,--,0,0,0.00,0
106/10/30,--,--,--,--,0,0,0.00,0
106/10/31,0.09,0.16,0.09,0.09,150000,20700,0.00,6
106/11/01,0.14,0.14,0.12,0.12,50000,6800,0.03,2
106/11/02,--,--,--,--,0,0,0.00,0
106/11/03,0.09,0.09,0.09,0.09,413000,37170,0.00,2
106/11/06,--,--,--,--,0,0,0.00,0
106/11/07,--,--,--,--,0,0,0.00,0
106/11/08,0.12,0.12,0.12,0.12,15000,1800,0.00,2
106/11/09,0.03,0.03,0.03,0.03,60000,1800,-0.09,1
109/03/17,1.61,1.61,1.40,1.42,25000,35970,0.20,4
109/03/18,1.40,1.44,1.24,1.24,43000,59880,-0.18,9
109/03/19,0.91,0.98,0.69,0.69,256000,218930,-0.55,17
109/03/20,0.92,1.21,0.90,1.19,589000,596270,0.50,35
109/03/23,1.00,1.00,1.00,1.00,15000,15000,-0.19,4
109/03/24,1.24,1.30,1.22,1.25,1003000,1249670,0.25,33
109/03/25,1.52,1.62,1.42,1.50,1056000,1606210,0.25,14
109/03/26,1.49,1.59,1.47,1.57,156000,242540,0.07,6
109/03/27,1.78,1.78,1.48,1.48,40000,67310,-0.09,8
109/03/30,1.27,1.35,1.27,1.35,15000,19320,-0.13,4
109/03/31,1.36,1.52,1.36,1.43,179000,253170,0.08,20
109/04/01,1.43,1.46,1.43,1.46,128000,186120,0.03,11
109/04/06,1.52,1.64,1.50,1.62,312000,500810,0.16,7
109/04/07,1.79,1.82,1.79,1.82,27000,49080,0.20,2
109/04/08,1.96,1.96,1.96,1.96,100000,196000,0.14,1
109/04/09,--,--,--,--,0,0,0.00,0
109/04/10,--,--,--,--,0,0,0.00,0
109/04/13,--,--,--,--,0,0,0.00,0
109/04/14,2.01,2.08,2.01,2.08,301000,619570,0.00,5
109/04/15,2.09,2.13,2.09,2.13,200000,422000,0.05,3
109/04/16,2.07,2.07,2.07,2.07,10000,20700,-0.06,1
109/04/17,2.37,2.52,2.37,2.52,21000,51320,0.45,3
109/04/20,--,--,--,--,0,0,0.00,0
109/04/21,2.25,2.26,1.97,1.97,23000,49590,0.00,4
109/04/22,1.89,1.98,1.89,1.96,73000,141520,-0.01,6
109/04/23,2.09,2.14,1.97,2.09,78000,162420,0.13,7
109/04/24,--,--,--,--,0,0,0.00,0
109/04/27,2.27,2.27,2.27,2.27,2000,4540,0.00,1
109/04/28,2.22,2.28,2.22,2.28,4000,9060,0.01,2
109/04/29,2.42,2.42,2.38,2.38,27000,64860,0.10,5
109/04/30,2.44,2.45,2.44,2.45,23000,56190,0.07,2
109/05/04,2.19,2.19,2.19,2.19,10000,21900,-0.26,1
109/05/05,--,--,--,--,0,0,0.00,0
109/05/06,2.29,2.29,2.29,2.29,10000,22900,0.00,1
109/05/07,2.34,2.47,2.34,2.47,24000,57460,0.18,3
109/05/08,2.51,2.51,2.51,2.51,4000,10040,0.04,1
109/05/11,2.62,2.64,2.62,2.63,210000,552300,0.12,3
109/05/12,2.44,2.44,2.38,2.43,240000,583710,-0.20,6
109/05/13,2.38,2.48,2.34,2.48,38000,91040,0.05,4
109/05/14,2.37,2.37,2.24,2.24,37000,85230,-0.24,3
109/05/15,2.39,2.39,2.22,2.22,37000,85290,-0.02,3
109/05/14,2.37,2.37,2.24,2.24,37000,85230,-0.24,3
109/05/13,2.38,2.48,2.34,2.48,38000,91040,0.05,4
109/05/12,2.44,2.44,2.38,2.43,240000,583710,-0.20,6
109/05/11,2.62,2.64,2.62,2.63,210000,552300,0.12,3
109/05/08,2.51,2.51,2.51,2.51,4000,10040,0.04,1
109/05/07,2.34,2.47,2.34,2.47,24000,57460,0.18,3
109/05/06,2.29,2.29,2.29,2.29,10000,22900,0.00,1
109/05/05,--,--,--,--,0,0,0.00,0
109/05/04,2.19,2.19,2.19,2.19,10000,21900,-0.26,1
109/04/30,2.44,2.45,2.44,2.45,23000,56190,0.07,2
109/04/29,2.42,2.42,2.38,2.38,27000,64860,0.10,5
109/04/28,2.22,2.28,2.22,2.28,4000,9060,0.01,2
109/04/27,2.27,2.27,2.27,2.27,2000,4540,0.00,1
