106/09/25,--,--,--,--,0,0,0.00,0
106/09/26,--,--,--,--,0,0,0.00,0
106/09/27,--,--,--,--,0,0,0.00,0
106/09/28,--,--,--,--,0,0,0.00,0
106/09/29,--,--,--,--,0,0,0.00,0
106/09/30,--,--,--,--,0,0,0.00,0
106/10/02,--,--,--,--,0,0,0.00,0
106/10/03,--,--,--,--,0,0,0.00,0
106/10/05,--,--,--,--,0,0,0.00,0
106/10/06,--,--,--,--,0,0,0.00,0
106/10/11,--,--,--,--,0,0,0.00,0
106/10/12,--,--,--,--,0,0,0.00,0
106/10/13,--,--,--,--,0,0,0.00,0
109/03/18,3.82,3.82,3.39,3.39,104000,382120,-0.43,8
109/03/19,2.87,2.92,2.35,2.62,519000,1375230,-0.77,33
109/03/20,3.00,3.63,3.00,3.59,232000,755830,0.97,14
109/03/23,2.69,3.15,2.69,3.14,134000,402660,-0.45,11
109/03/24,3.64,3.87,3.64,3.67,45000,170600,0.53,4
109/03/25,4.38,4.44,4.19,4.19,195000,841450,0.52,8
109/03/26,4.37,4.37,4.37,4.37,50000,218500,0.18,1
109/03/27,4.76,4.76,4.30,4.30,61000,266400,-0.07,3
109/03/30,3.64,3.64,3.63,3.63,55000,200150,-0.67,2
109/03/31,--,--,--,--,0,0,0.00,0
109/04/01,--,--,--,--,0,0,0.00,0
109/04/06,4.25,4.28,4.19,4.19,23000,97690,0.00,4
109/04/07,4.57,4.57,4.57,4.57,20000,91400,0.38,1
109/04/08,4.84,4.91,4.84,4.87,16000,78000,0.30,4
109/04/09,--,--,--,--,0,0,0.00,0
109/04/10,--,--,--,--,0,0,0.00,0
109/04/13,4.73,4.73,4.73,4.73,2000,9460,0.00,1
109/04/14,4.83,4.83,4.83,4.83,30000,144900,0.10,1
109/04/15,5.40,5.40,5.40,5.40,30000,162000,0.57,1
109/04/16,--,--,--,--,0,0,0.00,0
109/04/17,6.00,6.15,6.00,6.15,12000,72300,0.00,2
109/04/20,5.90,5.90,5.90,5.90,2000,11800,-0.25,1
109/04/21,5.25,5.25,5.15,5.15,4000,20900,-0.75,2
109/04/22,4.84,5.05,4.84,5.05,24000,120990,-0.10,2
109/04/23,5.35,5.50,5.10,5.10,46000,247450,0.05,5
109/04/24,--,--,--,--,0,0,0.00,0
109/04/27,5.40,5.55,5.40,5.55,94000,512850,0.00,6
109/04/28,5.60,5.60,5.60,5.60,60000,336000,0.05,3
109/04/29,5.90,5.90,5.90,5.90,24000,141600,0.30,1
109/04/30,6.30,6.40,6.30,6.40,10000,63500,0.50,2
109/05/04,5.75,5.75,5.75,5.75,1000,5750,-0.65,1
109/05/05,5.95,5.95,5.95,5.95,1000,5950,0.20,1
109/05/06,--,--,--,--,0,0,0.00,0
109/05/07,--,--,--,--,0,0,0.00,0
109/05/08,6.10,6.10,6.10,6.10,6000,36600,0.00,1
109/05/11,6.30,6.35,6.30,6.35,76000,482450,0.25,4
109/05/12,6.00,6.00,6.00,6.00,5000,30000,-0.35,1
109/05/13,--,--,--,--,0,0,0.00,0
109/05/14,5.65,5.65,5.65,5.65,58000,327700,0.00,1
109/05/15,5.90,5.90,5.90,5.90,2000,11800,0.25,1
109/05/14,5.65,5.65,5.65,5.65,58000,327700,0.00,1
109/05/13,--,--,--,--,0,0,0.00,0
109/05/12,6.00,6.00,6.00,6.00,5000,30000,-0.35,1
109/05/11,6.30,6.35,6.30,6.35,76000,482450,0.25,4
109/05/08,6.10,6.10,6.10,6.10,6000,36600,0.00,1
109/05/07,--,--,--,--,0,0,0.00,0
109/05/06,--,--,--,--,0,0,0.00,0
109/05/05,5.95,5.95,5.95,5.95,1000,5950,0.20,1
109/05/04,5.75,5.75,5.75,5.75,1000,5750,-0.65,1
109/04/30,6.30,6.40,6.30,6.40,10000,63500,0.50,2
109/04/29,5.90,5.90,5.90,5.90,24000,141600,0.30,1
109/04/28,5.60,5.60,5.60,5.60,60000,336000,0.05,3
109/04/27,5.40,5.55,5.40,5.55,94000,512850,0.00,6
