106/09/25,--,--,--,--,0,0,0.00,0
106/09/26,--,--,--,--,0,0,0.00,0
106/09/27,--,--,--,--,0,0,0.00,0
106/09/28,--,--,--,--,0,0,0.00,0
106/09/29,--,--,--,--,0,0,0.00,0
106/09/30,--,--,--,--,0,0,0.00,0
106/10/02,--,--,--,--,0,0,0.00,0
106/10/03,--,--,--,--,0,0,0.00,0
106/10/05,--,--,--,--,0,0,0.00,0
106/10/06,--,--,--,--,0,0,0.00,0
106/10/11,--,--,--,--,0,0,0.00,0
106/10/12,--,--,--,--,0,0,0.00,0
106/10/13,--,--,--,--,0,0,0.00,0
106/10/16,--,--,--,--,0,0,0.00,0
106/10/17,--,--,--,--,0,0,0.00,0
106/10/18,--,--,--,--,0,0,0.00,0
106/10/19,--,--,--,--,0,0,0.00,0
106/10/20,4.42,4.42,4.42,4.42,3000,13260,0.00,1
106/10/23,--,--,--,--,0,0,0.00,0
106/10/24,--,--,--,--,0,0,0.00,0
106/10/25,--,--,--,--,0,0,0.00,0
106/10/26,--,--,--,--,0,0,0.00,0
106/10/27,--,--,--,--,0,0,0.00,0
106/10/30,--,--,--,--,0,0,0.00,0
106/10/31,--,--,--,--,0,0,0.00,0
106/11/01,--,--,--,--,0,0,0.00,0
106/11/02,--,--,--,--,0,0,0.00,0
106/11/03,--,--,--,--,0,0,0.00,0
106/11/06,--,--,--,--,0,0,0.00,0
106/11/07,--,--,--,--,0,0,0.00,0
106/11/08,--,--,--,--,0,0,0.00,0
106/11/09,--,--,--,--,0,0,0.00,0
106/11/10,--,--,--,--,0,0,0.00,0
106/11/13,--,--,--,--,0,0,0.00,0
106/11/14,--,--,--,--,0,0,0.00,0
106/11/15,--,--,--,--,0,0,0.00,0
106/11/16,--,--,--,--,0,0,0.00,0
106/11/17,--,--,--,--,0,0,0.00,0
106/11/20,--,--,--,--,0,0,0.00,0
106/11/21,--,--,--,--,0,0,0.00,0
106/11/22,--,--,--,--,0,0,0.00,0
106/11/23,--,--,--,--,0,0,0.00,0
106/11/24,--,--,--,--,0,0,0.00,0
106/11/27,--,--,--,--,0,0,0.00,0
106/11/28,--,--,--,--,0,0,0.00,0
106/11/29,--,--,--,--,0,0,0.00,0
106/11/30,--,--,--,--,0,0,0.00,0
109/03/27,1.51,1.51,1.51,1.51,5000,7550,0.46,3
109/03/30,1.41,1.46,1.39,1.46,72000,101720,-0.05,26
109/03/31,1.46,1.46,1.45,1.45,98000,142470,-0.01,27
109/04/01,1.44,1.45,1.43,1.44,35000,50600,-0.01,9
109/04/06,1.41,1.45,1.39,1.45,162000,229940,0.01,19
109/04/07,1.53,1.53,0.85,1.49,166000,248960,0.04,23
109/04/08,1.53,1.75,1.53,1.74,607000,1029410,0.25,56
109/04/09,1.76,1.77,1.66,1.67,848000,1477660,-0.07,46
109/04/10,1.64,1.64,1.63,1.63,323000,527390,-0.04,8
109/04/13,1.59,1.61,1.59,1.60,368000,588500,-0.03,4
109/04/14,1.61,1.64,1.60,1.63,198000,320470,0.03,6
109/04/15,1.67,1.70,1.64,1.64,344000,575930,0.01,17
109/04/16,1.62,1.68,1.62,1.67,81000,133660,0.03,10
109/04/17,1.73,1.77,1.72,1.76,107000,186740,0.09,10
109/04/20,1.77,1.77,1.71,1.73,130000,226990,-0.03,17
109/04/21,--,--,--,--,0,0,0.00,0
109/04/22,--,--,--,--,0,0,0.00,0
109/04/23,--,--,--,--,0,0,0.00,0
109/04/24,--,--,--,--,0,0,0.00,0
109/04/27,1.64,1.64,1.64,1.64,91000,149240,0.00,2
109/04/28,1.65,1.65,1.65,1.65,91000,150150,0.01,2
109/04/29,1.67,1.68,1.67,1.68,86000,144420,0.03,4
109/04/30,1.71,1.71,1.70,1.71,181000,308710,0.03,12
109/05/04,1.60,1.60,1.60,1.60,35000,56000,-0.11,1
109/05/05,--,--,--,--,0,0,0.00,0
109/05/06,--,--,--,--,0,0,0.00,0
109/05/07,1.60,1.62,1.60,1.62,265000,424620,0.00,4
109/05/08,1.67,1.69,1.66,1.66,342000,574870,0.04,7
109/05/11,1.73,1.84,1.73,1.84,415000,741950,0.18,19
109/05/12,1.77,1.77,1.70,1.71,338000,589100,-0.13,74
109/05/13,1.80,1.80,1.80,1.80,28000,50400,0.09,1
109/05/14,1.79,1.79,1.79,1.79,28000,50120,-0.01,1
109/05/15,1.73,1.73,1.73,1.73,10000,17300,-0.06,1
109/05/14,1.79,1.79,1.79,1.79,28000,50120,-0.01,1
109/05/13,1.80,1.80,1.80,1.80,28000,50400,0.09,1
109/05/12,1.77,1.77,1.70,1.71,338000,589100,-0.13,74
109/05/11,1.73,1.84,1.73,1.84,415000,741950,0.18,19
109/05/08,1.67,1.69,1.66,1.66,342000,574870,0.04,7
109/05/07,1.60,1.62,1.60,1.62,265000,424620,0.00,4
109/05/06,--,--,--,--,0,0,0.00,0
109/05/05,--,--,--,--,0,0,0.00,0
109/05/04,1.60,1.60,1.60,1.60,35000,56000,-0.11,1
109/04/30,1.71,1.71,1.70,1.71,181000,308710,0.03,12
109/04/29,1.67,1.68,1.67,1.68,86000,144420,0.03,4
109/04/28,1.65,1.65,1.65,1.65,91000,150150,0.01,2
109/04/27,1.64,1.64,1.64,1.64,91000,149240,0.00,2
