106/09/25,--,--,--,--,0,0,0.00,0
106/09/26,0.69,0.69,0.69,0.69,5000,3450,0.00,2
106/09/27,0.66,0.68,0.63,0.68,80000,51400,-0.01,5
106/09/28,--,--,--,--,0,0,0.00,0
106/09/29,--,--,--,--,0,0,0.00,0
106/09/30,0.69,0.71,0.69,0.71,20000,14000,0.00,2
106/10/02,0.74,0.84,0.74,0.84,66000,51460,0.13,5
106/10/03,0.98,1.02,0.94,0.98,179000,177590,0.14,10
106/10/05,0.87,0.91,0.87,0.91,243000,218240,-0.07,7
106/10/06,0.91,0.91,0.86,0.86,139000,123670,-0.05,5
106/10/11,0.84,0.84,0.84,0.84,10000,8400,-0.02,1
106/10/12,0.80,0.82,0.78,0.82,30000,23950,-0.02,4
106/10/13,0.82,0.85,0.82,0.85,15000,12600,0.03,2
106/10/16,0.92,0.95,0.91,0.95,94000,86280,0.10,4
106/10/17,0.97,0.97,0.85,0.85,124000,108000,-0.10,4
106/10/18,0.83,0.92,0.81,0.92,403000,351800,0.07,13
106/10/19,0.84,0.84,0.80,0.80,112000,89680,-0.12,3
106/10/20,0.67,0.70,0.67,0.70,113000,76010,-0.10,4
106/10/23,0.78,0.78,0.77,0.77,220000,170000,0.07,2
106/10/24,0.71,0.75,0.64,0.64,156000,108970,-0.13,4
106/10/25,0.65,0.66,0.55,0.55,95000,59900,-0.09,10
106/10/26,0.52,0.57,0.52,0.56,140000,79500,0.01,4
106/10/27,0.56,0.57,0.55,0.55,45000,25080,-0.01,8
106/10/30,0.52,0.52,0.51,0.51,50000,25700,-0.04,2
106/10/31,0.57,0.63,0.57,0.60,190000,111730,0.09,16
106/11/01,0.60,0.60,0.56,0.57,172000,99540,-0.03,10
106/11/02,0.57,0.58,0.56,0.57,144000,82020,0.00,7
106/11/03,0.59,0.59,0.53,0.54,220000,120800,-0.03,5
106/11/06,0.56,0.56,0.56,0.56,100000,56000,0.02,1
106/11/07,0.56,0.56,0.54,0.54,15000,8240,-0.02,3
106/11/08,--,--,--,--,0,0,0.00,0
106/11/09,0.58,0.58,0.52,0.53,103000,59580,0.00,3
106/11/10,0.50,0.55,0.50,0.54,120000,60900,0.01,3
106/11/13,0.46,0.46,0.40,0.42,105000,44500,-0.12,3
106/11/14,0.37,0.37,0.36,0.36,123000,44310,-0.06,2
106/11/15,0.28,0.28,0.28,0.28,50000,14000,-0.08,1
106/11/16,--,--,--,--,0,0,0.00,0
106/11/17,0.25,0.25,0.20,0.20,145000,31250,0.00,2
106/11/20,--,--,--,--,0,0,0.00,0
106/11/21,--,--,--,--,0,0,0.00,0
106/11/22,--,--,--,--,0,0,0.00,0
106/11/23,--,--,--,--,0,0,0.00,0
106/11/24,0.20,0.20,0.20,0.20,10000,2000,0.00,1
106/11/27,--,--,--,--,0,0,0.00,0
106/11/28,0.18,0.18,0.18,0.18,10000,1800,0.00,1
106/11/29,--,--,--,--,0,0,0.00,0
106/11/30,--,--,--,--,0,0,0.00,0
106/12/01,--,--,--,--,0,0,0.00,0
106/12/04,--,--,--,--,0,0,0.00,0
106/12/05,--,--,--,--,0,0,0.00,0
106/12/06,--,--,--,--,0,0,0.00,0
106/12/07,--,--,--,--,0,0,0.00,0
106/12/08,--,--,--,--,0,0,0.00,0
106/12/11,--,--,--,--,0,0,0.00,0
106/12/12,--,--,--,--,0,0,0.00,0
106/12/13,--,--,--,--,0,0,0.00,0
106/12/14,--,--,--,--,0,0,0.00,0
106/12/15,--,--,--,--,0,0,0.00,0
106/12/18,--,--,--,--,0,0,0.00,0
106/12/19,--,--,--,--,0,0,0.00,0
106/12/20,--,--,--,--,0,0,0.00,0
106/12/21,--,--,--,--,0,0,0.00,0
106/12/22,--,--,--,--,0,0,0.00,0
106/12/25,--,--,--,--,0,0,0.00,0
106/12/26,--,--,--,--,0,0,0.00,0
106/12/27,--,--,--,--,0,0,0.00,0
106/12/28,--,--,--,--,0,0,0.00,0
109/03/27,1.38,1.38,1.34,1.34,33000,44310,0.39,3
109/03/30,1.16,1.27,1.16,1.27,109000,133550,-0.07,9
109/03/31,1.33,1.33,1.28,1.28,86000,113420,0.01,7
109/04/01,1.29,1.29,1.29,1.29,3000,3870,0.01,2
109/04/06,1.34,1.36,1.31,1.36,214000,290480,0.07,5
109/04/07,1.44,1.46,1.44,1.44,23000,33340,0.08,4
109/04/08,1.48,1.59,1.48,1.59,236000,352990,0.15,3
109/04/09,1.64,1.64,1.56,1.56,1619000,2608150,-0.03,13
109/04/10,--,--,--,--,0,0,0.00,0
109/04/13,1.54,1.54,1.52,1.52,1602000,2457020,0.00,9
109/04/14,1.60,1.63,1.60,1.63,26000,42150,0.11,5
109/04/15,1.68,1.74,1.67,1.74,22000,37280,0.11,4
109/04/16,1.73,1.73,1.71,1.71,38000,65640,-0.03,3
109/04/17,1.82,1.82,1.73,1.73,51000,92560,0.02,5
109/04/20,1.72,1.74,1.72,1.74,2000,3460,0.01,2
109/04/21,1.61,1.61,1.61,1.61,1000,1610,-0.13,1
109/04/22,1.52,1.59,1.52,1.58,4000,6240,-0.03,4
109/04/23,1.66,1.66,1.66,1.66,1000,1660,0.08,1
109/04/24,1.64,1.64,1.64,1.64,6000,9840,-0.02,3
109/04/27,1.71,1.76,1.71,1.76,5000,8680,0.12,3
109/04/28,1.79,1.79,1.79,1.79,3000,5370,0.03,2
109/04/29,--,--,--,--,0,0,0.00,0
109/04/30,1.91,1.93,1.91,1.93,22000,42140,0.00,4
109/05/04,1.75,1.82,1.75,1.82,6000,10570,-0.11,2
109/05/05,1.88,1.88,1.83,1.83,3000,5540,0.01,3
109/05/06,1.87,1.89,1.87,1.89,27000,50690,0.06,4
109/05/07,1.86,1.87,1.86,1.87,26000,48370,-0.02,2
109/05/08,--,--,--,--,0,0,0.00,0
109/05/11,--,--,--,--,0,0,0.00,0
109/05/12,1.90,1.90,1.90,1.90,10000,19000,0.00,1
109/05/13,1.94,1.94,1.94,1.94,10000,19400,0.04,1
109/05/14,1.85,1.85,1.85,1.85,2000,3700,-0.09,1
109/05/15,1.85,1.85,1.78,1.84,14000,25710,-0.01,4
109/05/14,1.85,1.85,1.85,1.85,2000,3700,-0.09,1
109/05/13,1.94,1.94,1.94,1.94,10000,19400,0.04,1
109/05/12,1.90,1.90,1.90,1.90,10000,19000,0.00,1
109/05/11,--,--,--,--,0,0,0.00,0
109/05/08,--,--,--,--,0,0,0.00,0
109/05/07,1.86,1.87,1.86,1.87,26000,48370,-0.02,2
109/05/06,1.87,1.89,1.87,1.89,27000,50690,0.06,4
109/05/05,1.88,1.88,1.83,1.83,3000,5540,0.01,3
109/05/04,1.75,1.82,1.75,1.82,6000,10570,-0.11,2
109/04/30,1.91,1.93,1.91,1.93,22000,42140,0.00,4
109/04/29,--,--,--,--,0,0,0.00,0
109/04/28,1.79,1.79,1.79,1.79,3000,5370,0.03,2
109/04/27,1.71,1.76,1.71,1.76,5000,8680,0.12,3
