106/09/25,--,--,--,--,0,0,0.00,0
106/09/26,0.75,0.75,0.75,0.75,10000,7500,0.00,1
106/09/27,--,--,--,--,0,0,0.00,0
106/09/28,--,--,--,--,0,0,0.00,0
106/09/29,--,--,--,--,0,0,0.00,0
106/09/30,--,--,--,--,0,0,0.00,0
106/10/02,--,--,--,--,0,0,0.00,0
106/10/03,--,--,--,--,0,0,0.00,0
106/10/05,--,--,--,--,0,0,0.00,0
106/10/06,--,--,--,--,0,0,0.00,0
106/10/11,0.61,0.61,0.61,0.61,20000,12200,0.00,1
106/10/12,--,--,--,--,0,0,0.00,0
106/10/13,0.57,0.57,0.57,0.57,20000,11400,0.00,1
106/10/16,--,--,--,--,0,0,0.00,0
106/10/17,--,--,--,--,0,0,0.00,0
106/10/18,--,--,--,--,0,0,0.00,0
106/10/19,--,--,--,--,0,0,0.00,0
106/10/20,--,--,--,--,0,0,0.00,0
106/10/23,--,--,--,--,0,0,0.00,0
106/10/24,--,--,--,--,0,0,0.00,0
106/10/25,--,--,--,--,0,0,0.00,0
106/10/26,--,--,--,--,0,0,0.00,0
106/10/27,--,--,--,--,0,0,0.00,0
106/10/30,--,--,--,--,0,0,0.00,0
106/10/31,--,--,--,--,0,0,0.00,0
106/11/01,--,--,--,--,0,0,0.00,0
106/11/02,--,--,--,--,0,0,0.00,0
106/11/03,--,--,--,--,0,0,0.00,0
106/11/06,--,--,--,--,0,0,0.00,0
106/11/07,--,--,--,--,0,0,0.00,0
106/11/08,--,--,--,--,0,0,0.00,0
106/11/09,--,--,--,--,0,0,0.00,0
106/11/10,--,--,--,--,0,0,0.00,0
106/11/13,1.28,1.28,1.28,1.28,10000,12800,0.00,1
106/11/14,--,--,--,--,0,0,0.00,0
106/11/15,--,--,--,--,0,0,0.00,0
106/11/16,--,--,--,--,0,0,0.00,0
106/11/17,--,--,--,--,0,0,0.00,0
106/11/20,--,--,--,--,0,0,0.00,0
106/11/21,1.10,1.10,1.10,1.10,10000,11000,0.00,1
106/11/22,--,--,--,--,0,0,0.00,0
106/11/23,--,--,--,--,0,0,0.00,0
106/11/24,--,--,--,--,0,0,0.00,0
106/11/27,--,--,--,--,0,0,0.00,0
106/11/28,--,--,--,--,0,0,0.00,0
106/11/29,--,--,--,--,0,0,0.00,0
106/11/30,--,--,--,--,0,0,0.00,0
106/12/01,--,--,--,--,0,0,0.00,0
106/12/04,--,--,--,--,0,0,0.00,0
106/12/05,--,--,--,--,0,0,0.00,0
106/12/06,--,--,--,--,0,0,0.00,0
109/03/31,--,--,--,--,0,0,0.00,0
109/04/01,1.50,1.50,1.50,1.50,2000,3000,0.00,1
109/04/06,--,--,--,--,0,0,0.00,0
109/04/07,1.76,1.77,1.76,1.77,31000,54620,0.00,6
109/04/08,1.68,2.16,1.68,2.16,184000,361490,0.39,9
109/04/09,2.34,2.34,2.13,2.13,200000,434540,-0.03,13
109/04/10,2.07,2.15,2.06,2.15,8000,16700,0.02,5
109/04/13,1.94,1.97,1.84,1.84,45000,86020,-0.31,3
109/04/14,1.92,1.97,1.92,1.97,27000,52540,0.13,3
109/04/15,2.30,2.52,2.30,2.51,59000,144050,0.54,20
109/04/16,2.53,2.61,2.49,2.56,58000,148670,0.05,6
109/04/17,2.66,2.70,2.51,2.51,23000,59830,-0.05,9
109/04/20,2.40,2.58,2.40,2.50,144000,358420,-0.01,15
109/04/21,2.45,2.50,2.28,2.32,143000,348800,-0.18,20
109/04/22,2.31,2.65,2.31,2.65,130000,327650,0.33,16
109/04/23,2.97,2.97,2.71,2.71,163000,473840,0.06,22
109/04/24,2.69,2.81,2.69,2.76,68000,189070,0.05,6
109/04/27,2.88,2.97,2.87,2.97,60000,173100,0.21,3
109/04/28,3.05,3.10,2.92,2.92,79000,238570,-0.05,8
109/04/29,--,--,--,--,0,0,0.00,0
109/04/30,2.87,2.87,2.87,2.87,20000,57400,0.00,1
109/05/04,2.59,2.69,2.59,2.69,85000,224150,-0.18,3
109/05/05,2.77,2.77,2.77,2.77,25000,69250,0.08,2
109/05/06,--,--,--,--,0,0,0.00,0
109/05/07,--,--,--,--,0,0,0.00,0
109/05/08,--,--,--,--,0,0,0.00,0
109/05/11,--,--,--,--,0,0,0.00,0
109/05/12,2.43,2.43,2.33,2.33,55000,133150,0.00,2
109/05/13,2.22,2.24,2.22,2.24,50000,111200,-0.09,5
109/05/14,2.05,2.05,2.05,2.05,5000,10250,-0.19,1
109/05/15,--,--,--,--,0,0,0.00,0
109/05/14,2.05,2.05,2.05,2.05,5000,10250,-0.19,1
109/05/13,2.22,2.24,2.22,2.24,50000,111200,-0.09,5
109/05/12,2.43,2.43,2.33,2.33,55000,133150,0.00,2
109/05/11,--,--,--,--,0,0,0.00,0
109/05/08,--,--,--,--,0,0,0.00,0
109/05/07,--,--,--,--,0,0,0.00,0
109/05/06,--,--,--,--,0,0,0.00,0
109/05/05,2.77,2.77,2.77,2.77,25000,69250,0.08,2
109/05/04,2.59,2.69,2.59,2.69,85000,224150,-0.18,3
109/04/30,2.87,2.87,2.87,2.87,20000,57400,0.00,1
109/04/29,--,--,--,--,0,0,0.00,0
109/04/28,3.05,3.10,2.92,2.92,79000,238570,-0.05,8
109/04/27,2.88,2.97,2.87,2.97,60000,173100,0.21,3
