106/09/25,0.56,0.56,0.56,0.56,1000,560,0.00,1
106/09/26,--,--,--,--,0,0,0.00,0
106/09/27,--,--,--,--,0,0,0.00,0
106/09/28,0.57,0.57,0.57,0.57,21000,11970,0.00,2
106/09/29,0.66,0.66,0.66,0.66,8000,5280,0.09,1
106/09/30,0.68,0.68,0.68,0.68,10000,6800,0.02,1
106/10/02,0.58,0.58,0.53,0.53,7000,3960,-0.15,2
106/10/03,--,--,--,--,0,0,0.00,0
106/10/05,--,--,--,--,0,0,0.00,0
106/10/06,--,--,--,--,0,0,0.00,0
106/10/11,--,--,--,--,0,0,0.00,0
106/10/12,0.42,0.42,0.42,0.42,150000,63000,0.00,7
106/10/13,--,--,--,--,0,0,0.00,0
106/10/16,0.39,0.39,0.39,0.39,10000,3900,0.00,1
106/10/17,--,--,--,--,0,0,0.00,0
106/10/18,--,--,--,--,0,0,0.00,0
106/10/19,--,--,--,--,0,0,0.00,0
106/10/20,0.32,0.32,0.32,0.32,150000,48000,0.00,1
106/10/23,0.27,0.27,0.27,0.27,150000,40500,-0.05,2
106/10/24,--,--,--,--,0,0,0.00,0
106/10/25,0.23,0.23,0.23,0.23,5000,1150,0.00,1
106/10/26,--,--,--,--,0,0,0.00,0
106/10/27,--,--,--,--,0,0,0.00,0
106/10/30,--,--,--,--,0,0,0.00,0
106/10/31,0.15,0.15,0.15,0.15,10000,1500,0.00,1
106/11/01,--,--,--,--,0,0,0.00,0
106/11/02,0.08,0.08,0.08,0.08,2000,160,0.00,1
106/11/03,0.06,0.06,0.06,0.06,130000,7800,-0.02,1
106/11/06,--,--,--,--,0,0,0.00,0
106/11/07,--,--,--,--,0,0,0.00,0
109/04/01,1.04,1.11,1.04,1.06,312000,327220,-0.53,4
109/04/06,1.13,1.15,1.09,1.15,75000,85200,0.09,5
109/04/07,1.21,1.21,1.17,1.17,3000,3590,0.02,2
109/04/08,1.14,1.15,1.14,1.15,151000,173140,-0.02,4
109/04/09,1.13,1.14,1.11,1.11,409000,462990,-0.04,5
109/04/10,1.12,1.12,1.12,1.12,51000,57120,0.01,2
109/04/13,1.10,1.10,1.08,1.09,41000,44380,-0.03,3
109/04/14,1.13,1.13,1.13,1.13,3000,3390,0.04,1
109/04/15,1.17,1.17,1.17,1.17,15000,17550,0.04,1
109/04/16,--,--,--,--,0,0,0.00,0
109/04/17,1.26,1.26,1.26,1.26,1000,1260,0.00,1
109/04/20,--,--,--,--,0,0,0.00,0
109/04/21,--,--,--,--,0,0,0.00,0
109/04/22,1.12,1.12,1.12,1.12,11000,12320,0.00,1
109/04/23,--,--,--,--,0,0,0.00,0
109/04/24,--,--,--,--,0,0,0.00,0
109/04/27,--,--,--,--,0,0,0.00,0
109/04/28,1.33,1.33,1.33,1.33,300000,399000,0.00,3
109/04/29,1.34,1.38,1.34,1.37,100000,135600,0.04,4
109/04/30,1.40,1.49,1.40,1.44,370000,534000,0.07,9
109/05/04,1.11,1.12,1.11,1.12,3000,3340,-0.32,3
109/05/05,1.08,1.11,1.08,1.11,17000,18810,-0.01,3
109/05/06,1.15,1.32,1.15,1.32,273000,349940,0.21,12
109/05/07,1.36,1.36,1.33,1.33,53000,71990,0.01,2
109/05/08,1.40,1.43,1.40,1.43,203000,287280,0.10,6
109/05/11,1.49,1.50,1.48,1.48,33000,49270,0.05,4
109/05/12,1.39,1.39,1.39,1.39,20000,27800,-0.09,2
109/05/13,1.38,1.38,1.38,1.38,48000,66240,-0.01,1
109/05/14,1.36,1.36,1.36,1.36,48000,65280,-0.02,1
109/05/15,--,--,--,--,0,0,0.00,0
109/05/14,1.36,1.36,1.36,1.36,48000,65280,-0.02,1
109/05/13,1.38,1.38,1.38,1.38,48000,66240,-0.01,1
109/05/12,1.39,1.39,1.39,1.39,20000,27800,-0.09,2
109/05/11,1.49,1.50,1.48,1.48,33000,49270,0.05,4
109/05/08,1.40,1.43,1.40,1.43,203000,287280,0.10,6
109/05/07,1.36,1.36,1.33,1.33,53000,71990,0.01,2
109/05/06,1.15,1.32,1.15,1.32,273000,349940,0.21,12
109/05/05,1.08,1.11,1.08,1.11,17000,18810,-0.01,3
109/05/04,1.11,1.12,1.11,1.12,3000,3340,-0.32,3
109/04/30,1.40,1.49,1.40,1.44,370000,534000,0.07,9
109/04/29,1.34,1.38,1.34,1.37,100000,135600,0.04,4
109/04/28,1.33,1.33,1.33,1.33,300000,399000,0.00,3
109/04/27,--,--,--,--,0,0,0.00,0
