106/09/25,1.44,1.44,1.16,1.36,367000,475880,0.00,13
106/09/26,1.43,1.54,1.40,1.47,440000,657470,0.11,31
106/09/27,--,--,--,--,0,0,0.00,0
106/09/28,--,--,--,--,0,0,0.00,0
106/09/29,--,--,--,--,0,0,0.00,0
106/09/30,--,--,--,--,0,0,0.00,0
106/10/02,--,--,--,--,0,0,0.00,0
106/10/03,0.65,0.65,0.52,0.52,720000,415000,0.00,7
106/10/05,--,--,--,--,0,0,0.00,0
106/10/06,0.52,0.52,0.50,0.50,398000,202960,0.00,3
106/10/11,--,--,--,--,0,0,0.00,0
106/10/12,0.47,0.47,0.45,0.45,490000,226300,0.00,5
106/10/13,0.53,0.53,0.53,0.53,20000,10600,0.08,2
106/10/16,0.56,0.56,0.56,0.56,20000,11200,0.03,1
106/10/17,--,--,--,--,0,0,0.00,0
106/10/18,0.32,0.32,0.28,0.28,27000,8260,0.00,4
106/10/19,0.30,0.34,0.30,0.34,130000,43200,0.06,13
106/10/20,0.30,0.35,0.28,0.33,198000,62240,-0.01,6
106/10/23,0.30,0.32,0.26,0.26,106000,30480,-0.07,5
106/10/24,0.25,0.28,0.25,0.28,23000,6040,0.02,3
106/10/25,0.25,0.25,0.25,0.25,3000,750,-0.03,1
106/10/26,--,--,--,--,0,0,0.00,0
106/10/27,--,--,--,--,0,0,0.00,0
106/10/30,0.14,0.14,0.14,0.14,10000,1400,0.00,1
106/10/31,--,--,--,--,0,0,0.00,0
106/11/01,--,--,--,--,0,0,0.00,0
106/11/02,--,--,--,--,0,0,0.00,0
106/11/03,--,--,--,--,0,0,0.00,0
106/11/06,--,--,--,--,0,0,0.00,0
109/03/31,--,--,--,--,0,0,0.00,0
109/04/01,1.97,1.97,1.97,1.97,20000,39400,0.00,1
109/04/06,--,--,--,--,0,0,0.00,0
109/04/07,1.69,1.69,1.69,1.69,5000,8450,0.00,1
109/04/08,--,--,--,--,0,0,0.00,0
109/04/09,1.55,1.55,1.55,1.55,5000,7750,0.00,1
109/04/10,--,--,--,--,0,0,0.00,0
109/04/13,--,--,--,--,0,0,0.00,0
109/04/14,1.51,1.51,1.44,1.44,30000,44000,0.00,3
109/04/15,1.39,1.40,1.39,1.39,40000,55750,-0.05,3
109/04/16,1.43,1.44,1.39,1.39,30000,42600,0.00,3
109/04/17,1.26,1.30,1.26,1.30,40000,51200,-0.09,2
109/04/20,--,--,--,--,0,0,0.00,0
109/04/21,1.32,1.42,1.32,1.42,120000,168700,0.00,3
109/04/22,1.41,1.41,1.41,1.41,100000,141000,-0.01,1
109/04/23,--,--,--,--,0,0,0.00,0
109/04/24,--,--,--,--,0,0,0.00,0
109/04/27,0.72,0.72,0.72,0.72,3000,2160,0.00,1
109/04/28,0.62,0.62,0.61,0.61,87000,53090,-0.11,2
109/04/29,0.60,0.60,0.54,0.55,387000,213650,-0.06,7
109/04/30,0.54,0.54,0.47,0.47,414000,202460,-0.08,9
109/05/04,0.58,0.58,0.55,0.57,450000,254500,0.10,10
109/05/05,--,--,--,--,0,0,0.00,0
109/05/06,0.55,0.55,0.55,0.55,60000,33000,0.00,1
109/05/07,--,--,--,--,0,0,0.00,0
109/05/08,0.47,0.47,0.47,0.47,100000,47000,0.00,1
109/05/11,0.47,0.47,0.43,0.43,153000,65910,-0.04,3
109/05/12,0.46,0.46,0.46,0.46,250000,115000,0.03,2
109/05/13,--,--,--,--,0,0,0.00,0
109/05/14,0.46,0.50,0.46,0.50,163000,77950,0.00,10
109/05/15,0.47,0.47,0.46,0.46,131000,60760,-0.04,3
109/05/14,0.46,0.50,0.46,0.50,163000,77950,0.00,10
109/05/13,--,--,--,--,0,0,0.00,0
109/05/12,0.46,0.46,0.46,0.46,250000,115000,0.03,2
109/05/11,0.47,0.47,0.43,0.43,153000,65910,-0.04,3
109/05/08,0.47,0.47,0.47,0.47,100000,47000,0.00,1
109/05/07,--,--,--,--,0,0,0.00,0
109/05/06,0.55,0.55,0.55,0.55,60000,33000,0.00,1
109/05/05,--,--,--,--,0,0,0.00,0
109/05/04,0.58,0.58,0.55,0.57,450000,254500,0.10,10
109/04/30,0.54,0.54,0.47,0.47,414000,202460,-0.08,9
109/04/29,0.60,0.60,0.54,0.55,387000,213650,-0.06,7
109/04/28,0.62,0.62,0.61,0.61,87000,53090,-0.11,2
109/04/27,0.72,0.72,0.72,0.72,3000,2160,0.00,1
