106/09/25,0.10,0.10,0.10,0.10,181000,18100,-0.03,7
106/09/26,--,--,--,--,0,0,0.00,0
106/09/27,0.10,0.10,0.10,0.10,20000,2000,0.00,1
106/09/28,--,--,--,--,0,0,0.00,0
106/09/29,0.08,0.08,0.07,0.07,2859000,211230,0.00,29
106/09/30,--,--,--,--,0,0,0.00,0
106/10/02,0.10,0.10,0.10,0.10,10000,1000,0.00,1
106/10/03,--,--,--,--,0,0,0.00,0
106/10/05,0.11,0.11,0.11,0.11,18000,1980,0.00,1
106/10/06,--,--,--,--,0,0,0.00,0
106/10/11,--,--,--,--,0,0,0.00,0
106/10/12,0.06,0.06,0.06,0.06,7000,420,0.00,1
106/10/13,0.07,0.07,0.07,0.07,2000,140,0.01,2
106/10/16,0.14,0.17,0.14,0.17,50000,7600,0.10,4
106/10/17,0.10,0.11,0.10,0.11,20000,2100,-0.06,2
106/10/18,--,--,--,--,0,0,0.00,0
106/10/19,--,--,--,--,0,0,0.00,0
106/10/20,--,--,--,--,0,0,0.00,0
106/10/23,--,--,--,--,0,0,0.00,0
106/10/24,0.12,0.12,0.12,0.12,50000,6000,0.00,5
106/10/25,--,--,--,--,0,0,0.00,0
106/10/26,--,--,--,--,0,0,0.00,0
106/10/27,--,--,--,--,0,0,0.00,0
106/10/30,--,--,--,--,0,0,0.00,0
106/10/31,0.01,0.01,0.01,0.01,20000,200,0.00,1
106/11/01,--,--,--,--,0,0,0.00,0
106/11/02,--,--,--,--,0,0,0.00,0
106/11/03,--,--,--,--,0,0,0.00,0
106/11/06,--,--,--,--,0,0,0.00,0
109/03/31,--,--,--,--,0,0,0.00,0
109/04/01,--,--,--,--,0,0,0.00,0
109/04/06,--,--,--,--,0,0,0.00,0
109/04/07,--,--,--,--,0,0,0.00,0
109/04/08,0.88,0.88,0.87,0.88,84000,73720,0.00,4
109/04/09,0.94,0.98,0.89,0.90,409000,369520,0.02,35
109/04/10,0.89,0.89,0.88,0.88,65000,57580,-0.02,3
109/04/13,0.85,0.85,0.84,0.84,53000,45020,-0.04,3
109/04/14,0.88,0.96,0.88,0.96,381000,350960,0.12,21
109/04/15,1.02,1.11,0.98,1.01,771000,765380,0.05,24
109/04/16,0.94,1.02,0.94,0.99,67000,65880,-0.02,12
109/04/17,0.95,0.95,0.95,0.95,9000,8550,-0.04,2
109/04/20,0.95,1.03,0.95,1.01,119000,118330,0.06,8
109/04/21,0.95,0.96,0.91,0.91,87000,80270,-0.10,4
109/04/22,0.84,0.84,0.84,0.84,37000,31080,-0.07,2
109/04/23,0.87,0.89,0.87,0.89,54000,47520,0.05,2
109/04/24,--,--,--,--,0,0,0.00,0
109/04/27,0.94,1.08,0.94,1.03,345000,353780,0.00,23
109/04/28,1.07,1.08,1.01,1.02,179000,186710,-0.01,13
109/04/29,1.05,1.06,1.05,1.06,31000,32830,0.04,2
109/04/30,1.02,1.05,1.02,1.05,12000,12300,-0.01,2
109/05/04,0.97,0.98,0.97,0.98,12000,11700,-0.07,2
109/05/05,--,--,--,--,0,0,0.00,0
109/05/06,1.00,1.00,1.00,1.00,12000,12000,0.00,1
109/05/07,--,--,--,--,0,0,0.00,0
109/05/08,1.01,1.01,0.98,0.98,126000,126490,0.00,7
109/05/11,--,--,--,--,0,0,0.00,0
109/05/12,--,--,--,--,0,0,0.00,0
109/05/13,0.86,0.88,0.86,0.88,6000,5260,0.00,2
109/05/14,--,--,--,--,0,0,0.00,0
109/05/15,0.78,0.78,0.77,0.77,30000,23370,0.00,2
109/05/14,--,--,--,--,0,0,0.00,0
109/05/13,0.86,0.88,0.86,0.88,6000,5260,0.00,2
109/05/12,--,--,--,--,0,0,0.00,0
109/05/11,--,--,--,--,0,0,0.00,0
109/05/08,1.01,1.01,0.98,0.98,126000,126490,0.00,7
109/05/07,--,--,--,--,0,0,0.00,0
109/05/06,1.00,1.00,1.00,1.00,12000,12000,0.00,1
109/05/05,--,--,--,--,0,0,0.00,0
109/05/04,0.97,0.98,0.97,0.98,12000,11700,-0.07,2
109/04/30,1.02,1.05,1.02,1.05,12000,12300,-0.01,2
109/04/29,1.05,1.06,1.05,1.06,31000,32830,0.04,2
109/04/28,1.07,1.08,1.01,1.02,179000,186710,-0.01,13
109/04/27,0.94,1.08,0.94,1.03,345000,353780,0.00,23
