106/09/25,--,--,--,--,0,0,0.00,0
106/09/26,--,--,--,--,0,0,0.00,0
106/09/27,0.68,0.70,0.68,0.70,239000,166500,0.00,5
106/09/28,0.73,0.73,0.72,0.72,239000,174410,0.02,5
106/09/29,--,--,--,--,0,0,0.00,0
106/09/30,0.76,0.76,0.76,0.76,10000,7600,0.00,1
106/10/02,0.75,0.75,0.75,0.75,10000,7500,-0.01,1
106/10/03,--,--,--,--,0,0,0.00,0
106/10/05,0.75,0.75,0.75,0.75,45000,33750,0.00,1
106/10/06,--,--,--,--,0,0,0.00,0
106/10/11,--,--,--,--,0,0,0.00,0
106/10/12,--,--,--,--,0,0,0.00,0
106/10/13,--,--,--,--,0,0,0.00,0
106/10/16,0.63,0.63,0.63,0.63,10000,6300,0.00,1
106/10/17,0.70,0.70,0.70,0.70,10000,7000,0.07,1
106/10/18,--,--,--,--,0,0,0.00,0
106/10/19,0.61,0.61,0.61,0.61,24000,14640,0.00,1
106/10/20,0.57,0.57,0.57,0.57,24000,13680,-0.04,1
106/10/23,--,--,--,--,0,0,0.00,0
106/10/24,--,--,--,--,0,0,0.00,0
106/10/25,0.66,0.68,0.66,0.68,15000,10000,0.00,2
106/10/26,0.61,0.61,0.61,0.61,10000,6100,-0.07,1
106/10/27,--,--,--,--,0,0,0.00,0
106/10/30,--,--,--,--,0,0,0.00,0
106/10/31,--,--,--,--,0,0,0.00,0
106/11/01,--,--,--,--,0,0,0.00,0
106/11/02,0.55,0.68,0.55,0.65,145000,90750,0.00,14
106/11/03,0.64,0.64,0.60,0.60,143000,89080,-0.05,8
106/11/06,--,--,--,--,0,0,0.00,0
106/11/07,0.54,0.54,0.54,0.54,2000,1080,0.00,1
106/11/08,0.58,0.68,0.58,0.63,85000,54400,0.09,9
106/11/09,0.60,0.63,0.60,0.61,45000,27450,-0.02,4
106/11/10,0.56,0.59,0.56,0.57,77000,44670,-0.04,3
106/11/13,0.60,0.64,0.60,0.61,162000,101500,0.04,16
106/11/14,0.56,0.56,0.52,0.52,135000,71800,-0.09,5
106/11/15,--,--,--,--,0,0,0.00,0
106/11/16,--,--,--,--,0,0,0.00,0
106/11/17,0.50,0.50,0.50,0.50,10000,5000,0.00,1
106/11/20,0.46,0.46,0.46,0.46,10000,4600,-0.04,1
106/11/21,0.44,0.44,0.44,0.44,28000,12320,-0.02,1
106/11/22,0.44,0.46,0.44,0.46,38000,16920,0.02,3
106/11/23,0.44,0.44,0.44,0.44,10000,4400,-0.02,1
106/11/24,0.49,0.69,0.49,0.69,120000,71100,0.25,12
106/11/27,0.73,0.76,0.73,0.76,109000,79760,0.07,11
106/11/28,--,--,--,--,0,0,0.00,0
106/11/29,0.70,0.70,0.70,0.70,10000,7000,0.00,1
106/11/30,0.59,0.65,0.55,0.55,13000,7750,-0.15,3
106/12/01,0.58,0.58,0.58,0.58,9000,5220,0.03,1
106/12/04,0.66,0.66,0.66,0.66,10000,6600,0.08,1
106/12/05,0.58,0.58,0.54,0.54,12000,6800,-0.12,4
106/12/06,0.51,0.52,0.51,0.52,8000,4140,-0.02,2
106/12/07,0.36,0.36,0.36,0.36,8000,2880,-0.16,1
106/12/08,--,--,--,--,0,0,0.00,0
106/12/11,--,--,--,--,0,0,0.00,0
106/12/12,--,--,--,--,0,0,0.00,0
106/12/13,--,--,--,--,0,0,0.00,0
109/04/08,--,--,--,--,0,0,0.00,0
109/04/09,--,--,--,--,0,0,0.00,0
109/04/10,1.86,1.86,1.86,1.86,1000,1860,0.00,1
109/04/13,1.83,1.83,1.83,1.83,1000,1830,-0.03,1
109/04/14,1.87,1.91,1.87,1.91,16000,30170,0.08,3
109/04/15,--,--,--,--,0,0,0.00,0
109/04/16,1.78,1.78,1.78,1.78,16000,28480,0.00,2
109/04/17,--,--,--,--,0,0,0.00,0
109/04/20,--,--,--,--,0,0,0.00,0
109/04/21,--,--,--,--,0,0,0.00,0
109/04/22,--,--,--,--,0,0,0.00,0
109/04/23,1.96,2.01,1.96,2.01,20000,39670,0.00,6
109/04/24,1.86,1.86,1.86,1.86,20000,37200,-0.15,1
109/04/27,--,--,--,--,0,0,0.00,0
109/04/28,2.04,2.15,2.04,2.15,12000,25210,0.00,5
109/04/29,2.16,2.20,2.16,2.20,19000,41560,0.05,3
109/04/30,2.39,2.43,2.27,2.27,138000,325230,0.07,18
109/05/04,1.76,1.78,1.72,1.72,26000,45760,-0.55,7
109/05/05,1.74,1.74,1.74,1.74,10000,17400,0.02,1
109/05/06,1.83,2.10,1.83,2.09,55000,108130,0.35,10
109/05/07,2.15,2.21,2.15,2.16,78000,167810,0.07,6
109/05/08,2.25,2.36,2.24,2.36,120000,276850,0.20,7
109/05/11,2.40,2.42,2.34,2.34,112000,264500,-0.02,3
109/05/12,2.32,2.32,2.32,2.32,5000,11600,-0.02,1
109/05/13,2.24,2.24,2.24,2.24,5000,11200,-0.08,1
109/05/14,--,--,--,--,0,0,0.00,0
109/05/15,--,--,--,--,0,0,0.00,0
109/05/14,--,--,--,--,0,0,0.00,0
109/05/13,2.24,2.24,2.24,2.24,5000,11200,-0.08,1
109/05/12,2.32,2.32,2.32,2.32,5000,11600,-0.02,1
109/05/11,2.40,2.42,2.34,2.34,112000,264500,-0.02,3
109/05/08,2.25,2.36,2.24,2.36,120000,276850,0.20,7
109/05/07,2.15,2.21,2.15,2.16,78000,167810,0.07,6
109/05/06,1.83,2.10,1.83,2.09,55000,108130,0.35,10
109/05/05,1.74,1.74,1.74,1.74,10000,17400,0.02,1
109/05/04,1.76,1.78,1.72,1.72,26000,45760,-0.55,7
109/04/30,2.39,2.43,2.27,2.27,138000,325230,0.07,18
109/04/29,2.16,2.20,2.16,2.20,19000,41560,0.05,3
109/04/28,2.04,2.15,2.04,2.15,12000,25210,0.00,5
109/04/27,--,--,--,--,0,0,0.00,0
