106/09/25,--,--,--,--,0,0,0.00,0
106/09/26,--,--,--,--,0,0,0.00,0
106/09/27,--,--,--,--,0,0,0.00,0
106/09/28,--,--,--,--,0,0,0.00,0
106/09/29,--,--,--,--,0,0,0.00,0
106/09/30,--,--,--,--,0,0,0.00,0
106/10/02,--,--,--,--,0,0,0.00,0
106/10/03,--,--,--,--,0,0,0.00,0
106/10/05,--,--,--,--,0,0,0.00,0
106/10/06,--,--,--,--,0,0,0.00,0
106/10/11,--,--,--,--,0,0,0.00,0
106/10/12,--,--,--,--,0,0,0.00,0
106/10/13,--,--,--,--,0,0,0.00,0
106/10/16,1.16,1.16,1.16,1.16,86000,99760,0.00,1
106/10/17,1.21,1.21,1.15,1.15,86000,102220,-0.01,3
106/10/18,--,--,--,--,0,0,0.00,0
106/10/19,--,--,--,--,0,0,0.00,0
106/10/20,--,--,--,--,0,0,0.00,0
106/10/23,1.15,1.15,1.15,1.15,50000,57500,0.00,1
106/10/24,1.00,1.00,1.00,1.00,50000,50000,-0.15,1
106/10/25,--,--,--,--,0,0,0.00,0
106/10/26,--,--,--,--,0,0,0.00,0
106/10/27,--,--,--,--,0,0,0.00,0
106/10/30,0.43,0.44,0.43,0.44,200000,87000,0.00,2
106/10/31,0.55,0.72,0.53,0.72,297000,178860,0.28,3
106/11/01,0.61,0.61,0.61,0.61,97000,59170,-0.11,1
106/11/02,0.41,0.41,0.41,0.41,12000,4920,-0.20,1
106/11/03,0.44,0.45,0.41,0.44,428000,183960,0.03,6
106/11/06,0.44,0.50,0.42,0.50,516000,225050,0.06,7
106/11/07,0.49,0.49,0.49,0.49,100000,49000,-0.01,1
106/11/08,--,--,--,--,0,0,0.00,0
106/11/09,0.30,0.30,0.30,0.30,200000,60000,0.00,2
106/11/10,0.26,0.32,0.26,0.31,400000,115000,0.01,3
106/11/13,0.37,0.37,0.36,0.36,200000,73000,0.05,2
106/11/14,0.84,0.84,0.84,0.84,50000,42000,0.48,1
106/11/15,0.31,0.31,0.31,0.31,50000,15500,-0.53,1
106/11/16,--,--,--,--,0,0,0.00,0
109/04/09,--,--,--,--,0,0,0.00,0
109/04/10,1.80,1.80,1.80,1.80,20000,36000,0.00,1
109/04/13,1.68,1.68,1.68,1.68,5000,8400,-0.12,1
109/04/14,1.73,1.73,1.73,1.73,5000,8650,0.05,1
109/04/15,--,--,--,--,0,0,0.00,0
109/04/16,--,--,--,--,0,0,0.00,0
109/04/17,--,--,--,--,0,0,0.00,0
109/04/20,--,--,--,--,0,0,0.00,0
109/04/21,1.76,1.76,1.76,1.76,20000,35200,0.00,1
109/04/22,--,--,--,--,0,0,0.00,0
109/04/23,--,--,--,--,0,0,0.00,0
109/04/24,--,--,--,--,0,0,0.00,0
109/04/27,--,--,--,--,0,0,0.00,0
109/04/28,--,--,--,--,0,0,0.00,0
109/04/29,--,--,--,--,0,0,0.00,0
109/04/30,2.12,2.12,2.07,2.07,52000,109890,0.00,6
109/05/04,1.66,1.66,1.66,1.66,54000,89640,-0.41,3
109/05/05,1.66,1.66,1.66,1.66,3000,4980,0.00,1
109/05/06,1.80,1.80,1.80,1.80,5000,9000,0.14,1
109/05/07,1.99,2.02,1.99,2.02,102000,203440,0.22,5
109/05/08,2.07,2.16,2.07,2.16,152000,319360,0.14,5
109/05/11,2.16,2.16,2.15,2.15,50000,107700,-0.01,2
109/05/12,--,--,--,--,0,0,0.00,0
109/05/13,2.06,2.07,2.06,2.07,50000,103300,0.00,4
109/05/14,2.03,2.03,2.02,2.03,50000,101300,-0.04,3
109/05/15,1.98,1.99,1.98,1.99,30000,59500,-0.04,2
109/05/14,2.03,2.03,2.02,2.03,50000,101300,-0.04,3
109/05/13,2.06,2.07,2.06,2.07,50000,103300,0.00,4
109/05/12,--,--,--,--,0,0,0.00,0
109/05/11,2.16,2.16,2.15,2.15,50000,107700,-0.01,2
109/05/08,2.07,2.16,2.07,2.16,152000,319360,0.14,5
109/05/07,1.99,2.02,1.99,2.02,102000,203440,0.22,5
109/05/06,1.80,1.80,1.80,1.80,5000,9000,0.14,1
109/05/05,1.66,1.66,1.66,1.66,3000,4980,0.00,1
109/05/04,1.66,1.66,1.66,1.66,54000,89640,-0.41,3
109/04/30,2.12,2.12,2.07,2.07,52000,109890,0.00,6
109/04/29,--,--,--,--,0,0,0.00,0
109/04/28,--,--,--,--,0,0,0.00,0
109/04/27,--,--,--,--,0,0,0.00,0
