106/09/25,--,--,--,--,0,0,0.00,0
106/09/26,--,--,--,--,0,0,0.00,0
106/09/27,--,--,--,--,0,0,0.00,0
106/09/28,--,--,--,--,0,0,0.00,0
106/09/29,--,--,--,--,0,0,0.00,0
106/09/30,--,--,--,--,0,0,0.00,0
106/10/02,0.99,0.99,0.99,0.99,71000,70290,0.00,1
106/10/03,1.10,1.10,1.10,1.10,71000,78100,0.11,1
106/10/05,--,--,--,--,0,0,0.00,0
106/10/06,--,--,--,--,0,0,0.00,0
106/10/11,--,--,--,--,0,0,0.00,0
106/10/12,--,--,--,--,0,0,0.00,0
106/10/13,--,--,--,--,0,0,0.00,0
106/10/16,1.11,1.11,1.11,1.11,50000,55500,0.00,1
106/10/17,1.19,1.19,1.19,1.19,50000,59500,0.08,2
106/10/18,--,--,--,--,0,0,0.00,0
106/10/19,--,--,--,--,0,0,0.00,0
106/10/20,--,--,--,--,0,0,0.00,0
106/10/23,--,--,--,--,0,0,0.00,0
106/10/24,--,--,--,--,0,0,0.00,0
106/10/25,--,--,--,--,0,0,0.00,0
106/10/26,--,--,--,--,0,0,0.00,0
106/10/27,1.03,1.03,1.00,1.00,200000,203000,0.00,4
106/10/30,1.08,1.08,1.07,1.07,200000,215000,0.07,2
106/10/31,--,--,--,--,0,0,0.00,0
106/11/01,--,--,--,--,0,0,0.00,0
106/11/02,--,--,--,--,0,0,0.00,0
106/11/03,1.15,1.15,1.15,1.15,87000,100050,0.00,1
106/11/06,1.25,1.25,1.25,1.25,87000,108750,0.10,1
106/11/07,--,--,--,--,0,0,0.00,0
106/11/08,--,--,--,--,0,0,0.00,0
106/11/09,--,--,--,--,0,0,0.00,0
106/11/10,--,--,--,--,0,0,0.00,0
106/11/13,--,--,--,--,0,0,0.00,0
106/11/14,--,--,--,--,0,0,0.00,0
109/04/08,--,--,--,--,0,0,0.00,0
109/04/09,--,--,--,--,0,0,0.00,0
109/04/10,1.12,1.14,1.12,1.14,403000,456560,0.00,8
109/04/13,1.13,1.14,1.12,1.14,403000,455900,0.00,5
109/04/14,--,--,--,--,0,0,0.00,0
109/04/15,1.18,1.21,1.18,1.21,30000,36000,0.00,3
109/04/16,1.18,1.21,1.18,1.21,30000,35700,0.00,2
109/04/17,--,--,--,--,0,0,0.00,0
109/04/20,1.23,1.23,1.23,1.23,87000,107010,0.00,3
109/04/21,1.17,1.19,1.12,1.12,87000,98490,-0.11,5
109/04/22,--,--,--,--,0,0,0.00,0
109/04/23,--,--,--,--,0,0,0.00,0
109/04/24,--,--,--,--,0,0,0.00,0
109/04/27,1.20,1.24,1.20,1.24,63000,76360,0.00,3
109/04/28,1.20,1.23,1.20,1.23,293000,356500,-0.01,11
109/04/29,1.24,1.34,1.24,1.34,362000,464460,0.11,9
109/04/30,1.31,1.39,1.31,1.39,162000,220820,0.05,11
109/05/04,1.27,1.27,1.27,1.27,68000,86360,-0.12,1
109/05/05,1.29,1.29,1.29,1.29,50000,64500,0.02,1
109/05/06,1.34,1.34,1.32,1.32,188000,250920,0.03,3
109/05/07,--,--,--,--,0,0,0.00,0
109/05/08,--,--,--,--,0,0,0.00,0
109/05/11,1.30,1.34,1.30,1.34,106000,139040,0.00,3
109/05/12,--,--,--,--,0,0,0.00,0
109/05/13,--,--,--,--,0,0,0.00,0
109/05/14,--,--,--,--,0,0,0.00,0
109/05/15,--,--,--,--,0,0,0.00,0
109/05/14,--,--,--,--,0,0,0.00,0
109/05/13,--,--,--,--,0,0,0.00,0
109/05/12,--,--,--,--,0,0,0.00,0
109/05/11,1.30,1.34,1.30,1.34,106000,139040,0.00,3
109/05/08,--,--,--,--,0,0,0.00,0
109/05/07,--,--,--,--,0,0,0.00,0
109/05/06,1.34,1.34,1.32,1.32,188000,250920,0.03,3
109/05/05,1.29,1.29,1.29,1.29,50000,64500,0.02,1
109/05/04,1.27,1.27,1.27,1.27,68000,86360,-0.12,1
109/04/30,1.31,1.39,1.31,1.39,162000,220820,0.05,11
109/04/29,1.24,1.34,1.24,1.34,362000,464460,0.11,9
109/04/28,1.20,1.23,1.20,1.23,293000,356500,-0.01,11
109/04/27,1.20,1.24,1.20,1.24,63000,76360,0.00,3
