106/09/25,--,--,--,--,0,0,0.00,0
106/09/26,--,--,--,--,0,0,0.00,0
106/09/27,--,--,--,--,0,0,0.00,0
106/09/28,1.24,1.24,1.24,1.24,10000,12400,0.00,1
106/09/29,--,--,--,--,0,0,0.00,0
106/09/30,1.10,1.10,1.10,1.10,10000,11000,0.00,1
106/10/02,--,--,--,--,0,0,0.00,0
106/10/03,--,--,--,--,0,0,0.00,0
106/10/05,--,--,--,--,0,0,0.00,0
106/10/06,--,--,--,--,0,0,0.00,0
106/10/11,--,--,--,--,0,0,0.00,0
106/10/12,--,--,--,--,0,0,0.00,0
106/10/13,--,--,--,--,0,0,0.00,0
106/10/16,--,--,--,--,0,0,0.00,0
106/10/17,--,--,--,--,0,0,0.00,0
106/10/18,--,--,--,--,0,0,0.00,0
106/10/19,--,--,--,--,0,0,0.00,0
106/10/20,--,--,--,--,0,0,0.00,0
106/10/23,--,--,--,--,0,0,0.00,0
106/10/24,--,--,--,--,0,0,0.00,0
106/10/25,--,--,--,--,0,0,0.00,0
106/10/26,--,--,--,--,0,0,0.00,0
106/10/27,--,--,--,--,0,0,0.00,0
106/10/30,--,--,--,--,0,0,0.00,0
106/10/31,--,--,--,--,0,0,0.00,0
106/11/01,--,--,--,--,0,0,0.00,0
106/11/02,--,--,--,--,0,0,0.00,0
106/11/03,--,--,--,--,0,0,0.00,0
106/11/06,--,--,--,--,0,0,0.00,0
106/11/07,--,--,--,--,0,0,0.00,0
106/11/08,--,--,--,--,0,0,0.00,0
106/11/09,1.32,1.32,1.14,1.14,2100000,2678000,0.00,21
106/11/10,--,--,--,--,0,0,0.00,0
106/11/13,--,--,--,--,0,0,0.00,0
106/11/14,--,--,--,--,0,0,0.00,0
106/11/15,--,--,--,--,0,0,0.00,0
106/11/16,--,--,--,--,0,0,0.00,0
109/04/09,--,--,--,--,0,0,0.00,0
109/04/10,1.24,1.24,1.24,1.24,5000,6200,0.00,5
109/04/13,1.21,1.21,1.21,1.21,5000,6050,-0.03,1
109/04/14,1.23,1.23,1.23,1.23,5000,6150,0.02,1
109/04/15,--,--,--,--,0,0,0.00,0
109/04/16,1.27,1.27,1.26,1.26,30000,38000,0.00,2
109/04/17,1.28,1.28,1.28,1.28,1000,1280,0.02,1
109/04/20,--,--,--,--,0,0,0.00,0
109/04/21,1.16,1.16,1.16,1.16,1000,1160,0.00,1
109/04/22,1.12,1.12,1.12,1.12,30000,33600,-0.04,1
109/04/23,1.18,1.18,1.18,1.18,5000,5900,0.06,1
109/04/24,1.12,1.12,1.12,1.12,5000,5600,-0.06,1
109/04/27,--,--,--,--,0,0,0.00,0
109/04/28,--,--,--,--,0,0,0.00,0
109/04/29,--,--,--,--,0,0,0.00,0
109/04/30,1.46,1.46,1.46,1.46,20000,29200,0.00,1
109/05/04,1.28,1.28,1.26,1.26,30000,38200,-0.20,2
109/05/05,1.32,1.32,1.32,1.32,11000,14520,0.06,1
109/05/06,1.37,1.37,1.37,1.37,11000,15070,0.05,1
109/05/07,1.46,1.46,1.46,1.46,10000,14600,0.09,1
109/05/08,1.60,1.60,1.60,1.60,50000,80000,0.14,1
109/05/11,1.62,1.62,1.58,1.58,50000,80100,-0.02,5
109/05/12,--,--,--,--,0,0,0.00,0
109/05/13,1.44,1.52,1.44,1.52,70000,104800,0.00,3
109/05/14,1.47,1.47,1.43,1.43,8000,11560,-0.09,2
109/05/15,--,--,--,--,0,0,0.00,0
109/05/14,1.47,1.47,1.43,1.43,8000,11560,-0.09,2
109/05/13,1.44,1.52,1.44,1.52,70000,104800,0.00,3
109/05/12,--,--,--,--,0,0,0.00,0
109/05/11,1.62,1.62,1.58,1.58,50000,80100,-0.02,5
109/05/08,1.60,1.60,1.60,1.60,50000,80000,0.14,1
109/05/07,1.46,1.46,1.46,1.46,10000,14600,0.09,1
109/05/06,1.37,1.37,1.37,1.37,11000,15070,0.05,1
109/05/05,1.32,1.32,1.32,1.32,11000,14520,0.06,1
109/05/04,1.28,1.28,1.26,1.26,30000,38200,-0.20,2
109/04/30,1.46,1.46,1.46,1.46,20000,29200,0.00,1
109/04/29,--,--,--,--,0,0,0.00,0
109/04/28,--,--,--,--,0,0,0.00,0
109/04/27,--,--,--,--,0,0,0.00,0
