106/09/25,0.11,0.17,0.11,0.17,60000,7450,0.01,3
106/09/26,0.16,0.16,0.12,0.12,26000,3520,-0.05,2
106/09/27,--,--,--,--,0,0,0.00,0
106/09/28,0.11,0.11,0.11,0.11,25000,2750,0.00,1
106/09/29,0.17,0.23,0.17,0.21,41000,8170,0.10,6
106/09/30,0.17,0.22,0.17,0.22,49000,9680,0.01,8
106/10/02,0.24,0.32,0.22,0.23,197000,48770,0.01,19
106/10/03,0.17,0.21,0.17,0.20,239000,45210,-0.03,3
106/10/05,0.20,0.22,0.20,0.22,6000,1260,0.02,2
106/10/06,0.17,0.17,0.17,0.17,8000,1360,-0.05,1
106/10/11,--,--,--,--,0,0,0.00,0
106/10/12,0.16,0.16,0.16,0.16,15000,2400,0.00,2
106/10/13,0.13,0.13,0.13,0.13,15000,1950,-0.03,2
106/10/16,0.15,0.15,0.15,0.15,4000,600,0.02,2
106/10/17,0.12,0.12,0.12,0.12,4000,480,-0.03,1
106/10/18,--,--,--,--,0,0,0.00,0
106/10/19,--,--,--,--,0,0,0.00,0
106/10/20,--,--,--,--,0,0,0.00,0
106/10/23,--,--,--,--,0,0,0.00,0
106/10/24,0.07,0.07,0.07,0.07,10000,700,0.00,1
106/10/25,--,--,--,--,0,0,0.00,0
106/10/26,--,--,--,--,0,0,0.00,0
106/10/27,--,--,--,--,0,0,0.00,0
106/10/30,--,--,--,--,0,0,0.00,0
106/10/31,--,--,--,--,0,0,0.00,0
106/11/01,--,--,--,--,0,0,0.00,0
106/11/02,--,--,--,--,0,0,0.00,0
106/11/03,--,--,--,--,0,0,0.00,0
106/11/06,--,--,--,--,0,0,0.00,0
106/11/07,--,--,--,--,0,0,0.00,0
106/11/08,--,--,--,--,0,0,0.00,0
106/11/09,--,--,--,--,0,0,0.00,0
106/11/10,--,--,--,--,0,0,0.00,0
106/11/13,--,--,--,--,0,0,0.00,0
106/11/14,--,--,--,--,0,0,0.00,0
106/11/15,--,--,--,--,0,0,0.00,0
106/11/16,--,--,--,--,0,0,0.00,0
106/11/17,--,--,--,--,0,0,0.00,0
106/11/20,--,--,--,--,0,0,0.00,0
106/11/21,--,--,--,--,0,0,0.00,0
109/04/13,2.16,2.16,2.09,2.09,68000,142860,-0.26,7
109/04/14,2.11,2.18,2.11,2.14,262000,567730,0.05,18
109/04/15,2.10,2.25,2.09,2.19,308000,664710,0.05,31
109/04/16,2.09,2.19,2.09,2.19,182000,391850,0.00,19
109/04/17,2.30,2.30,2.13,2.13,43000,96770,-0.06,6
109/04/20,2.08,2.14,2.08,2.13,95000,200950,0.00,5
109/04/21,2.04,2.04,1.87,1.87,12000,22610,-0.26,3
109/04/22,1.95,1.99,1.95,1.99,96000,189200,0.12,5
109/04/23,2.06,2.06,1.97,1.97,106000,216100,-0.02,12
109/04/24,--,--,--,--,0,0,0.00,0
109/04/27,2.05,2.13,2.05,2.11,27000,56430,0.00,4
109/04/28,2.17,2.25,2.12,2.24,148000,324200,0.13,12
109/04/29,2.30,2.38,2.28,2.38,260000,603770,0.14,20
109/04/30,2.47,2.47,2.37,2.37,65000,158270,-0.01,8
109/05/04,2.17,2.17,2.17,2.17,30000,65100,-0.20,1
109/05/05,--,--,--,--,0,0,0.00,0
109/05/06,--,--,--,--,0,0,0.00,0
109/05/07,2.33,2.33,2.33,2.33,12000,27960,0.00,1
109/05/08,2.33,2.33,2.30,2.30,72000,165960,-0.03,2
109/05/11,2.26,2.34,2.26,2.31,120000,276500,0.01,4
109/05/12,2.19,2.19,2.19,2.19,112000,245280,-0.12,3
109/05/13,--,--,--,--,0,0,0.00,0
109/05/14,--,--,--,--,0,0,0.00,0
109/05/15,--,--,--,--,0,0,0.00,0
109/05/14,--,--,--,--,0,0,0.00,0
109/05/13,--,--,--,--,0,0,0.00,0
109/05/12,2.19,2.19,2.19,2.19,112000,245280,-0.12,3
109/05/11,2.26,2.34,2.26,2.31,120000,276500,0.01,4
109/05/08,2.33,2.33,2.30,2.30,72000,165960,-0.03,2
109/05/07,2.33,2.33,2.33,2.33,12000,27960,0.00,1
109/05/06,--,--,--,--,0,0,0.00,0
109/05/05,--,--,--,--,0,0,0.00,0
109/05/04,2.17,2.17,2.17,2.17,30000,65100,-0.20,1
109/04/30,2.47,2.47,2.37,2.37,65000,158270,-0.01,8
109/04/29,2.30,2.38,2.28,2.38,260000,603770,0.14,20
109/04/28,2.17,2.25,2.12,2.24,148000,324200,0.13,12
109/04/27,2.05,2.13,2.05,2.11,27000,56430,0.00,4
