106/09/25,--,--,--,--,0,0,0.00,0
106/09/26,--,--,--,--,0,0,0.00,0
106/09/27,2.62,2.62,2.62,2.62,6000,15720,0.00,1
106/09/28,2.57,2.57,2.57,2.57,6000,15420,-0.05,1
106/09/29,--,--,--,--,0,0,0.00,0
106/09/30,--,--,--,--,0,0,0.00,0
106/10/02,2.68,2.71,2.66,2.71,26000,69610,0.00,3
106/10/03,2.71,2.71,2.71,2.71,5000,13550,0.00,1
106/10/05,--,--,--,--,0,0,0.00,0
106/10/06,--,--,--,--,0,0,0.00,0
106/10/11,2.86,2.86,2.86,2.86,31000,88660,0.00,1
106/10/12,--,--,--,--,0,0,0.00,0
106/10/13,--,--,--,--,0,0,0.00,0
106/10/16,2.90,2.90,2.90,2.90,1000,2900,0.00,1
106/10/17,2.79,2.79,2.79,2.79,1000,2790,-0.11,1
106/10/18,--,--,--,--,0,0,0.00,0
106/10/19,2.91,2.91,2.91,2.91,6000,17460,0.00,1
106/10/20,--,--,--,--,0,0,0.00,0
106/10/23,--,--,--,--,0,0,0.00,0
106/10/24,2.83,2.83,2.83,2.83,6000,16980,0.00,1
106/10/25,--,--,--,--,0,0,0.00,0
106/10/26,--,--,--,--,0,0,0.00,0
106/10/27,3.18,3.18,3.18,3.18,1000,3180,0.00,1
106/10/30,--,--,--,--,0,0,0.00,0
106/10/31,3.17,3.17,3.17,3.17,1000,3170,0.00,1
106/11/01,--,--,--,--,0,0,0.00,0
106/11/02,3.10,3.10,3.10,3.10,4000,12400,0.00,1
106/11/03,--,--,--,--,0,0,0.00,0
106/11/06,--,--,--,--,0,0,0.00,0
106/11/07,--,--,--,--,0,0,0.00,0
106/11/08,--,--,--,--,0,0,0.00,0
106/11/09,--,--,--,--,0,0,0.00,0
106/11/10,--,--,--,--,0,0,0.00,0
106/11/13,--,--,--,--,0,0,0.00,0
106/11/14,--,--,--,--,0,0,0.00,0
106/11/15,3.52,3.52,3.52,3.52,1000,3520,0.00,1
106/11/16,3.44,3.59,3.44,3.59,2000,7030,0.07,2
106/11/17,--,--,--,--,0,0,0.00,0
106/11/20,--,--,--,--,0,0,0.00,0
106/11/21,--,--,--,--,0,0,0.00,0
106/11/22,5.10,5.10,5.10,5.10,2000,10200,0.00,1
106/11/23,5.10,5.10,5.10,5.10,5000,25500,0.00,1
106/11/24,--,--,--,--,0,0,0.00,0
106/11/27,--,--,--,--,0,0,0.00,0
106/11/28,--,--,--,--,0,0,0.00,0
106/11/29,--,--,--,--,0,0,0.00,0
106/11/30,--,--,--,--,0,0,0.00,0
106/12/01,--,--,--,--,0,0,0.00,0
106/12/04,--,--,--,--,0,0,0.00,0
106/12/05,--,--,--,--,0,0,0.00,0
106/12/06,--,--,--,--,0,0,0.00,0
106/12/07,--,--,--,--,0,0,0.00,0
106/12/08,--,--,--,--,0,0,0.00,0
106/12/11,--,--,--,--,0,0,0.00,0
106/12/12,--,--,--,--,0,0,0.00,0
106/12/13,--,--,--,--,0,0,0.00,0
106/12/14,--,--,--,--,0,0,0.00,0
106/12/15,--,--,--,--,0,0,0.00,0
106/12/18,--,--,--,--,0,0,0.00,0
106/12/19,--,--,--,--,0,0,0.00,0
106/12/20,--,--,--,--,0,0,0.00,0
106/12/21,--,--,--,--,0,0,0.00,0
106/12/22,--,--,--,--,0,0,0.00,0
106/12/25,--,--,--,--,0,0,0.00,0
106/12/26,--,--,--,--,0,0,0.00,0
106/12/27,--,--,--,--,0,0,0.00,0
106/12/28,--,--,--,--,0,0,0.00,0
109/04/16,--,--,--,--,0,0,0.00,0
109/04/17,--,--,--,--,0,0,0.00,0
109/04/20,--,--,--,--,0,0,0.00,0
109/04/21,2.01,2.01,1.99,1.99,471000,946510,0.00,2
109/04/22,2.06,2.06,2.02,2.02,471000,956390,0.03,3
109/04/23,1.88,1.92,1.88,1.92,509000,976880,-0.10,3
109/04/24,1.92,1.93,1.92,1.93,509000,982270,0.01,3
109/04/27,--,--,--,--,0,0,0.00,0
109/04/28,--,--,--,--,0,0,0.00,0
109/04/29,--,--,--,--,0,0,0.00,0
109/04/30,1.57,1.58,1.54,1.54,12000,18820,0.00,3
109/05/04,1.69,1.69,1.66,1.66,14000,23560,0.12,5
109/05/05,1.59,1.59,1.59,1.59,4000,6360,-0.07,3
109/05/06,1.63,1.65,1.60,1.61,36000,58400,0.02,7
109/05/07,1.57,1.57,1.54,1.54,84000,129480,-0.07,3
109/05/08,1.50,1.50,1.49,1.49,72000,107300,-0.05,2
109/05/11,1.46,1.46,1.43,1.44,42000,61270,-0.05,3
109/05/12,1.47,1.50,1.47,1.50,5000,7400,0.06,3
109/05/13,1.47,1.47,1.47,1.47,1000,1470,-0.03,1
109/05/14,1.49,1.49,1.49,1.49,40000,59600,0.02,2
109/05/15,--,--,--,--,0,0,0.00,0
109/05/14,1.49,1.49,1.49,1.49,40000,59600,0.02,2
109/05/13,1.47,1.47,1.47,1.47,1000,1470,-0.03,1
109/05/12,1.47,1.50,1.47,1.50,5000,7400,0.06,3
109/05/11,1.46,1.46,1.43,1.44,42000,61270,-0.05,3
109/05/08,1.50,1.50,1.49,1.49,72000,107300,-0.05,2
109/05/07,1.57,1.57,1.54,1.54,84000,129480,-0.07,3
109/05/06,1.63,1.65,1.60,1.61,36000,58400,0.02,7
109/05/05,1.59,1.59,1.59,1.59,4000,6360,-0.07,3
109/05/04,1.69,1.69,1.66,1.66,14000,23560,0.12,5
109/04/30,1.57,1.58,1.54,1.54,12000,18820,0.00,3
109/04/29,--,--,--,--,0,0,0.00,0
109/04/28,--,--,--,--,0,0,0.00,0
109/04/27,--,--,--,--,0,0,0.00,0
