106/09/25,--,--,--,--,0,0,0.00,0
106/09/26,--,--,--,--,0,0,0.00,0
106/09/27,--,--,--,--,0,0,0.00,0
106/09/28,0.44,0.48,0.44,0.47,79000,36190,0.00,3
106/09/29,0.46,0.46,0.46,0.46,38000,17480,-0.01,1
106/09/30,0.36,0.36,0.36,0.36,41000,14760,-0.10,1
106/10/02,--,--,--,--,0,0,0.00,0
106/10/03,--,--,--,--,0,0,0.00,0
106/10/05,--,--,--,--,0,0,0.00,0
106/10/06,0.31,0.31,0.31,0.31,100000,31000,0.00,2
106/10/11,--,--,--,--,0,0,0.00,0
106/10/12,--,--,--,--,0,0,0.00,0
106/10/13,0.27,0.27,0.27,0.27,20000,5400,0.00,1
106/10/16,0.31,0.50,0.31,0.48,271000,111590,0.21,9
106/10/17,0.61,0.70,0.61,0.68,380000,258650,0.20,10
106/10/18,0.75,0.80,0.73,0.73,258000,199140,0.05,11
106/10/19,0.62,0.73,0.62,0.73,160000,107300,0.00,7
106/10/20,0.65,0.98,0.63,0.86,917000,760790,0.13,30
106/10/23,0.93,0.93,0.80,0.81,879000,775090,-0.05,47
106/10/24,0.81,1.01,0.74,0.88,286000,243160,0.07,21
106/10/25,0.81,0.81,0.72,0.72,206000,162480,-0.16,15
106/10/26,0.76,0.80,0.73,0.73,63000,48970,0.01,6
106/10/27,0.72,0.72,0.62,0.62,43000,29730,-0.11,4
106/10/30,0.58,0.58,0.58,0.58,10000,5800,-0.04,1
106/10/31,0.56,0.69,0.56,0.65,130000,85680,0.07,14
106/11/01,0.63,0.74,0.57,0.71,193000,131080,0.06,11
106/11/02,0.68,0.72,0.66,0.71,130000,90800,0.00,12
106/11/03,0.71,0.71,0.61,0.61,110000,70000,-0.10,6
106/11/06,0.57,0.70,0.53,0.70,110000,67400,0.09,10
106/11/07,0.66,0.66,0.61,0.65,90000,58800,-0.05,4
106/11/08,0.63,0.84,0.63,0.84,110000,78100,0.19,11
106/11/09,0.75,1.19,0.74,0.91,255000,237350,0.07,22
106/11/10,1.02,1.03,1.00,1.00,150000,151300,0.09,11
106/11/13,0.71,0.82,0.50,0.69,90000,61740,-0.31,11
106/11/14,0.66,0.70,0.54,0.70,110000,69500,0.01,6
106/11/15,0.48,0.57,0.48,0.57,70000,35800,-0.13,7
106/11/16,0.51,0.54,0.46,0.51,120000,60600,-0.06,10
106/11/17,0.62,0.62,0.51,0.51,100000,58600,0.00,6
106/11/20,0.46,0.54,0.41,0.54,80000,36900,0.03,6
106/11/21,0.52,0.67,0.52,0.62,80000,45500,0.08,6
106/11/22,0.49,0.49,0.49,0.49,30000,14700,-0.13,2
106/11/23,0.52,0.52,0.52,0.52,20000,10400,0.03,1
106/11/24,0.63,0.72,0.63,0.72,20000,13500,0.20,2
106/11/27,--,--,--,--,0,0,0.00,0
106/11/28,--,--,--,--,0,0,0.00,0
106/11/29,--,--,--,--,0,0,0.00,0
106/11/30,--,--,--,--,0,0,0.00,0
109/04/17,--,--,--,--,0,0,0.00,0
109/04/20,--,--,--,--,0,0,0.00,0
109/04/21,--,--,--,--,0,0,0.00,0
109/04/22,0.93,0.93,0.93,0.93,27000,25110,0.00,1
109/04/23,1.01,1.01,1.01,1.01,27000,27270,0.08,1
109/04/24,--,--,--,--,0,0,0.00,0
109/04/27,0.98,1.10,0.98,1.09,651000,679400,0.00,23
109/04/28,1.13,1.23,1.09,1.21,684000,817050,0.12,38
109/04/29,1.26,1.26,1.21,1.23,105000,130300,0.02,7
109/04/30,1.25,1.46,1.25,1.43,849000,1170690,0.20,34
109/05/04,1.26,1.60,1.25,1.54,736000,1059360,0.11,32
109/05/05,1.60,1.60,1.47,1.47,85000,130920,-0.07,7
109/05/06,1.48,1.48,1.43,1.43,178000,261820,-0.04,10
109/05/07,1.32,1.40,1.29,1.40,168000,222470,-0.03,7
109/05/08,--,--,--,--,0,0,0.00,0
109/05/11,1.28,1.31,1.28,1.31,207000,267030,0.00,7
109/05/12,1.19,1.20,1.12,1.12,211000,249720,-0.19,10
109/05/13,1.14,1.24,1.14,1.15,168000,203150,0.03,11
109/05/14,1.11,1.13,1.03,1.03,133000,145530,-0.12,5
109/05/15,1.06,1.06,1.06,1.06,10000,10600,0.03,1
109/05/14,1.11,1.13,1.03,1.03,133000,145530,-0.12,5
109/05/13,1.14,1.24,1.14,1.15,168000,203150,0.03,11
109/05/12,1.19,1.20,1.12,1.12,211000,249720,-0.19,10
109/05/11,1.28,1.31,1.28,1.31,207000,267030,0.00,7
109/05/08,--,--,--,--,0,0,0.00,0
109/05/07,1.32,1.40,1.29,1.40,168000,222470,-0.03,7
109/05/06,1.48,1.48,1.43,1.43,178000,261820,-0.04,10
109/05/05,1.60,1.60,1.47,1.47,85000,130920,-0.07,7
109/05/04,1.26,1.60,1.25,1.54,736000,1059360,0.11,32
109/04/30,1.25,1.46,1.25,1.43,849000,1170690,0.20,34
109/04/29,1.26,1.26,1.21,1.23,105000,130300,0.02,7
109/04/28,1.13,1.23,1.09,1.21,684000,817050,0.12,38
109/04/27,0.98,1.10,0.98,1.09,651000,679400,0.00,23
