106/09/25,--,--,--,--,0,0,0.00,0
106/09/26,--,--,--,--,0,0,0.00,0
106/09/27,--,--,--,--,0,0,0.00,0
106/09/28,--,--,--,--,0,0,0.00,0
106/09/29,0.42,0.42,0.42,0.42,1000,420,0.00,1
106/09/30,--,--,--,--,0,0,0.00,0
106/10/02,--,--,--,--,0,0,0.00,0
106/10/03,--,--,--,--,0,0,0.00,0
106/10/05,--,--,--,--,0,0,0.00,0
106/10/06,--,--,--,--,0,0,0.00,0
106/10/11,0.33,0.33,0.33,0.33,11000,3630,0.00,1
106/10/12,0.39,0.45,0.39,0.45,39000,16890,0.12,2
106/10/13,--,--,--,--,0,0,0.00,0
106/10/16,--,--,--,--,0,0,0.00,0
106/10/17,--,--,--,--,0,0,0.00,0
106/10/18,--,--,--,--,0,0,0.00,0
106/10/19,--,--,--,--,0,0,0.00,0
106/10/20,--,--,--,--,0,0,0.00,0
106/10/23,0.36,0.36,0.36,0.36,11000,3960,0.00,1
106/10/24,0.44,0.45,0.44,0.45,33000,14630,0.09,3
106/10/25,0.37,0.37,0.37,0.37,22000,8140,-0.08,1
106/10/26,--,--,--,--,0,0,0.00,0
106/10/27,--,--,--,--,0,0,0.00,0
106/10/30,0.30,0.30,0.30,0.30,21000,6300,0.00,2
106/10/31,0.33,0.33,0.33,0.33,21000,6930,0.03,2
106/11/01,0.33,0.33,0.33,0.33,11000,3630,0.00,1
106/11/02,0.33,0.33,0.33,0.33,11000,3630,0.00,1
106/11/03,--,--,--,--,0,0,0.00,0
106/11/06,--,--,--,--,0,0,0.00,0
106/11/07,--,--,--,--,0,0,0.00,0
106/11/08,--,--,--,--,0,0,0.00,0
106/11/09,--,--,--,--,0,0,0.00,0
106/11/10,--,--,--,--,0,0,0.00,0
106/11/13,--,--,--,--,0,0,0.00,0
106/11/14,--,--,--,--,0,0,0.00,0
106/11/15,--,--,--,--,0,0,0.00,0
106/11/16,--,--,--,--,0,0,0.00,0
106/11/17,--,--,--,--,0,0,0.00,0
106/11/20,--,--,--,--,0,0,0.00,0
106/11/21,--,--,--,--,0,0,0.00,0
106/11/22,--,--,--,--,0,0,0.00,0
106/11/23,--,--,--,--,0,0,0.00,0
106/11/24,--,--,--,--,0,0,0.00,0
106/11/27,--,--,--,--,0,0,0.00,0
106/11/28,--,--,--,--,0,0,0.00,0
106/11/29,--,--,--,--,0,0,0.00,0
106/11/30,--,--,--,--,0,0,0.00,0
106/12/01,--,--,--,--,0,0,0.00,0
109/04/21,1.84,1.84,1.82,1.83,7000,12790,0.15,3
109/04/22,1.94,2.19,1.94,2.17,725000,1504090,0.34,62
109/04/23,2.18,2.49,2.08,2.47,970000,2154310,0.30,57
109/04/24,2.52,2.77,2.48,2.75,386000,1010980,0.28,25
109/04/27,2.88,2.94,2.70,2.70,199000,568950,-0.05,16
109/04/28,2.83,2.99,2.83,2.86,18000,51420,0.16,5
109/04/29,--,--,--,--,0,0,0.00,0
109/04/30,2.66,2.76,2.54,2.76,19000,51200,0.00,5
109/05/04,2.92,2.92,2.79,2.82,4000,11320,0.06,3
109/05/05,2.95,2.95,2.95,2.95,1000,2950,0.13,1
109/05/06,3.15,3.47,3.15,3.43,23000,76150,0.48,5
109/05/07,3.54,3.54,3.35,3.54,4000,13780,0.11,3
109/05/08,3.54,3.54,3.17,3.17,3000,9880,-0.37,2
109/05/11,--,--,--,--,0,0,0.00,0
109/05/12,3.26,3.26,3.08,3.08,70000,223000,0.00,7
109/05/13,3.39,3.39,3.39,3.39,2000,6780,0.31,1
109/05/14,--,--,--,--,0,0,0.00,0
109/05/15,--,--,--,--,0,0,0.00,0
109/05/14,--,--,--,--,0,0,0.00,0
109/05/13,3.39,3.39,3.39,3.39,2000,6780,0.31,1
109/05/12,3.26,3.26,3.08,3.08,70000,223000,0.00,7
109/05/11,--,--,--,--,0,0,0.00,0
109/05/08,3.54,3.54,3.17,3.17,3000,9880,-0.37,2
109/05/07,3.54,3.54,3.35,3.54,4000,13780,0.11,3
109/05/06,3.15,3.47,3.15,3.43,23000,76150,0.48,5
109/05/05,2.95,2.95,2.95,2.95,1000,2950,0.13,1
109/05/04,2.92,2.92,2.79,2.82,4000,11320,0.06,3
109/04/30,2.66,2.76,2.54,2.76,19000,51200,0.00,5
109/04/29,--,--,--,--,0,0,0.00,0
109/04/28,2.83,2.99,2.83,2.86,18000,51420,0.16,5
109/04/27,2.88,2.94,2.70,2.70,199000,568950,-0.05,16
