106/09/25,0.21,0.21,0.11,0.16,790000,114930,-0.07,34
106/09/26,0.14,0.16,0.11,0.11,270000,38200,-0.05,11
106/09/27,0.14,0.17,0.14,0.17,22000,3140,0.06,2
106/09/28,0.13,0.17,0.13,0.17,29000,3970,0.00,3
106/09/29,0.11,0.11,0.10,0.11,339000,34390,-0.06,22
106/09/30,0.14,0.15,0.14,0.15,21000,2950,0.04,3
106/10/02,0.17,0.30,0.17,0.30,95000,22500,0.15,10
106/10/03,0.35,0.35,0.24,0.25,91000,24950,-0.05,10
106/10/05,0.29,0.33,0.28,0.33,51000,15690,0.08,7
106/10/06,0.43,0.49,0.39,0.49,145000,61090,0.16,7
106/10/11,0.44,0.44,0.38,0.39,113000,43570,-0.10,12
106/10/12,0.32,0.37,0.32,0.37,211000,68070,-0.02,3
106/10/13,0.22,0.25,0.22,0.24,51000,11450,-0.13,6
106/10/16,0.29,0.29,0.29,0.29,5000,1450,0.05,1
106/10/17,--,--,--,--,0,0,0.00,0
106/10/18,0.17,0.17,0.17,0.17,20000,3400,0.00,2
106/10/19,0.12,0.14,0.12,0.14,470000,64900,-0.03,29
106/10/20,0.12,0.14,0.12,0.14,412000,49660,0.00,43
106/10/23,0.19,0.19,0.19,0.19,1000,190,0.05,1
106/10/24,0.20,0.20,0.19,0.19,41000,7800,0.00,5
106/10/25,0.21,0.21,0.19,0.19,30000,6000,0.00,3
106/10/26,0.20,0.20,0.20,0.20,1000,200,0.01,1
106/10/27,0.18,0.18,0.17,0.17,20000,3500,-0.03,2
106/10/30,0.15,0.15,0.09,0.09,110000,10500,-0.08,2
106/10/31,0.20,0.20,0.20,0.20,65000,13000,0.11,5
106/11/01,0.19,0.23,0.19,0.20,705000,137880,0.00,5
106/11/02,--,--,--,--,0,0,0.00,0
106/11/03,0.20,0.20,0.20,0.20,20000,4000,0.00,1
106/11/06,0.25,0.35,0.25,0.35,149000,45430,0.15,7
106/11/07,0.20,0.29,0.13,0.29,51000,10160,-0.06,6
106/11/08,0.23,0.24,0.14,0.20,101000,18300,-0.09,6
106/11/09,--,--,--,--,0,0,0.00,0
106/11/10,0.17,0.17,0.17,0.17,400000,68000,0.00,2
106/11/13,--,--,--,--,0,0,0.00,0
106/11/14,--,--,--,--,0,0,0.00,0
106/11/15,0.12,0.14,0.10,0.10,59000,6880,0.00,3
106/11/16,--,--,--,--,0,0,0.00,0
106/11/17,0.06,0.06,0.06,0.06,180000,10800,0.00,1
106/11/20,--,--,--,--,0,0,0.00,0
106/11/21,0.05,0.05,0.05,0.05,10000,500,0.00,1
106/11/22,0.08,0.16,0.08,0.12,36000,5080,0.07,3
106/11/23,--,--,--,--,0,0,0.00,0
106/11/24,0.06,0.06,0.06,0.06,166000,9960,0.00,1
106/11/27,--,--,--,--,0,0,0.00,0
106/11/28,--,--,--,--,0,0,0.00,0
106/11/29,--,--,--,--,0,0,0.00,0
106/11/30,--,--,--,--,0,0,0.00,0
106/12/01,0.01,0.01,0.01,0.01,170000,1700,0.00,1
106/12/04,--,--,--,--,0,0,0.00,0
106/12/05,0.01,0.01,0.01,0.01,434000,4340,0.00,3
106/12/06,0.01,0.01,0.01,0.01,229000,2290,0.00,3
109/04/23,--,--,--,--,0,0,0.00,0
109/04/24,--,--,--,--,0,0,0.00,0
109/04/27,--,--,--,--,0,0,0.00,0
109/04/28,1.73,1.76,1.71,1.72,238000,408960,0.00,7
109/04/29,1.77,1.79,1.67,1.67,251000,443170,-0.05,20
109/04/30,1.72,1.72,1.68,1.68,94000,159800,0.01,3
109/05/04,1.53,1.53,1.53,1.53,20000,30600,-0.15,1
109/05/05,1.46,1.47,1.40,1.46,160000,231000,-0.07,20
109/05/06,1.45,1.45,1.42,1.42,111000,159250,-0.04,9
109/05/07,1.46,1.50,1.44,1.44,143000,210840,0.02,7
109/05/08,1.52,1.52,1.45,1.45,149000,223100,0.01,17
109/05/11,1.51,1.71,1.51,1.70,513000,830300,0.25,17
109/05/12,1.66,1.69,1.61,1.61,523000,856520,-0.09,24
109/05/13,1.49,1.49,1.49,1.49,1000,1490,-0.12,1
109/05/14,--,--,--,--,0,0,0.00,0
109/05/15,1.30,1.30,1.30,1.30,68000,88400,0.00,1
109/05/14,--,--,--,--,0,0,0.00,0
109/05/13,1.49,1.49,1.49,1.49,1000,1490,-0.12,1
109/05/12,1.66,1.69,1.61,1.61,523000,856520,-0.09,24
109/05/11,1.51,1.71,1.51,1.70,513000,830300,0.25,17
109/05/08,1.52,1.52,1.45,1.45,149000,223100,0.01,17
109/05/07,1.46,1.50,1.44,1.44,143000,210840,0.02,7
109/05/06,1.45,1.45,1.42,1.42,111000,159250,-0.04,9
109/05/05,1.46,1.47,1.40,1.46,160000,231000,-0.07,20
109/05/04,1.53,1.53,1.53,1.53,20000,30600,-0.15,1
109/04/30,1.72,1.72,1.68,1.68,94000,159800,0.01,3
109/04/29,1.77,1.79,1.67,1.67,251000,443170,-0.05,20
109/04/28,1.73,1.76,1.71,1.72,238000,408960,0.00,7
109/04/27,--,--,--,--,0,0,0.00,0
