106/09/25,0.33,0.33,0.29,0.31,198000,62460,-0.08,7
106/09/26,0.29,0.29,0.26,0.26,50000,13800,-0.05,5
106/09/27,--,--,--,--,0,0,0.00,0
106/09/28,0.25,0.25,0.19,0.21,74000,15430,0.00,6
106/09/29,0.20,0.20,0.20,0.20,10000,2000,-0.01,1
106/09/30,0.25,0.29,0.25,0.27,80000,20800,0.07,4
106/10/02,0.24,0.26,0.24,0.26,241000,60320,-0.01,9
106/10/03,0.23,0.24,0.23,0.24,170000,39400,-0.02,2
106/10/05,0.25,0.26,0.25,0.25,70000,17600,0.01,5
106/10/06,--,--,--,--,0,0,0.00,0
106/10/11,--,--,--,--,0,0,0.00,0
106/10/12,0.22,0.22,0.20,0.20,24000,4880,0.00,3
106/10/13,0.21,0.28,0.21,0.28,2000,490,0.08,2
106/10/16,0.20,0.24,0.20,0.24,41000,8640,-0.04,4
106/10/17,0.25,0.30,0.21,0.30,106000,24040,0.06,9
106/10/18,0.20,0.20,0.19,0.19,50000,9840,-0.11,5
106/10/19,0.18,0.21,0.18,0.21,34000,6420,0.02,2
106/10/20,0.15,0.16,0.15,0.16,30000,4600,-0.05,3
106/10/23,0.18,0.19,0.18,0.19,23000,4160,0.03,3
106/10/24,0.23,0.29,0.23,0.24,171000,42850,0.05,10
106/10/25,0.20,0.21,0.20,0.21,108000,22500,-0.03,7
106/10/26,0.15,0.17,0.15,0.17,14000,2150,-0.04,4
106/10/27,0.16,0.16,0.16,0.16,3000,480,-0.01,1
106/10/30,0.10,0.10,0.10,0.10,13000,1300,-0.06,2
106/10/31,0.11,0.12,0.11,0.11,65000,7450,0.01,4
106/11/01,0.12,0.13,0.11,0.13,92000,10870,0.02,6
106/11/02,0.10,0.15,0.10,0.13,106000,12850,0.00,5
106/11/03,0.09,0.10,0.08,0.08,163000,14370,-0.05,11
106/11/06,0.07,0.07,0.07,0.07,128000,8960,-0.01,2
106/11/07,--,--,--,--,0,0,0.00,0
106/11/08,--,--,--,--,0,0,0.00,0
106/11/09,0.04,0.04,0.04,0.04,10000,400,0.00,1
106/11/10,--,--,--,--,0,0,0.00,0
106/11/13,--,--,--,--,0,0,0.00,0
106/11/14,--,--,--,--,0,0,0.00,0
106/11/15,--,--,--,--,0,0,0.00,0
106/11/16,--,--,--,--,0,0,0.00,0
106/11/17,--,--,--,--,0,0,0.00,0
106/11/20,--,--,--,--,0,0,0.00,0
106/11/21,--,--,--,--,0,0,0.00,0
106/11/22,--,--,--,--,0,0,0.00,0
106/11/23,--,--,--,--,0,0,0.00,0
106/11/24,--,--,--,--,0,0,0.00,0
106/11/27,--,--,--,--,0,0,0.00,0
106/11/28,--,--,--,--,0,0,0.00,0
106/11/29,--,--,--,--,0,0,0.00,0
106/11/30,--,--,--,--,0,0,0.00,0
106/12/01,--,--,--,--,0,0,0.00,0
106/12/04,--,--,--,--,0,0,0.00,0
106/12/05,--,--,--,--,0,0,0.00,0
109/04/22,--,--,--,--,0,0,0.00,0
109/04/23,--,--,--,--,0,0,0.00,0
109/04/24,--,--,--,--,0,0,0.00,0
109/04/27,--,--,--,--,0,0,0.00,0
109/04/28,1.11,1.11,1.11,1.11,10000,11100,0.00,1
109/04/29,--,--,--,--,0,0,0.00,0
109/04/30,1.29,1.29,1.29,1.29,10000,12900,0.00,1
109/05/04,1.14,1.14,1.14,1.14,10000,11400,-0.15,1
109/05/05,1.20,1.21,1.16,1.18,63000,74880,0.04,8
109/05/06,--,--,--,--,0,0,0.00,0
109/05/07,1.19,1.25,1.19,1.24,37000,46080,0.00,3
109/05/08,1.27,1.27,1.24,1.25,78000,97830,0.01,7
109/05/11,1.28,1.31,1.28,1.30,43000,55700,0.05,5
109/05/12,1.23,1.23,1.21,1.21,50000,60700,-0.09,2
109/05/13,--,--,--,--,0,0,0.00,0
109/05/14,1.20,1.20,1.18,1.18,12000,14310,0.00,3
109/05/15,--,--,--,--,0,0,0.00,0
109/05/14,1.20,1.20,1.18,1.18,12000,14310,0.00,3
109/05/13,--,--,--,--,0,0,0.00,0
109/05/12,1.23,1.23,1.21,1.21,50000,60700,-0.09,2
109/05/11,1.28,1.31,1.28,1.30,43000,55700,0.05,5
109/05/08,1.27,1.27,1.24,1.25,78000,97830,0.01,7
109/05/07,1.19,1.25,1.19,1.24,37000,46080,0.00,3
109/05/06,--,--,--,--,0,0,0.00,0
109/05/05,1.20,1.21,1.16,1.18,63000,74880,0.04,8
109/05/04,1.14,1.14,1.14,1.14,10000,11400,-0.15,1
109/04/30,1.29,1.29,1.29,1.29,10000,12900,0.00,1
109/04/29,--,--,--,--,0,0,0.00,0
109/04/28,1.11,1.11,1.11,1.11,10000,11100,0.00,1
109/04/27,--,--,--,--,0,0,0.00,0
