106/09/25,0.39,0.39,0.28,0.29,6175000,2015200,-0.11,104
106/09/26,0.30,0.37,0.28,0.29,5903000,1895080,0.00,101
106/09/27,0.33,0.35,0.28,0.28,3609000,1123050,-0.01,67
106/09/28,0.31,0.32,0.26,0.30,3283000,960580,0.02,69
106/09/29,0.26,0.26,0.21,0.24,4070000,958780,-0.06,74
106/09/30,0.24,0.33,0.24,0.33,2441000,712870,0.09,66
106/10/02,0.31,0.49,0.30,0.48,5559000,2288220,0.15,120
106/10/03,0.52,0.52,0.41,0.42,4486000,2089300,-0.06,144
106/10/05,0.42,0.51,0.41,0.51,4867000,2280730,0.09,94
106/10/06,0.58,0.63,0.54,0.62,4884000,2860330,0.11,116
106/10/11,0.64,0.65,0.50,0.55,5162000,3045190,-0.07,121
106/10/12,0.57,0.59,0.50,0.53,2268000,1245080,-0.02,53
106/10/13,0.52,0.52,0.38,0.43,4498000,1897570,-0.10,109
106/10/16,0.39,0.51,0.39,0.42,4701000,2112590,-0.01,123
106/10/17,0.43,0.47,0.39,0.40,2407000,1014090,-0.02,55
106/10/18,0.44,0.44,0.30,0.36,5269000,1892300,-0.04,110
106/10/19,0.31,0.32,0.26,0.31,5209000,1534380,-0.05,116
106/10/20,0.31,0.33,0.27,0.33,4255000,1259570,0.02,69
106/10/23,0.33,0.39,0.33,0.34,3749000,1348230,0.01,77
106/10/24,0.37,0.37,0.33,0.36,1621000,570830,0.02,30
106/10/25,0.37,0.37,0.35,0.35,1555000,560930,-0.01,27
106/10/26,0.33,0.41,0.32,0.39,2086000,771340,0.04,57
106/10/27,0.38,0.39,0.22,0.24,7325000,2214720,-0.15,146
106/10/30,0.29,0.40,0.27,0.39,7243000,2377330,0.15,131
106/10/31,0.38,0.46,0.38,0.46,4704000,2010410,0.07,124
106/11/01,0.45,0.53,0.45,0.50,7459000,3729650,0.04,142
106/11/02,0.50,0.51,0.43,0.51,2353000,1097920,0.01,89
106/11/03,0.52,0.56,0.45,0.51,5960000,2987480,0.00,116
106/11/06,0.53,0.68,0.53,0.58,8584000,5176470,0.07,284
106/11/07,0.55,0.55,0.43,0.55,7976000,3882740,-0.03,221
106/11/08,0.58,0.60,0.46,0.46,8865000,4624840,-0.09,205
106/11/09,0.47,0.55,0.44,0.46,7124000,3590350,0.00,160
106/11/10,0.49,0.58,0.47,0.57,5278000,2767060,0.11,137
106/11/13,0.57,0.57,0.47,0.48,4117000,2131730,-0.09,99
106/11/14,0.52,0.55,0.50,0.54,5004000,2616520,0.06,68
106/11/15,0.53,0.58,0.48,0.48,4270000,2199370,-0.06,89
106/11/16,0.48,0.48,0.40,0.40,3464000,1453980,-0.08,105
106/11/17,0.45,0.47,0.44,0.45,2765000,1239940,0.05,53
106/11/20,0.45,0.45,0.39,0.42,2692000,1103160,-0.03,75
106/11/21,0.42,0.47,0.41,0.45,3212000,1421240,0.03,80
106/11/22,0.50,0.66,0.50,0.61,8858000,5216630,0.16,202
106/11/23,0.61,0.64,0.54,0.55,7328000,4294210,-0.06,116
106/11/24,0.55,0.56,0.50,0.54,3921000,2084950,-0.01,70
106/11/27,0.54,0.55,0.46,0.47,3775000,1891180,-0.07,88
106/11/28,0.47,0.47,0.40,0.43,3269000,1457950,-0.04,91
106/11/29,0.47,0.51,0.43,0.44,3779000,1746910,0.01,64
106/11/30,0.40,0.40,0.34,0.34,4983000,1819490,-0.10,128
106/12/01,0.34,0.39,0.30,0.37,4470000,1582500,0.03,98
106/12/04,0.34,0.36,0.26,0.36,4848000,1517170,-0.01,104
106/12/05,0.36,0.40,0.30,0.37,3901000,1355990,0.01,69
106/12/06,0.37,0.37,0.19,0.19,4955000,1268210,-0.18,154
106/12/07,0.22,0.23,0.17,0.18,2071000,401980,-0.01,105
106/12/08,0.20,0.21,0.17,0.20,1136000,217690,0.02,80
106/12/11,0.23,0.26,0.21,0.24,1708000,410620,0.04,70
106/12/12,0.23,0.23,0.19,0.21,2712000,545700,-0.03,46
106/12/13,0.20,0.21,0.20,0.20,230000,46210,-0.01,11
106/12/14,0.22,0.25,0.22,0.22,959000,224440,0.02,27
106/12/15,0.19,0.22,0.17,0.22,1339000,258530,0.00,34
106/12/18,0.20,0.23,0.19,0.23,2173000,456980,0.01,36
106/12/19,0.22,0.24,0.22,0.23,4749000,1093170,0.00,34
106/12/20,0.24,0.30,0.24,0.25,2608000,699980,0.02,56
106/12/21,0.26,0.27,0.25,0.26,1988000,516530,0.01,26
106/12/22,0.26,0.28,0.25,0.28,1080000,276500,0.02,29
106/12/25,0.24,0.24,0.20,0.21,1343000,295880,-0.07,27
106/12/26,0.19,0.19,0.10,0.12,3188000,496210,-0.09,61
106/12/27,0.13,0.15,0.12,0.14,717000,95090,0.02,18
106/12/28,0.14,0.20,0.14,0.20,3041000,563390,0.06,43
106/12/29,0.20,0.20,0.18,0.18,638000,117960,-0.02,8
107/01/02,0.15,0.18,0.14,0.16,375000,61600,-0.02,13
107/01/03,0.19,0.21,0.19,0.21,1277000,256520,0.05,32
107/01/04,0.21,0.21,0.19,0.19,268000,53220,-0.02,9
107/01/05,0.18,0.18,0.14,0.18,1143000,184010,-0.01,23
107/01/08,0.13,0.13,0.10,0.11,899000,99940,-0.07,15
107/01/09,0.12,0.13,0.12,0.12,781000,95220,0.01,14
107/01/10,0.12,0.12,0.07,0.08,1365000,120100,-0.04,17
107/01/11,0.10,0.10,0.08,0.08,308000,24940,0.00,6
107/01/12,0.09,0.13,0.09,0.12,1447000,160340,0.04,22
107/01/15,0.11,0.11,0.11,0.11,151000,16610,-0.01,5
107/01/16,0.10,0.13,0.10,0.13,442000,51470,0.02,13
107/01/17,0.08,0.08,0.08,0.08,300000,24000,-0.05,2
107/01/18,0.07,0.09,0.07,0.08,387000,30990,0.00,6
107/01/19,0.08,0.10,0.08,0.10,658000,54100,0.02,9
107/01/22,0.07,0.07,0.07,0.07,58000,4060,-0.03,1
107/01/23,--,--,--,--,0,0,0.00,0
107/01/24,--,--,--,--,0,0,0.00,0
107/01/25,0.03,0.03,0.03,0.03,34000,1020,0.00,2
107/01/26,--,--,--,--,0,0,0.00,0
107/01/29,0.01,0.01,0.01,0.01,50000,500,0.00,1
107/01/30,0.01,0.01,0.01,0.01,54000,540,0.00,2
107/01/31,0.01,0.01,0.01,0.01,418000,4180,0.00,9
107/02/01,0.01,0.01,0.01,0.01,145000,1450,0.00,4
107/02/02,0.02,0.07,0.02,0.05,648000,31710,0.04,15
107/02/05,0.01,0.02,0.01,0.01,66000,810,-0.04,6
107/02/06,0.01,0.01,0.01,0.01,1252000,12520,0.00,15
109/04/23,--,--,--,--,0,0,0.00,0
109/04/24,3.48,3.50,3.48,3.50,11000,38320,0.00,2
109/04/27,3.52,3.52,3.52,3.52,11000,38720,0.02,2
109/04/28,--,--,--,--,0,0,0.00,0
109/04/29,--,--,--,--,0,0,0.00,0
109/04/30,3.64,3.64,3.64,3.64,6000,21840,0.00,1
109/05/04,3.06,3.25,3.06,3.25,17000,54110,-0.39,2
109/05/05,3.58,3.58,3.56,3.56,17000,60640,0.31,2
109/05/06,3.34,3.34,3.34,3.34,6000,20040,-0.22,1
109/05/07,--,--,--,--,0,0,0.00,0
109/05/08,--,--,--,--,0,0,0.00,0
109/05/11,3.11,3.13,3.11,3.13,61000,190710,0.00,2
109/05/12,3.00,3.00,2.86,2.86,114000,341580,-0.27,4
109/05/13,2.70,2.70,2.70,2.70,50000,135000,-0.16,1
109/05/14,--,--,--,--,0,0,0.00,0
109/05/15,2.61,2.61,2.61,2.61,10000,26100,0.00,1
109/05/14,--,--,--,--,0,0,0.00,0
109/05/13,2.70,2.70,2.70,2.70,50000,135000,-0.16,1
109/05/12,3.00,3.00,2.86,2.86,114000,341580,-0.27,4
109/05/11,3.11,3.13,3.11,3.13,61000,190710,0.00,2
109/05/08,--,--,--,--,0,0,0.00,0
109/05/07,--,--,--,--,0,0,0.00,0
109/05/06,3.34,3.34,3.34,3.34,6000,20040,-0.22,1
109/05/05,3.58,3.58,3.56,3.56,17000,60640,0.31,2
109/05/04,3.06,3.25,3.06,3.25,17000,54110,-0.39,2
109/04/30,3.64,3.64,3.64,3.64,6000,21840,0.00,1
109/04/29,--,--,--,--,0,0,0.00,0
109/04/28,--,--,--,--,0,0,0.00,0
109/04/27,3.52,3.52,3.52,3.52,11000,38720,0.02,2
