106/09/25,--,--,--,--,0,0,0.00,0
106/09/26,--,--,--,--,0,0,0.00,0
106/09/27,--,--,--,--,0,0,0.00,0
106/09/28,--,--,--,--,0,0,0.00,0
106/09/29,--,--,--,--,0,0,0.00,0
106/09/30,--,--,--,--,0,0,0.00,0
106/10/02,--,--,--,--,0,0,0.00,0
106/10/03,--,--,--,--,0,0,0.00,0
106/10/05,--,--,--,--,0,0,0.00,0
106/10/06,--,--,--,--,0,0,0.00,0
106/10/11,--,--,--,--,0,0,0.00,0
106/10/12,--,--,--,--,0,0,0.00,0
106/10/13,--,--,--,--,0,0,0.00,0
106/10/16,--,--,--,--,0,0,0.00,0
106/10/17,--,--,--,--,0,0,0.00,0
106/10/18,--,--,--,--,0,0,0.00,0
106/10/19,--,--,--,--,0,0,0.00,0
106/10/20,--,--,--,--,0,0,0.00,0
106/10/23,--,--,--,--,0,0,0.00,0
106/10/24,--,--,--,--,0,0,0.00,0
106/10/25,--,--,--,--,0,0,0.00,0
106/10/26,--,--,--,--,0,0,0.00,0
106/10/27,--,--,--,--,0,0,0.00,0
106/10/30,--,--,--,--,0,0,0.00,0
106/10/31,--,--,--,--,0,0,0.00,0
106/11/01,3.14,3.22,3.14,3.22,20000,63600,0.00,2
106/11/02,2.77,2.77,2.77,2.77,20000,55400,-0.45,2
106/11/03,--,--,--,--,0,0,0.00,0
106/11/06,--,--,--,--,0,0,0.00,0
106/11/07,--,--,--,--,0,0,0.00,0
106/11/08,--,--,--,--,0,0,0.00,0
106/11/09,--,--,--,--,0,0,0.00,0
106/11/10,--,--,--,--,0,0,0.00,0
106/11/13,--,--,--,--,0,0,0.00,0
106/11/14,--,--,--,--,0,0,0.00,0
106/11/15,--,--,--,--,0,0,0.00,0
106/11/16,--,--,--,--,0,0,0.00,0
106/11/17,--,--,--,--,0,0,0.00,0
106/11/20,--,--,--,--,0,0,0.00,0
106/11/21,--,--,--,--,0,0,0.00,0
106/11/22,--,--,--,--,0,0,0.00,0
106/11/23,--,--,--,--,0,0,0.00,0
106/11/24,--,--,--,--,0,0,0.00,0
106/11/27,--,--,--,--,0,0,0.00,0
106/11/28,--,--,--,--,0,0,0.00,0
106/11/29,--,--,--,--,0,0,0.00,0
106/11/30,--,--,--,--,0,0,0.00,0
106/12/01,--,--,--,--,0,0,0.00,0
106/12/04,--,--,--,--,0,0,0.00,0
106/12/05,--,--,--,--,0,0,0.00,0
106/12/06,--,--,--,--,0,0,0.00,0
106/12/07,--,--,--,--,0,0,0.00,0
106/12/08,--,--,--,--,0,0,0.00,0
109/04/24,--,--,--,--,0,0,0.00,0
109/04/27,2.29,2.57,2.29,2.57,133000,315780,0.00,9
109/04/28,2.67,2.90,2.67,2.67,149000,417840,0.10,21
109/04/29,2.70,2.70,2.64,2.64,7000,18660,-0.03,2
109/04/30,2.77,2.81,2.68,2.76,32000,88140,0.12,7
109/05/04,2.54,2.74,2.54,2.74,98000,264240,-0.02,10
109/05/05,3.00,3.28,2.96,3.06,154000,474680,0.32,25
109/05/06,3.16,3.16,3.09,3.09,37000,115780,0.03,7
109/05/07,3.21,3.25,3.07,3.07,100000,314750,-0.02,13
109/05/08,--,--,--,--,0,0,0.00,0
109/05/11,3.00,3.06,3.00,3.05,109000,331350,0.00,6
109/05/12,3.13,3.13,2.93,2.95,112000,336950,-0.10,6
109/05/13,2.94,2.94,2.85,2.89,36000,103950,-0.06,6
109/05/14,2.71,2.72,2.71,2.72,50000,135750,-0.17,2
109/05/15,--,--,--,--,0,0,0.00,0
109/05/14,2.71,2.72,2.71,2.72,50000,135750,-0.17,2
109/05/13,2.94,2.94,2.85,2.89,36000,103950,-0.06,6
109/05/12,3.13,3.13,2.93,2.95,112000,336950,-0.10,6
109/05/11,3.00,3.06,3.00,3.05,109000,331350,0.00,6
109/05/08,--,--,--,--,0,0,0.00,0
109/05/07,3.21,3.25,3.07,3.07,100000,314750,-0.02,13
109/05/06,3.16,3.16,3.09,3.09,37000,115780,0.03,7
109/05/05,3.00,3.28,2.96,3.06,154000,474680,0.32,25
109/05/04,2.54,2.74,2.54,2.74,98000,264240,-0.02,10
109/04/30,2.77,2.81,2.68,2.76,32000,88140,0.12,7
109/04/29,2.70,2.70,2.64,2.64,7000,18660,-0.03,2
109/04/28,2.67,2.90,2.67,2.67,149000,417840,0.10,21
109/04/27,2.29,2.57,2.29,2.57,133000,315780,0.00,9
