106/09/25,1.23,1.54,1.17,1.32,571000,793680,-0.02,20
106/09/26,1.13,1.18,0.74,0.74,1059000,1143640,-0.58,53
106/09/27,1.15,1.40,1.09,1.36,1021000,1218340,0.62,51
106/09/28,1.39,1.39,1.15,1.20,632000,795560,-0.16,23
106/09/29,1.06,1.16,1.04,1.07,631000,688630,-0.13,22
106/09/30,1.28,1.31,1.14,1.14,589000,726710,0.07,24
106/10/02,1.25,1.51,1.24,1.27,669000,895330,0.13,16
106/10/03,1.29,1.45,1.22,1.45,448000,572690,0.18,13
106/10/05,1.55,1.56,1.49,1.49,356000,547980,0.04,13
106/10/06,1.54,1.61,1.16,1.27,428000,633360,-0.22,25
106/10/11,1.46,1.46,0.98,0.98,463000,609970,-0.29,34
106/10/12,1.25,1.61,1.25,1.55,1506000,2089100,0.57,62
106/10/13,1.31,1.35,1.15,1.24,1084000,1356830,-0.31,53
106/10/16,1.30,1.83,1.30,1.80,1055000,1630370,0.56,46
106/10/17,1.90,2.01,1.56,1.56,981000,1838710,-0.24,60
106/10/18,1.62,1.62,1.19,1.23,1121000,1444870,-0.33,56
106/10/19,1.35,1.60,1.33,1.60,1044000,1524180,0.37,27
106/10/20,1.30,1.31,1.15,1.20,1065000,1295420,-0.40,60
106/10/23,1.24,1.24,0.95,1.03,874000,932660,-0.17,47
106/10/24,0.97,1.18,0.97,1.08,848000,926480,0.05,27
106/10/25,1.10,1.17,1.04,1.17,618000,686930,0.09,22
106/10/26,1.19,1.35,1.06,1.06,926000,1134020,-0.11,24
106/10/27,1.08,1.17,0.94,0.94,992000,1047030,-0.12,31
106/10/30,1.15,1.45,1.15,1.28,1456000,1911380,0.34,68
106/10/31,1.32,1.37,1.19,1.26,534000,696350,-0.02,32
106/11/01,1.35,1.36,1.25,1.35,249000,324910,0.09,15
106/11/02,1.33,1.33,1.18,1.22,373000,452490,-0.13,22
106/11/03,1.45,1.89,1.45,1.85,1402000,2238300,0.63,79
106/11/06,1.85,1.85,1.35,1.48,647000,984250,-0.37,54
106/11/07,1.44,1.49,1.41,1.44,173000,252950,-0.04,17
106/11/08,1.49,1.70,1.40,1.48,576000,876490,0.04,46
106/11/09,1.47,1.47,1.00,1.11,1715000,2094170,-0.37,61
106/11/10,1.00,1.03,0.84,1.03,978000,886470,-0.08,60
106/11/13,0.92,0.95,0.80,0.88,590000,521340,-0.15,41
106/11/14,0.76,0.81,0.60,0.66,1009000,710250,-0.22,61
106/11/15,0.61,0.67,0.57,0.62,518000,318470,-0.04,45
106/11/16,0.62,0.65,0.58,0.64,148000,89790,0.02,13
106/11/17,0.58,0.58,0.50,0.53,255000,130470,-0.11,13
106/11/20,0.45,0.60,0.41,0.45,541000,249000,-0.08,30
106/11/21,0.47,0.47,0.37,0.45,426000,172850,0.00,37
106/11/22,0.32,0.46,0.32,0.41,366000,152990,-0.04,26
106/11/23,0.41,0.42,0.35,0.35,164000,67970,-0.06,7
106/11/24,0.34,0.41,0.34,0.38,395000,146550,0.03,23
106/11/27,0.37,0.37,0.17,0.17,1155000,237250,-0.21,50
106/11/28,0.17,0.17,0.08,0.15,470000,50690,-0.02,26
106/11/29,0.13,0.15,0.09,0.12,307000,35000,-0.03,29
106/11/30,0.07,0.09,0.06,0.06,612000,42630,-0.06,45
106/12/01,0.07,0.07,0.06,0.06,493000,30210,0.00,34
106/12/04,0.05,0.08,0.05,0.08,67000,3940,0.02,6
106/12/05,0.08,0.08,0.08,0.08,20000,1600,0.00,1
106/12/06,0.08,0.08,0.06,0.06,72000,4340,-0.02,5
106/12/07,--,--,--,--,0,0,0.00,0
106/12/08,--,--,--,--,0,0,0.00,0
106/12/11,--,--,--,--,0,0,0.00,0
106/12/12,0.04,0.04,0.04,0.04,48000,1920,0.00,2
106/12/13,--,--,--,--,0,0,0.00,0
106/12/14,--,--,--,--,0,0,0.00,0
106/12/15,--,--,--,--,0,0,0.00,0
106/12/18,0.01,0.01,0.01,0.01,30000,300,0.00,2
106/12/19,--,--,--,--,0,0,0.00,0
106/12/20,--,--,--,--,0,0,0.00,0
106/12/21,--,--,--,--,0,0,0.00,0
106/12/22,--,--,--,--,0,0,0.00,0
106/12/25,--,--,--,--,0,0,0.00,0
106/12/26,--,--,--,--,0,0,0.00,0
106/12/27,--,--,--,--,0,0,0.00,0
106/12/28,0.01,0.01,0.01,0.01,105000,1050,0.00,2
106/12/29,0.01,0.01,0.01,0.01,10000,100,0.00,1
107/01/02,--,--,--,--,0,0,0.00,0
107/01/03,--,--,--,--,0,0,0.00,0
107/01/04,--,--,--,--,0,0,0.00,0
107/01/05,--,--,--,--,0,0,0.00,0
107/01/08,--,--,--,--,0,0,0.00,0
107/01/09,--,--,--,--,0,0,0.00,0
107/01/10,--,--,--,--,0,0,0.00,0
107/01/11,--,--,--,--,0,0,0.00,0
109/04/27,--,--,--,--,0,0,0.00,0
109/04/28,--,--,--,--,0,0,0.00,0
109/04/29,3.72,3.78,3.72,3.78,16000,60000,0.00,2
109/04/30,3.84,4.13,3.83,4.13,80000,312780,0.35,12
109/05/04,3.87,4.05,3.86,3.86,75000,298020,-0.27,9
109/05/05,4.04,4.04,4.00,4.00,11000,44200,0.14,3
109/05/06,--,--,--,--,0,0,0.00,0
109/05/07,4.29,4.85,4.29,4.85,47000,210250,0.00,6
109/05/08,4.90,4.92,4.59,4.75,69000,326270,-0.10,6
109/05/11,4.68,4.68,4.62,4.68,64000,298200,-0.07,4
109/05/12,4.63,4.71,4.56,4.56,49000,226600,-0.12,4
109/05/13,4.52,4.81,4.49,4.74,53000,249130,0.18,4
109/05/14,5.30,6.05,5.30,6.05,58000,339300,1.31,6
109/05/15,6.70,6.70,6.35,6.50,27000,177800,0.45,9
109/05/14,5.30,6.05,5.30,6.05,58000,339300,1.31,6
109/05/13,4.52,4.81,4.49,4.74,53000,249130,0.18,4
109/05/12,4.63,4.71,4.56,4.56,49000,226600,-0.12,4
109/05/11,4.68,4.68,4.62,4.68,64000,298200,-0.07,4
109/05/08,4.90,4.92,4.59,4.75,69000,326270,-0.10,6
109/05/07,4.29,4.85,4.29,4.85,47000,210250,0.00,6
109/05/06,--,--,--,--,0,0,0.00,0
109/05/05,4.04,4.04,4.00,4.00,11000,44200,0.14,3
109/05/04,3.87,4.05,3.86,3.86,75000,298020,-0.27,9
109/04/30,3.84,4.13,3.83,4.13,80000,312780,0.35,12
109/04/29,3.72,3.78,3.72,3.78,16000,60000,0.00,2
109/04/28,--,--,--,--,0,0,0.00,0
109/04/27,--,--,--,--,0,0,0.00,0
