106/09/25,0.41,0.41,0.33,0.36,138000,52880,-0.09,9
106/09/26,0.35,0.43,0.35,0.40,413000,156830,0.04,15
106/09/27,0.37,0.37,0.34,0.34,335000,123050,-0.06,11
106/09/28,0.33,0.33,0.29,0.29,129000,41020,-0.05,4
106/09/29,0.27,0.27,0.21,0.24,426000,95710,-0.05,12
106/09/30,0.27,0.28,0.27,0.27,90000,24600,0.03,3
106/10/02,0.29,0.29,0.29,0.29,63000,18270,0.02,2
106/10/03,0.25,0.25,0.25,0.25,11000,2750,-0.04,1
106/10/05,0.27,0.29,0.27,0.29,42000,11380,0.04,2
106/10/06,0.30,0.30,0.30,0.30,24000,7200,0.01,3
106/10/11,0.31,0.34,0.31,0.33,255000,83550,0.03,5
106/10/12,0.31,0.31,0.28,0.29,278000,82090,-0.04,7
106/10/13,0.26,0.26,0.25,0.25,204000,52040,-0.04,3
106/10/16,0.24,0.29,0.24,0.29,55000,15270,0.04,6
106/10/17,0.25,0.25,0.24,0.24,45000,11020,-0.05,2
106/10/18,--,--,--,--,0,0,0.00,0
106/10/19,0.22,0.22,0.21,0.21,206000,44260,0.00,3
106/10/20,--,--,--,--,0,0,0.00,0
106/10/23,0.22,0.22,0.20,0.20,288000,59800,0.00,3
106/10/24,0.24,0.24,0.22,0.22,196000,44090,0.02,9
106/10/25,0.21,0.21,0.20,0.20,111000,22310,-0.02,3
106/10/26,--,--,--,--,0,0,0.00,0
106/10/27,--,--,--,--,0,0,0.00,0
106/10/30,0.15,0.16,0.15,0.16,75000,11300,0.00,3
106/10/31,--,--,--,--,0,0,0.00,0
106/11/01,--,--,--,--,0,0,0.00,0
106/11/02,0.12,0.12,0.12,0.12,1000,120,0.00,1
106/11/03,--,--,--,--,0,0,0.00,0
106/11/06,--,--,--,--,0,0,0.00,0
106/11/07,0.11,0.11,0.11,0.11,30000,3300,0.00,1
106/11/08,--,--,--,--,0,0,0.00,0
106/11/09,--,--,--,--,0,0,0.00,0
106/11/10,0.07,0.07,0.07,0.07,25000,1750,0.00,1
106/11/13,--,--,--,--,0,0,0.00,0
106/11/14,--,--,--,--,0,0,0.00,0
106/11/15,--,--,--,--,0,0,0.00,0
106/11/16,--,--,--,--,0,0,0.00,0
106/11/17,--,--,--,--,0,0,0.00,0
106/11/20,--,--,--,--,0,0,0.00,0
106/11/21,--,--,--,--,0,0,0.00,0
106/11/22,--,--,--,--,0,0,0.00,0
106/11/23,--,--,--,--,0,0,0.00,0
106/11/24,--,--,--,--,0,0,0.00,0
106/11/27,--,--,--,--,0,0,0.00,0
106/11/28,--,--,--,--,0,0,0.00,0
106/11/29,--,--,--,--,0,0,0.00,0
106/11/30,--,--,--,--,0,0,0.00,0
106/12/01,--,--,--,--,0,0,0.00,0
106/12/04,--,--,--,--,0,0,0.00,0
106/12/05,--,--,--,--,0,0,0.00,0
106/12/06,--,--,--,--,0,0,0.00,0
106/12/07,--,--,--,--,0,0,0.00,0
106/12/08,--,--,--,--,0,0,0.00,0
106/12/11,--,--,--,--,0,0,0.00,0
106/12/12,--,--,--,--,0,0,0.00,0
106/12/13,--,--,--,--,0,0,0.00,0
106/12/14,--,--,--,--,0,0,0.00,0
106/12/15,--,--,--,--,0,0,0.00,0
106/12/18,--,--,--,--,0,0,0.00,0
106/12/19,--,--,--,--,0,0,0.00,0
106/12/20,--,--,--,--,0,0,0.00,0
106/12/21,--,--,--,--,0,0,0.00,0
106/12/22,--,--,--,--,0,0,0.00,0
106/12/25,--,--,--,--,0,0,0.00,0
106/12/26,--,--,--,--,0,0,0.00,0
106/12/27,--,--,--,--,0,0,0.00,0
106/12/28,--,--,--,--,0,0,0.00,0
106/12/29,--,--,--,--,0,0,0.00,0
107/01/02,--,--,--,--,0,0,0.00,0
107/01/03,--,--,--,--,0,0,0.00,0
107/01/04,--,--,--,--,0,0,0.00,0
107/01/05,--,--,--,--,0,0,0.00,0
107/01/08,--,--,--,--,0,0,0.00,0
107/01/09,--,--,--,--,0,0,0.00,0
107/01/10,--,--,--,--,0,0,0.00,0
107/01/11,--,--,--,--,0,0,0.00,0
109/04/28,2.17,2.17,2.17,2.17,10000,21700,0.30,1
109/04/29,2.22,2.22,2.22,2.22,10000,22200,0.05,1
109/04/30,2.18,2.32,2.18,2.30,32000,72710,0.08,7
109/05/04,2.20,2.47,2.17,2.37,62000,143800,0.07,10
109/05/05,2.54,2.65,2.44,2.44,70000,177620,0.07,11
109/05/06,2.39,2.44,2.34,2.34,30000,72500,-0.10,3
109/05/07,2.39,2.39,2.39,2.39,6000,14340,0.05,2
109/05/08,2.47,2.47,2.18,2.19,41000,92780,-0.20,5
109/05/11,2.27,2.28,2.22,2.22,27000,60310,0.03,3
109/05/12,2.22,2.22,2.22,2.22,20000,44400,0.00,1
109/05/13,2.14,2.18,2.14,2.18,11000,23740,-0.04,2
109/05/14,2.15,2.15,1.94,1.94,19000,39170,-0.24,4
109/05/15,--,--,--,--,0,0,0.00,0
109/05/14,2.15,2.15,1.94,1.94,19000,39170,-0.24,4
109/05/13,2.14,2.18,2.14,2.18,11000,23740,-0.04,2
109/05/12,2.22,2.22,2.22,2.22,20000,44400,0.00,1
109/05/11,2.27,2.28,2.22,2.22,27000,60310,0.03,3
109/05/08,2.47,2.47,2.18,2.19,41000,92780,-0.20,5
109/05/07,2.39,2.39,2.39,2.39,6000,14340,0.05,2
109/05/06,2.39,2.44,2.34,2.34,30000,72500,-0.10,3
109/05/05,2.54,2.65,2.44,2.44,70000,177620,0.07,11
109/05/04,2.20,2.47,2.17,2.37,62000,143800,0.07,10
109/04/30,2.18,2.32,2.18,2.30,32000,72710,0.08,7
109/04/29,2.22,2.22,2.22,2.22,10000,22200,0.05,1
109/04/28,2.17,2.17,2.17,2.17,10000,21700,0.30,1
