106/09/25,--,--,--,--,0,0,0.00,0
106/09/26,0.32,0.33,0.32,0.33,20000,6500,0.00,2
106/09/27,0.32,0.32,0.31,0.31,20000,6300,-0.02,2
106/09/28,--,--,--,--,0,0,0.00,0
106/09/29,--,--,--,--,0,0,0.00,0
106/09/30,--,--,--,--,0,0,0.00,0
106/10/02,0.34,0.34,0.34,0.34,50000,17000,0.00,1
106/10/03,--,--,--,--,0,0,0.00,0
106/10/05,--,--,--,--,0,0,0.00,0
106/10/06,--,--,--,--,0,0,0.00,0
106/10/11,0.35,0.35,0.35,0.35,127000,44450,0.00,1
106/10/12,0.34,0.34,0.34,0.34,127000,43180,-0.01,1
106/10/13,--,--,--,--,0,0,0.00,0
106/10/16,--,--,--,--,0,0,0.00,0
106/10/17,--,--,--,--,0,0,0.00,0
106/10/18,--,--,--,--,0,0,0.00,0
106/10/19,--,--,--,--,0,0,0.00,0
106/10/20,0.24,0.24,0.24,0.24,5000,1200,0.00,1
106/10/23,--,--,--,--,0,0,0.00,0
106/10/24,0.28,0.28,0.28,0.28,10000,2800,0.00,1
106/10/25,--,--,--,--,0,0,0.00,0
106/10/26,--,--,--,--,0,0,0.00,0
106/10/27,--,--,--,--,0,0,0.00,0
106/10/30,--,--,--,--,0,0,0.00,0
106/10/31,--,--,--,--,0,0,0.00,0
106/11/01,0.15,0.15,0.15,0.15,10000,1500,0.00,1
106/11/02,--,--,--,--,0,0,0.00,0
106/11/03,--,--,--,--,0,0,0.00,0
106/11/06,0.16,0.16,0.16,0.16,200000,32000,0.00,1
106/11/07,--,--,--,--,0,0,0.00,0
106/11/08,--,--,--,--,0,0,0.00,0
106/11/09,0.19,0.19,0.19,0.19,10000,1900,0.00,1
106/11/10,0.11,0.11,0.11,0.11,10000,1100,-0.08,1
106/11/13,--,--,--,--,0,0,0.00,0
106/11/14,--,--,--,--,0,0,0.00,0
106/11/15,--,--,--,--,0,0,0.00,0
106/11/16,0.06,0.06,0.06,0.06,40000,2400,0.00,1
106/11/17,--,--,--,--,0,0,0.00,0
106/11/20,--,--,--,--,0,0,0.00,0
106/11/21,--,--,--,--,0,0,0.00,0
106/11/22,--,--,--,--,0,0,0.00,0
106/11/23,0.03,0.03,0.03,0.03,30000,900,0.00,1
106/11/24,--,--,--,--,0,0,0.00,0
106/11/27,--,--,--,--,0,0,0.00,0
106/11/28,0.01,0.01,0.01,0.01,499000,4990,0.00,1
106/11/29,--,--,--,--,0,0,0.00,0
106/11/30,--,--,--,--,0,0,0.00,0
106/12/01,--,--,--,--,0,0,0.00,0
106/12/04,--,--,--,--,0,0,0.00,0
106/12/05,--,--,--,--,0,0,0.00,0
106/12/06,--,--,--,--,0,0,0.00,0
106/12/07,--,--,--,--,0,0,0.00,0
106/12/08,--,--,--,--,0,0,0.00,0
106/12/11,--,--,--,--,0,0,0.00,0
106/12/12,--,--,--,--,0,0,0.00,0
109/04/28,3.56,3.56,3.56,3.56,150000,534000,0.17,3
109/04/29,3.64,3.73,3.53,3.73,296000,1080070,0.17,21
109/04/30,4.20,4.20,4.00,4.00,179000,736630,0.27,28
109/05/04,3.74,4.18,3.74,4.01,89000,346680,0.01,15
109/05/05,4.20,4.23,4.02,4.02,12000,50300,0.01,6
109/05/06,4.05,4.05,3.78,3.78,54000,205110,-0.24,3
109/05/07,3.78,3.94,3.78,3.87,19000,73650,0.09,7
109/05/08,4.05,4.05,4.02,4.04,18000,72450,0.17,3
109/05/11,--,--,--,--,0,0,0.00,0
109/05/12,3.79,3.79,3.63,3.63,11000,41530,0.00,2
109/05/13,3.49,3.52,3.41,3.41,35000,120410,-0.22,8
109/05/14,3.24,3.24,3.02,3.02,71000,226810,-0.39,4
109/05/15,3.06,3.06,2.88,2.88,65000,196610,-0.14,8
109/05/14,3.24,3.24,3.02,3.02,71000,226810,-0.39,4
109/05/13,3.49,3.52,3.41,3.41,35000,120410,-0.22,8
109/05/12,3.79,3.79,3.63,3.63,11000,41530,0.00,2
109/05/11,--,--,--,--,0,0,0.00,0
109/05/08,4.05,4.05,4.02,4.04,18000,72450,0.17,3
109/05/07,3.78,3.94,3.78,3.87,19000,73650,0.09,7
109/05/06,4.05,4.05,3.78,3.78,54000,205110,-0.24,3
109/05/05,4.20,4.23,4.02,4.02,12000,50300,0.01,6
109/05/04,3.74,4.18,3.74,4.01,89000,346680,0.01,15
109/04/30,4.20,4.20,4.00,4.00,179000,736630,0.27,28
109/04/29,3.64,3.73,3.53,3.73,296000,1080070,0.17,21
109/04/28,3.56,3.56,3.56,3.56,150000,534000,0.17,3
