106/09/25,--,--,--,--,0,0,0.00,0
106/09/26,--,--,--,--,0,0,0.00,0
106/09/27,--,--,--,--,0,0,0.00,0
106/09/28,--,--,--,--,0,0,0.00,0
106/09/29,--,--,--,--,0,0,0.00,0
106/09/30,--,--,--,--,0,0,0.00,0
106/10/02,--,--,--,--,0,0,0.00,0
106/10/03,--,--,--,--,0,0,0.00,0
106/10/05,--,--,--,--,0,0,0.00,0
106/10/06,--,--,--,--,0,0,0.00,0
106/10/11,--,--,--,--,0,0,0.00,0
106/10/12,--,--,--,--,0,0,0.00,0
106/10/13,--,--,--,--,0,0,0.00,0
106/10/16,--,--,--,--,0,0,0.00,0
106/10/17,--,--,--,--,0,0,0.00,0
106/10/18,--,--,--,--,0,0,0.00,0
106/10/19,--,--,--,--,0,0,0.00,0
106/10/20,--,--,--,--,0,0,0.00,0
106/10/23,--,--,--,--,0,0,0.00,0
106/10/24,--,--,--,--,0,0,0.00,0
106/10/25,--,--,--,--,0,0,0.00,0
106/10/26,--,--,--,--,0,0,0.00,0
106/10/27,--,--,--,--,0,0,0.00,0
106/10/30,--,--,--,--,0,0,0.00,0
106/10/31,--,--,--,--,0,0,0.00,0
106/11/01,--,--,--,--,0,0,0.00,0
106/11/02,--,--,--,--,0,0,0.00,0
106/11/03,4.75,5.20,4.75,5.20,11000,52700,0.00,2
106/11/06,5.40,5.40,5.40,5.40,10000,54000,0.20,2
106/11/07,--,--,--,--,0,0,0.00,0
106/11/08,--,--,--,--,0,0,0.00,0
106/11/09,--,--,--,--,0,0,0.00,0
106/11/10,--,--,--,--,0,0,0.00,0
106/11/13,--,--,--,--,0,0,0.00,0
106/11/14,--,--,--,--,0,0,0.00,0
106/11/15,--,--,--,--,0,0,0.00,0
106/11/16,--,--,--,--,0,0,0.00,0
106/11/17,--,--,--,--,0,0,0.00,0
106/11/20,--,--,--,--,0,0,0.00,0
106/11/21,--,--,--,--,0,0,0.00,0
106/11/22,--,--,--,--,0,0,0.00,0
106/11/23,--,--,--,--,0,0,0.00,0
106/11/24,--,--,--,--,0,0,0.00,0
106/11/27,--,--,--,--,0,0,0.00,0
106/11/28,--,--,--,--,0,0,0.00,0
106/11/29,--,--,--,--,0,0,0.00,0
106/11/30,--,--,--,--,0,0,0.00,0
106/12/01,--,--,--,--,0,0,0.00,0
106/12/04,--,--,--,--,0,0,0.00,0
106/12/05,--,--,--,--,0,0,0.00,0
106/12/06,--,--,--,--,0,0,0.00,0
106/12/07,--,--,--,--,0,0,0.00,0
106/12/08,--,--,--,--,0,0,0.00,0
106/12/11,--,--,--,--,0,0,0.00,0
106/12/12,--,--,--,--,0,0,0.00,0
106/12/13,--,--,--,--,0,0,0.00,0
106/12/14,--,--,--,--,0,0,0.00,0
106/12/15,--,--,--,--,0,0,0.00,0
106/12/18,--,--,--,--,0,0,0.00,0
106/12/19,--,--,--,--,0,0,0.00,0
106/12/20,--,--,--,--,0,0,0.00,0
106/12/21,--,--,--,--,0,0,0.00,0
106/12/22,--,--,--,--,0,0,0.00,0
106/12/25,--,--,--,--,0,0,0.00,0
106/12/26,--,--,--,--,0,0,0.00,0
106/12/27,--,--,--,--,0,0,0.00,0
106/12/28,--,--,--,--,0,0,0.00,0
106/12/29,--,--,--,--,0,0,0.00,0
107/01/02,--,--,--,--,0,0,0.00,0
107/01/03,--,--,--,--,0,0,0.00,0
107/01/04,--,--,--,--,0,0,0.00,0
107/01/05,--,--,--,--,0,0,0.00,0
107/01/08,--,--,--,--,0,0,0.00,0
107/01/09,--,--,--,--,0,0,0.00,0
107/01/10,--,--,--,--,0,0,0.00,0
107/01/11,--,--,--,--,0,0,0.00,0
109/04/28,1.70,1.70,1.63,1.63,10000,16650,-0.02,2
109/04/29,--,--,--,--,0,0,0.00,0
109/04/30,1.62,1.68,1.62,1.68,117000,192620,0.00,8
109/05/04,1.55,1.70,1.55,1.69,174000,289840,0.01,9
109/05/05,1.80,1.80,1.71,1.71,67000,115860,0.02,4
109/05/06,1.68,1.68,1.68,1.68,8000,13440,-0.03,3
109/05/07,1.70,1.77,1.70,1.77,46000,80460,0.09,4
109/05/08,1.85,1.87,1.82,1.82,117000,217420,0.05,6
109/05/11,1.79,1.79,1.71,1.71,117000,206370,-0.11,5
109/05/12,1.59,1.59,1.59,1.59,38000,60420,-0.12,1
109/05/13,--,--,--,--,0,0,0.00,0
109/05/14,1.56,1.56,1.56,1.56,10000,15600,0.00,1
109/05/15,1.45,1.45,1.31,1.31,20000,27600,-0.25,2
109/05/14,1.56,1.56,1.56,1.56,10000,15600,0.00,1
109/05/13,--,--,--,--,0,0,0.00,0
109/05/12,1.59,1.59,1.59,1.59,38000,60420,-0.12,1
109/05/11,1.79,1.79,1.71,1.71,117000,206370,-0.11,5
109/05/08,1.85,1.87,1.82,1.82,117000,217420,0.05,6
109/05/07,1.70,1.77,1.70,1.77,46000,80460,0.09,4
109/05/06,1.68,1.68,1.68,1.68,8000,13440,-0.03,3
109/05/05,1.80,1.80,1.71,1.71,67000,115860,0.02,4
109/05/04,1.55,1.70,1.55,1.69,174000,289840,0.01,9
109/04/30,1.62,1.68,1.62,1.68,117000,192620,0.00,8
109/04/29,--,--,--,--,0,0,0.00,0
109/04/28,1.70,1.70,1.63,1.63,10000,16650,-0.02,2
