106/09/25,0.42,0.42,0.42,0.42,100000,42000,-0.03,1
106/09/26,0.45,0.45,0.45,0.45,50000,22500,0.03,3
106/09/27,0.44,0.44,0.43,0.43,130000,56900,-0.02,2
106/09/28,--,--,--,--,0,0,0.00,0
106/09/29,--,--,--,--,0,0,0.00,0
106/09/30,0.36,0.36,0.36,0.36,10000,3600,0.00,1
106/10/02,0.35,0.35,0.35,0.35,3000,1050,-0.01,1
106/10/03,0.34,0.34,0.34,0.34,10000,3400,-0.01,1
106/10/05,0.31,0.31,0.31,0.31,29000,8990,-0.03,2
106/10/06,--,--,--,--,0,0,0.00,0
106/10/11,--,--,--,--,0,0,0.00,0
106/10/12,0.27,0.27,0.27,0.27,10000,2700,0.00,1
106/10/13,--,--,--,--,0,0,0.00,0
106/10/16,0.26,0.26,0.26,0.26,15000,3900,0.00,1
106/10/17,0.25,0.25,0.25,0.25,60000,15000,-0.01,1
106/10/18,--,--,--,--,0,0,0.00,0
106/10/19,--,--,--,--,0,0,0.00,0
106/10/20,0.23,0.23,0.23,0.23,20000,4600,0.00,1
106/10/23,0.22,0.22,0.22,0.22,30000,6600,-0.01,2
106/10/24,0.23,0.23,0.22,0.22,20000,4500,0.00,2
106/10/25,0.23,0.23,0.23,0.23,10000,2300,0.01,1
106/10/26,0.23,0.23,0.23,0.23,49000,11270,0.00,3
106/10/27,--,--,--,--,0,0,0.00,0
106/10/30,--,--,--,--,0,0,0.00,0
106/10/31,0.21,0.21,0.21,0.21,30000,6300,0.00,2
106/11/01,0.19,0.19,0.18,0.18,70000,12700,-0.03,2
106/11/02,--,--,--,--,0,0,0.00,0
106/11/03,0.17,0.17,0.17,0.17,30000,5100,0.00,1
106/11/06,--,--,--,--,0,0,0.00,0
106/11/07,0.16,0.16,0.16,0.16,30000,4800,0.00,1
106/11/08,0.16,0.16,0.16,0.16,15000,2400,0.00,1
106/11/09,--,--,--,--,0,0,0.00,0
106/11/10,--,--,--,--,0,0,0.00,0
106/11/13,0.15,0.15,0.15,0.15,140000,21000,0.00,2
106/11/14,0.15,0.15,0.15,0.15,569000,85350,0.00,3
106/11/15,0.16,0.16,0.16,0.16,360000,57600,0.01,3
106/11/16,--,--,--,--,0,0,0.00,0
106/11/17,0.13,0.14,0.13,0.14,104000,14360,0.00,2
106/11/20,0.15,0.15,0.15,0.15,140000,21000,0.01,3
106/11/21,--,--,--,--,0,0,0.00,0
106/11/22,0.11,0.11,0.11,0.11,50000,5500,0.00,1
106/11/23,--,--,--,--,0,0,0.00,0
106/11/24,--,--,--,--,0,0,0.00,0
106/11/27,--,--,--,--,0,0,0.00,0
106/11/28,0.09,0.09,0.09,0.09,200000,18000,0.00,1
106/11/29,--,--,--,--,0,0,0.00,0
106/11/30,--,--,--,--,0,0,0.00,0
106/12/01,--,--,--,--,0,0,0.00,0
106/12/04,--,--,--,--,0,0,0.00,0
106/12/05,--,--,--,--,0,0,0.00,0
106/12/06,--,--,--,--,0,0,0.00,0
106/12/07,--,--,--,--,0,0,0.00,0
106/12/08,--,--,--,--,0,0,0.00,0
106/12/11,--,--,--,--,0,0,0.00,0
106/12/12,--,--,--,--,0,0,0.00,0
106/12/13,--,--,--,--,0,0,0.00,0
106/12/14,--,--,--,--,0,0,0.00,0
106/12/15,--,--,--,--,0,0,0.00,0
106/12/18,--,--,--,--,0,0,0.00,0
106/12/19,--,--,--,--,0,0,0.00,0
106/12/20,--,--,--,--,0,0,0.00,0
106/12/21,--,--,--,--,0,0,0.00,0
106/12/22,--,--,--,--,0,0,0.00,0
106/12/25,--,--,--,--,0,0,0.00,0
106/12/26,--,--,--,--,0,0,0.00,0
106/12/27,--,--,--,--,0,0,0.00,0
106/12/28,--,--,--,--,0,0,0.00,0
106/12/29,--,--,--,--,0,0,0.00,0
107/01/02,--,--,--,--,0,0,0.00,0
107/01/03,--,--,--,--,0,0,0.00,0
107/01/04,--,--,--,--,0,0,0.00,0
107/01/05,--,--,--,--,0,0,0.00,0
107/01/08,--,--,--,--,0,0,0.00,0
107/01/09,--,--,--,--,0,0,0.00,0
107/01/10,--,--,--,--,0,0,0.00,0
107/01/11,--,--,--,--,0,0,0.00,0
107/01/12,--,--,--,--,0,0,0.00,0
107/01/15,--,--,--,--,0,0,0.00,0
107/01/16,--,--,--,--,0,0,0.00,0
107/01/17,--,--,--,--,0,0,0.00,0
107/01/18,--,--,--,--,0,0,0.00,0
107/01/19,--,--,--,--,0,0,0.00,0
107/01/22,--,--,--,--,0,0,0.00,0
107/01/23,--,--,--,--,0,0,0.00,0
107/01/24,0.01,0.01,0.01,0.01,40000,400,0.00,1
107/01/25,0.01,0.01,0.01,0.01,130000,1300,0.00,3
107/01/26,--,--,--,--,0,0,0.00,0
107/01/29,--,--,--,--,0,0,0.00,0
107/01/30,--,--,--,--,0,0,0.00,0
107/01/31,--,--,--,--,0,0,0.00,0
107/02/01,--,--,--,--,0,0,0.00,0
107/02/02,--,--,--,--,0,0,0.00,0
107/02/05,--,--,--,--,0,0,0.00,0
107/02/06,--,--,--,--,0,0,0.00,0
107/02/07,0.01,0.01,0.01,0.01,198000,1980,0.00,2
107/02/08,--,--,--,--,0,0,0.00,0
107/02/09,--,--,--,--,0,0,0.00,0
109/04/29,--,--,--,--,0,0,0.00,0
109/04/30,2.56,2.66,2.56,2.66,228000,586480,0.00,4
109/05/04,2.26,2.26,2.26,2.26,28000,63280,-0.40,1
109/05/05,2.27,2.27,2.16,2.16,102000,220540,-0.10,3
109/05/06,2.17,2.19,2.17,2.19,106000,232060,0.03,6
109/05/07,2.23,2.35,2.23,2.35,181000,408600,0.16,9
109/05/08,2.42,2.52,2.42,2.49,417000,1042380,0.14,9
109/05/11,2.60,3.02,2.59,2.93,447000,1215520,0.44,30
109/05/12,2.53,2.70,2.51,2.61,431000,1130700,-0.32,18
109/05/13,2.63,2.76,2.63,2.75,354000,957040,0.14,13
109/05/14,2.70,2.76,2.64,2.64,86000,232440,-0.11,5
109/05/15,--,--,--,--,0,0,0.00,0
109/05/14,2.70,2.76,2.64,2.64,86000,232440,-0.11,5
109/05/13,2.63,2.76,2.63,2.75,354000,957040,0.14,13
109/05/12,2.53,2.70,2.51,2.61,431000,1130700,-0.32,18
109/05/11,2.60,3.02,2.59,2.93,447000,1215520,0.44,30
109/05/08,2.42,2.52,2.42,2.49,417000,1042380,0.14,9
109/05/07,2.23,2.35,2.23,2.35,181000,408600,0.16,9
109/05/06,2.17,2.19,2.17,2.19,106000,232060,0.03,6
109/05/05,2.27,2.27,2.16,2.16,102000,220540,-0.10,3
109/05/04,2.26,2.26,2.26,2.26,28000,63280,-0.40,1
109/04/30,2.56,2.66,2.56,2.66,228000,586480,0.00,4
109/04/29,--,--,--,--,0,0,0.00,0
