106/09/25,3.56,3.56,3.47,3.47,210000,743850,-0.46,6
106/09/26,--,--,--,--,0,0,0.00,0
106/09/27,3.20,3.20,3.20,3.20,4000,12800,0.00,1
106/09/28,--,--,--,--,0,0,0.00,0
106/09/29,--,--,--,--,0,0,0.00,0
106/09/30,--,--,--,--,0,0,0.00,0
106/10/02,--,--,--,--,0,0,0.00,0
106/10/03,3.80,3.80,3.80,3.80,10000,38000,0.00,1
106/10/05,--,--,--,--,0,0,0.00,0
106/10/06,4.01,4.01,4.01,4.01,10000,40100,0.00,1
106/10/11,--,--,--,--,0,0,0.00,0
106/10/12,--,--,--,--,0,0,0.00,0
106/10/13,--,--,--,--,0,0,0.00,0
106/10/16,--,--,--,--,0,0,0.00,0
106/10/17,--,--,--,--,0,0,0.00,0
106/10/18,--,--,--,--,0,0,0.00,0
106/10/19,--,--,--,--,0,0,0.00,0
106/10/20,--,--,--,--,0,0,0.00,0
106/10/23,--,--,--,--,0,0,0.00,0
106/10/24,--,--,--,--,0,0,0.00,0
106/10/25,--,--,--,--,0,0,0.00,0
106/10/26,--,--,--,--,0,0,0.00,0
106/10/27,--,--,--,--,0,0,0.00,0
106/10/30,--,--,--,--,0,0,0.00,0
106/10/31,--,--,--,--,0,0,0.00,0
106/11/01,--,--,--,--,0,0,0.00,0
106/11/02,--,--,--,--,0,0,0.00,0
106/11/03,--,--,--,--,0,0,0.00,0
106/11/06,--,--,--,--,0,0,0.00,0
106/11/07,--,--,--,--,0,0,0.00,0
106/11/08,--,--,--,--,0,0,0.00,0
106/11/09,--,--,--,--,0,0,0.00,0
106/11/10,--,--,--,--,0,0,0.00,0
106/11/13,--,--,--,--,0,0,0.00,0
106/11/14,--,--,--,--,0,0,0.00,0
106/11/15,--,--,--,--,0,0,0.00,0
106/11/16,--,--,--,--,0,0,0.00,0
106/11/17,--,--,--,--,0,0,0.00,0
106/11/20,--,--,--,--,0,0,0.00,0
106/11/21,--,--,--,--,0,0,0.00,0
106/11/22,6.30,6.30,6.30,6.30,2000,12600,0.00,1
106/11/23,--,--,--,--,0,0,0.00,0
106/11/24,--,--,--,--,0,0,0.00,0
106/11/27,--,--,--,--,0,0,0.00,0
106/11/28,--,--,--,--,0,0,0.00,0
106/11/29,--,--,--,--,0,0,0.00,0
106/11/30,--,--,--,--,0,0,0.00,0
106/12/01,--,--,--,--,0,0,0.00,0
106/12/04,--,--,--,--,0,0,0.00,0
106/12/05,--,--,--,--,0,0,0.00,0
106/12/06,--,--,--,--,0,0,0.00,0
106/12/07,--,--,--,--,0,0,0.00,0
106/12/08,1.94,1.94,1.94,1.94,10000,19400,0.00,1
106/12/11,2.21,2.21,2.21,2.21,10000,22100,0.27,1
106/12/12,--,--,--,--,0,0,0.00,0
106/12/13,--,--,--,--,0,0,0.00,0
109/04/29,0.67,0.67,0.65,0.65,131000,85850,-0.02,4
109/04/30,0.62,0.62,0.62,0.62,10000,6200,-0.03,1
109/05/04,0.56,0.57,0.55,0.55,91000,51250,-0.07,3
109/05/05,0.62,0.62,0.55,0.55,84000,49980,0.00,3
109/05/06,0.57,0.57,0.54,0.54,95000,52830,-0.01,26
109/05/07,0.55,0.56,0.55,0.55,244000,135290,0.01,5
109/05/08,0.58,0.72,0.57,0.72,606000,379320,0.17,21
109/05/11,0.77,0.78,0.70,0.73,689000,518180,0.01,40
109/05/12,0.66,0.66,0.61,0.65,78000,49490,-0.08,12
109/05/13,0.59,0.63,0.59,0.63,185000,115660,-0.02,7
109/05/14,0.62,0.63,0.58,0.58,283000,170410,-0.05,13
109/05/15,--,--,--,--,0,0,0.00,0
109/05/14,0.62,0.63,0.58,0.58,283000,170410,-0.05,13
109/05/13,0.59,0.63,0.59,0.63,185000,115660,-0.02,7
109/05/12,0.66,0.66,0.61,0.65,78000,49490,-0.08,12
109/05/11,0.77,0.78,0.70,0.73,689000,518180,0.01,40
109/05/08,0.58,0.72,0.57,0.72,606000,379320,0.17,21
109/05/07,0.55,0.56,0.55,0.55,244000,135290,0.01,5
109/05/06,0.57,0.57,0.54,0.54,95000,52830,-0.01,26
109/05/05,0.62,0.62,0.55,0.55,84000,49980,0.00,3
109/05/04,0.56,0.57,0.55,0.55,91000,51250,-0.07,3
109/04/30,0.62,0.62,0.62,0.62,10000,6200,-0.03,1
109/04/29,0.67,0.67,0.65,0.65,131000,85850,-0.02,4
