101/05/14,--,--,--,--,0,0,,0
101/05/15,--,--,--,--,0,0,,0
101/05/16,1.03,1.17,1.03,1.17,101000,109170,0.21,3
101/05/17,1.14,1.19,1.14,1.16,171000,197990,-0.01,5
101/05/18,1.23,1.25,1.20,1.25,90000,110550,0.09,10
101/05/21,1.21,1.21,1.20,1.21,12000,14420,-0.04,3
101/05/22,1.17,1.21,1.17,1.21,110000,132860,,3
101/05/23,1.25,1.28,1.23,1.25,167000,210100,0.04,5
101/05/24,1.23,1.44,1.23,1.44,260000,361320,0.19,10
101/05/25,1.38,1.53,1.38,1.53,108000,153530,0.09,5
101/05/28,1.51,1.54,1.51,1.54,3000,4590,0.01,2
101/05/29,1.12,1.12,1.11,1.11,13000,14460,-0.43,2
101/05/30,1.10,1.17,1.10,1.17,12000,13420,0.06,6
101/05/31,1.11,1.16,1.10,1.10,47000,52370,-0.07,13
101/06/01,1.14,1.27,1.12,1.27,49000,57620,0.17,7
101/06/04,1.45,1.45,1.43,1.43,63000,90270,0.16,8
101/06/05,1.31,1.40,1.26,1.40,7000,9120,-0.03,4
101/06/06,1.35,1.36,1.35,1.35,38000,51580,-0.05,6
101/06/07,1.36,1.40,1.36,1.40,17000,23670,0.05,3
101/06/08,1.32,1.50,1.32,1.50,37000,50010,0.10,5
101/06/11,--,--,--,--,0,0,,0
101/06/12,1.40,1.48,1.37,1.48,42000,58890,0.15,4
101/06/13,1.42,1.42,1.42,1.42,5000,7100,-0.06,1
101/06/14,1.37,1.37,1.37,1.37,25000,34250,-0.05,1
101/06/15,--,--,--,--,0,0,,0
101/06/18,1.21,1.21,1.21,1.21,5000,6050,-0.13,1
101/06/19,1.23,1.23,1.23,1.23,5000,6150,0.02,1
101/06/20,1.10,1.10,1.03,1.03,5000,5310,-0.20,3
101/06/21,1.07,1.08,1.06,1.06,160000,169690,0.03,6
101/06/22,1.20,1.22,1.19,1.19,8000,9630,0.13,5
101/06/25,1.16,1.16,1.16,1.16,3000,3480,-0.03,1
101/06/26,1.11,1.14,1.10,1.14,342000,377750,-0.02,6
101/06/27,1.17,1.17,1.17,1.17,5000,5850,0.03,1
101/06/28,1.09,1.12,1.09,1.12,43000,48070,-0.05,2
101/06/29,--,--,--,--,0,0,,0
101/07/02,0.94,0.94,0.94,0.94,10000,9400,-0.12,1
101/07/03,0.77,0.77,0.77,0.77,297000,228690,-0.17,3
101/07/04,0.76,0.76,0.76,0.76,40000,30400,-0.01,1
101/07/05,0.74,0.74,0.74,0.74,40000,29600,-0.02,1
101/07/06,--,--,--,--,0,0,,0
101/07/09,--,--,--,--,0,0,,0
101/07/10,0.89,1.01,0.89,1.01,17000,16930,0.11,2
101/07/11,1.16,1.18,1.16,1.16,67000,78060,0.15,3
101/07/12,1.19,1.19,1.19,1.19,40000,47600,0.03,1
101/07/13,--,--,--,--,0,0,,0
101/07/16,1.13,1.13,1.13,1.13,10000,11300,-0.05,1
101/07/17,--,--,--,--,0,0,,0
101/07/18,1.06,1.06,1.06,1.06,20000,21200,,1
101/07/19,0.89,0.89,0.89,0.89,16000,14240,-0.17,1
101/07/20,0.94,0.94,0.94,0.94,16000,15040,0.05,1
101/07/23,1.10,1.10,1.10,1.10,20000,22000,0.16,1
101/07/24,--,--,--,--,0,0,,0
101/07/25,1.01,1.01,1.01,1.01,99000,99990,-0.07,1
101/07/26,0.99,0.99,0.93,0.93,218000,213630,-0.08,3
101/07/27,0.91,0.91,0.91,0.91,99000,90090,-0.02,1
101/07/30,0.51,0.51,0.51,0.51,25000,12750,-0.40,1
101/07/31,0.51,0.51,0.51,0.51,25000,12750,,1
101/08/01,--,--,--,--,0,0,,0
101/08/03,--,--,--,--,0,0,,0
101/08/06,--,--,--,--,0,0,,0
101/08/07,0.38,0.38,0.38,0.38,10000,3800,-0.01,1
101/08/08,--,--,--,--,0,0,,0
101/08/09,--,--,--,--,0,0,,0
101/08/10,0.31,0.31,0.31,0.31,10000,3100,-0.03,1
101/08/13,--,--,--,--,0,0,,0
101/08/14,--,--,--,--,0,0,,0
101/08/15,--,--,--,--,0,0,,0
101/08/16,--,--,--,--,0,0,,0
101/08/17,0.32,0.32,0.32,0.32,20000,6400,0.01,1
101/08/20,--,--,--,--,0,0,,0
101/08/21,--,--,--,--,0,0,,0
101/08/22,0.23,0.23,0.23,0.23,50000,11500,-0.01,2
101/08/23,--,--,--,--,0,0,,0
101/08/24,--,--,--,--,0,0,,0
101/08/27,0.24,0.24,0.24,0.24,50000,12000,,1
101/08/28,--,--,--,--,0,0,,0
101/08/29,--,--,--,--,0,0,,0
101/08/30,--,--,--,--,0,0,,0
101/08/31,0.21,0.21,0.21,0.21,50000,10500,-0.01,1
101/09/03,0.18,0.18,0.18,0.18,50000,9000,-0.03,1
101/09/04,--,--,--,--,0,0,,0
101/09/05,--,--,--,--,0,0,,0
101/09/06,--,--,--,--,0,0,,0
101/09/07,--,--,--,--,0,0,,0
101/09/10,--,--,--,--,0,0,,0
101/09/11,--,--,--,--,0,0,,0
101/09/12,--,--,--,--,0,0,,0
101/09/13,--,--,--,--,0,0,,0
101/09/14,--,--,--,--,0,0,,0
101/09/17,--,--,--,--,0,0,,0
101/09/18,--,--,--,--,0,0,,0
101/09/19,--,--,--,--,0,0,,0
101/09/20,0.12,0.12,0.12,0.12,297000,35640,,3
101/09/21,0.12,0.12,0.12,0.12,297000,35640,,3
101/09/24,--,--,--,--,0,0,,0
101/09/25,--,--,--,--,0,0,,0
101/09/26,--,--,--,--,0,0,,0
101/09/27,--,--,--,--,0,0,,0
101/09/28,--,--,--,--,0,0,,0
101/10/01,--,--,--,--,0,0,,0
101/10/02,--,--,--,--,0,0,,0
101/10/03,--,--,--,--,0,0,,0
101/10/04,--,--,--,--,0,0,,0
101/10/05,--,--,--,--,0,0,,0
101/10/08,--,--,--,--,0,0,,0
101/10/09,--,--,--,--,0,0,,0
101/10/11,0.13,0.13,0.10,0.10,4000,460,X,2
101/10/12,0.11,0.11,0.11,0.11,4000,440,0.01,1
101/10/15,0.09,0.09,0.09,0.09,3000,270,-0.02,1
101/10/16,0.07,0.07,0.05,0.05,7000,410,-0.04,2
101/10/17,--,--,--,--,0,0,,0
101/10/18,--,--,--,--,0,0,,0
101/10/19,--,--,--,--,0,0,,0
101/10/22,0.08,0.08,0.08,0.08,5000,400,X,1
101/10/23,--,--,--,--,0,0,,0
101/10/24,0.08,0.08,0.07,0.07,5000,380,X,2
101/10/25,0.08,0.10,0.08,0.09,95000,8100,0.02,5
101/10/26,0.08,0.11,0.08,0.10,145000,13700,0.01,21
101/10/29,0.07,0.07,0.07,0.07,50000,3500,-0.03,1
101/10/30,--,--,--,--,0,0,,0
101/10/31,--,--,--,--,0,0,,0
101/11/01,0.34,0.37,0.27,0.34,56000,18040,X,11
101/11/02,0.21,0.21,0.12,0.13,356000,66330,-0.21,17
101/11/05,0.13,0.14,0.07,0.08,681000,65190,-0.05,15
101/11/06,0.05,0.05,0.05,0.05,278000,13900,-0.03,5
101/11/07,0.02,0.02,0.02,0.02,297000,5940,-0.03,3
101/11/08,0.05,0.05,0.05,0.05,10000,500,0.03,1
101/11/09,0.02,0.02,0.02,0.02,344000,6880,-0.03,12
103/01/16,--,--,--,--,0,0,,0
103/01/17,--,--,--,--,0,0,,0
103/01/20,--,--,--,--,0,0,,0
103/01/21,--,--,--,--,0,0,,0
103/01/22,--,--,--,--,0,0,,0
103/01/23,--,--,--,--,0,0,,0
103/01/24,--,--,--,--,0,0,,0
103/01/27,--,--,--,--,0,0,,0
103/02/05,4.29,4.29,4.29,4.29,400000,1716000,X,1
103/02/06,4.32,4.32,4.32,4.32,495000,2138400,0.03,1
103/02/07,3.94,3.97,3.77,3.86,1185000,4589430,-0.46,14
103/02/10,3.71,3.74,3.58,3.72,940000,3465190,-0.14,20
103/02/11,3.72,3.72,3.56,3.56,323000,1172190,-0.16,22
103/02/12,3.29,3.30,3.19,3.19,458000,1490790,-0.37,26
103/02/13,3.21,3.32,3.21,3.32,245000,801300,0.13,17
103/02/14,3.02,3.09,2.85,3.09,362000,1068110,-0.23,32
103/02/17,2.88,2.99,2.86,2.98,364000,1066690,-0.11,19
103/02/18,2.96,3.01,2.86,2.86,589000,1733060,-0.12,40
103/02/19,2.83,2.87,2.80,2.83,382000,1085220,-0.03,25
103/02/20,2.90,3.06,2.82,3.06,401000,1185400,0.23,25
103/02/21,3.00,3.00,2.62,2.65,127000,337790,-0.41,27
103/02/24,2.55,2.80,2.55,2.79,172000,448530,0.14,16
103/02/25,2.61,2.67,2.59,2.65,763000,2003170,-0.14,30
103/02/26,2.66,2.66,2.44,2.47,652000,1652070,-0.18,39
103/02/27,2.46,2.47,2.41,2.47,323000,787450,,22
103/03/03,2.69,2.77,2.55,2.58,246000,675270,0.11,15
103/03/04,2.56,2.68,2.53,2.64,317000,825520,0.06,17
103/03/05,2.31,2.39,2.31,2.35,556000,1314370,-0.29,24
103/03/06,2.27,2.27,2.04,2.05,784000,1707110,-0.30,50
103/03/07,1.95,2.10,1.83,2.06,782000,1568320,0.01,40
103/03/10,2.09,2.16,2.07,2.13,397000,839030,0.07,34
103/03/11,1.92,2.04,1.92,1.98,344000,675840,-0.15,14
103/03/12,2.08,2.14,2.08,2.12,509000,1077860,0.14,25
103/03/13,1.92,1.93,1.80,1.83,530000,981020,-0.29,35
103/03/14,2.04,2.04,1.96,1.99,803000,1595280,0.16,29
103/03/17,2.03,2.05,1.95,1.98,593000,1176280,-0.01,14
103/03/18,1.80,1.85,1.76,1.80,487000,880540,-0.18,21
103/03/19,1.81,1.93,1.79,1.93,143000,265770,0.13,8
103/03/20,2.23,2.31,2.22,2.27,760000,1701480,0.34,33
103/03/21,2.20,2.30,2.18,2.25,592000,1321070,-0.02,26
103/03/24,2.16,2.40,2.16,2.16,362000,816340,-0.09,17
103/03/25,2.12,2.12,1.92,1.92,495000,1015310,-0.24,42
103/03/26,1.72,1.79,1.70,1.72,1219000,2102040,-0.20,27
103/03/27,1.68,1.73,1.59,1.59,1223000,2055930,-0.13,29
103/03/28,1.60,1.64,1.52,1.64,1187000,1892950,0.05,29
103/03/31,1.52,1.57,1.49,1.50,628000,948600,-0.14,22
103/04/01,1.42,1.43,1.32,1.32,1551000,2161120,-0.18,31
103/04/02,1.21,1.23,1.16,1.20,1553000,1869170,-0.12,21
103/04/03,1.23,1.24,1.19,1.22,1609000,1959180,0.02,26
103/04/07,1.26,1.28,1.19,1.19,1375000,1701080,-0.03,17
103/04/08,1.16,1.19,1.09,1.09,1939000,2213070,-0.10,44
103/04/09,1.08,1.09,1.04,1.04,1697000,1798350,-0.05,25
103/04/10,0.97,1.10,0.96,1.04,1633000,1695150,,38
103/04/11,1.11,1.14,1.05,1.09,2048000,2256400,0.05,39
103/04/14,1.04,1.08,1.03,1.07,1648000,1742390,-0.02,21
103/04/15,1.01,1.03,0.97,0.97,2063000,2051850,-0.10,32
103/04/16,0.94,0.99,0.92,0.93,1821000,1718190,-0.04,26
103/04/17,0.92,0.96,0.89,0.92,1415000,1305050,-0.01,19
103/04/18,0.78,0.86,0.78,0.84,1378000,1137340,-0.08,18
103/04/21,0.83,0.85,0.80,0.81,1435000,1167750,-0.03,13
103/04/22,0.78,0.78,0.75,0.75,102000,77970,-0.06,5
103/04/23,0.70,0.80,0.69,0.77,1527000,1127580,0.02,26
103/04/24,0.77,0.78,0.76,0.76,1558000,1192480,-0.01,14
103/04/25,0.77,1.15,0.76,1.12,3106000,2964750,0.36,56
103/04/28,1.22,1.22,0.90,0.92,1950000,2104690,-0.20,60
103/04/29,0.88,0.91,0.83,0.88,1877000,1604670,-0.04,41
103/04/30,0.89,1.05,0.85,1.02,1500000,1391750,0.14,41
103/05/02,1.01,1.01,0.82,0.84,1527000,1289850,-0.18,38
103/05/05,0.70,0.85,0.70,0.80,1613000,1230470,-0.04,36
103/05/06,0.74,0.81,0.67,0.69,2465000,1786770,-0.11,61
103/05/07,0.74,0.80,0.72,0.76,2540000,1926830,0.07,48
103/05/08,0.70,0.74,0.65,0.66,2554000,1731580,-0.10,49
103/05/09,0.65,0.73,0.65,0.72,3070000,2137210,0.06,50
103/05/12,0.68,0.78,0.68,0.75,2479000,1830160,0.03,38
103/05/13,0.70,0.70,0.60,0.68,2482000,1604780,-0.07,50
103/05/14,0.62,0.66,0.58,0.60,2061000,1277730,-0.08,46
103/05/15,0.59,0.59,0.56,0.57,2644000,1527040,-0.03,35
103/05/16,0.61,0.65,0.55,0.55,4570000,2806570,-0.02,67
103/05/19,0.51,0.52,0.48,0.50,2964000,1473550,-0.05,54
103/05/20,0.48,0.48,0.43,0.48,1663000,768790,-0.02,46
103/05/21,0.44,0.53,0.44,0.51,3216000,1580010,0.03,53
103/05/22,0.47,0.47,0.35,0.36,4887000,2006630,-0.15,86
103/05/23,0.32,0.32,0.28,0.30,1259000,369590,-0.06,33
103/05/26,0.25,0.25,0.21,0.22,1306000,290740,-0.08,29
103/05/27,0.22,0.23,0.21,0.21,632000,139080,-0.01,13
103/05/28,0.19,0.19,0.13,0.15,2038000,330060,-0.06,64
103/05/29,0.14,0.15,0.13,0.15,1420000,185610,,51
103/05/30,0.13,0.16,0.12,0.15,238000,36920,,13
103/06/03,0.11,0.14,0.10,0.14,1645000,186560,-0.01,36
103/06/04,0.12,0.13,0.11,0.12,75000,8600,-0.02,4
103/06/05,0.11,0.12,0.11,0.12,12000,1330,,3
103/06/06,0.08,0.11,0.08,0.10,551000,48950,-0.02,13
103/06/09,0.07,0.08,0.06,0.08,576000,38350,-0.02,11
103/06/10,0.06,0.06,0.05,0.05,300000,15100,-0.03,6
103/06/11,--,--,--,--,0,0,,0
103/06/12,0.04,0.04,0.04,0.04,40000,1600,X,1
103/06/13,--,--,--,--,0,0,,0
103/06/16,--,--,--,--,0,0,,0
103/06/17,0.03,0.03,0.03,0.03,20000,600,X,1
103/06/18,0.01,0.01,0.01,0.01,30000,300,-0.02,1
103/06/19,0.01,0.01,0.01,0.01,335000,3350,,5
103/06/20,--,--,--,--,0,0,,0
103/06/23,--,--,--,--,0,0,,0
103/06/24,--,--,--,--,0,0,,0
103/06/25,0.01,0.01,0.01,0.01,30000,300,X,1
103/06/26,--,--,--,--,0,0,,0
103/06/27,--,--,--,--,0,0,,0
103/06/30,--,--,--,--,0,0,,0
103/07/01,0.01,0.01,0.01,0.01,201000,2010,X,3
103/07/02,0.01,0.01,0.01,0.01,419000,4190,,4
103/07/03,0.01,0.01,0.01,0.01,330000,3300,,2
103/07/04,0.01,0.01,0.01,0.01,324000,3240,,4
103/07/07,--,--,--,--,0,0,,0
103/07/08,0.01,0.01,0.01,0.01,50000,500,X,1
103/07/09,--,--,--,--,0,0,,0
103/07/10,--,--,--,--,0,0,,0
103/07/11,--,--,--,--,0,0,,0
104/07/24,--,--,--,--,0,0,,0
104/07/27,2.70,2.70,2.70,2.70,10000,27000,X,1
104/07/28,2.88,2.95,2.88,2.88,25000,72350,0.18,3
104/07/29,3.00,3.18,3.00,3.14,110000,348700,0.26,3
104/07/30,2.81,2.81,2.63,2.70,121000,337530,-0.44,5
104/07/31,2.75,2.82,2.75,2.79,31000,86390,0.09,4
104/08/03,2.95,3.22,2.95,3.13,29000,89790,0.34,5
104/08/04,3.01,3.14,2.84,3.10,67000,202660,-0.03,8
104/08/05,2.97,3.00,2.80,2.89,417000,1203760,-0.21,9
104/08/06,3.01,3.32,3.01,3.24,409000,1255470,0.35,7
104/08/07,3.22,3.35,3.22,3.28,28000,92220,0.04,4
104/08/10,3.41,3.48,3.41,3.48,12000,41620,0.20,2
104/08/11,2.91,3.44,2.88,3.37,696000,2152780,-0.11,17
104/08/12,3.54,3.90,3.47,3.90,675000,2534600,0.53,15
104/08/13,3.86,3.86,3.82,3.82,30000,115300,-0.08,3
104/08/14,3.94,3.99,3.94,3.99,20000,79550,0.17,3
104/08/17,--,--,--,--,0,0,,0
104/08/18,4.28,4.28,4.28,4.28,3000,12840,X,1
104/08/19,4.50,5.15,4.50,5.15,75000,358810,0.87,8
104/08/20,5.20,5.20,4.81,4.81,50000,253350,-0.34,4
104/08/21,5.60,5.60,5.60,5.60,5000,28000,0.79,1
104/08/24,9.35,9.35,9.35,9.35,15000,140250,3.75,1
104/08/25,--,--,--,--,0,0,,0
104/08/26,--,--,--,--,0,0,,0
104/08/27,--,--,--,--,0,0,,0
104/08/28,--,--,--,--,0,0,,0
104/08/31,--,--,--,--,0,0,,0
104/09/01,--,--,--,--,0,0,,0
104/09/02,--,--,--,--,0,0,,0
104/09/03,--,--,--,--,0,0,,0
104/09/04,--,--,--,--,0,0,,0
104/09/07,--,--,--,--,0,0,,0
104/09/08,--,--,--,--,0,0,,0
104/09/09,--,--,--,--,0,0,,0
104/09/10,4.97,4.97,4.97,4.97,1000,4970,X,1
104/09/11,4.90,4.90,4.90,4.90,2000,9800,-0.07,1
104/09/14,4.95,4.95,4.95,4.95,2000,9900,0.05,1
104/09/15,--,--,--,--,0,0,,0
104/09/16,--,--,--,--,0,0,,0
104/09/17,--,--,--,--,0,0,,0
104/09/18,--,--,--,--,0,0,,0
104/09/21,--,--,--,--,0,0,,0
104/09/22,--,--,--,--,0,0,,0
104/09/23,6.90,6.90,6.90,6.90,17000,117300,X,1
104/09/24,--,--,--,--,0,0,,0
104/09/25,--,--,--,--,0,0,,0
104/09/30,--,--,--,--,0,0,,0
104/10/01,--,--,--,--,0,0,,0
104/10/02,--,--,--,--,0,0,,0
104/10/05,--,--,--,--,0,0,,0
104/10/06,--,--,--,--,0,0,,0
104/10/07,--,--,--,--,0,0,,0
104/10/08,--,--,--,--,0,0,,0
104/10/12,--,--,--,--,0,0,,0
104/10/13,--,--,--,--,0,0,,0
104/10/14,5.35,5.35,5.35,5.35,3000,16050,X,1
104/10/15,4.91,4.91,4.91,4.91,4000,19640,-0.44,1
104/10/16,4.93,4.93,4.91,4.91,28000,137540,,2
104/10/19,4.72,4.72,4.72,4.72,350000,1652000,-0.19,2
104/10/20,4.76,4.81,4.76,4.80,374000,1781240,0.08,3
104/10/21,4.84,4.97,4.84,4.87,435000,2127170,0.07,5
104/10/22,5.00,5.00,5.00,5.00,300000,1500000,0.13,1
104/10/23,4.55,4.58,4.55,4.58,52000,238100,-0.42,2
104/10/26,4.36,4.41,4.36,4.41,22000,96920,-0.17,3
104/10/27,4.42,4.53,4.42,4.53,20000,89500,0.12,2
104/10/28,4.77,4.77,4.77,4.77,8000,38160,0.24,1
104/10/29,4.84,4.84,4.84,4.84,20000,96800,0.07,1
104/10/30,4.87,4.87,4.87,4.87,150000,730500,0.03,1
104/11/02,4.98,4.98,4.80,4.80,258000,1248840,-0.07,2
104/11/03,4.56,4.56,4.33,4.35,440000,1922620,-0.45,6
104/11/04,4.10,4.16,3.87,3.87,857000,3471040,-0.48,12
104/11/05,3.89,3.91,3.84,3.84,777000,3022270,-0.03,3
104/11/06,4.03,4.55,4.03,4.42,209000,870400,0.58,6
104/11/09,4.39,4.45,4.23,4.43,418000,1810540,0.01,11
104/11/10,4.74,4.89,4.65,4.77,765000,3667880,0.34,13
104/11/11,4.81,5.25,4.81,5.25,382000,1862720,0.48,9
104/11/12,5.10,5.10,5.10,5.10,30000,153000,-0.15,2
104/11/13,5.40,5.45,5.10,5.45,67000,356800,0.35,5
104/11/16,5.65,5.70,5.65,5.65,50000,283000,0.20,4
104/11/17,4.95,4.95,4.94,4.94,15000,74200,-0.71,2
104/11/18,5.05,5.05,5.05,5.05,10000,50500,0.11,1
104/11/19,--,--,--,--,0,0,,0
104/11/20,--,--,--,--,0,0,,0
104/11/23,4.90,4.90,4.90,4.90,6000,29400,X,1
104/11/24,4.83,5.05,4.78,5.05,12000,59130,0.15,3
104/11/25,5.30,5.30,5.00,5.00,11000,56400,-0.05,3
104/11/26,4.70,4.70,4.70,4.70,5000,23500,-0.30,1
104/11/27,4.64,4.64,4.64,4.64,2000,9280,-0.06,1
104/11/30,5.50,5.50,5.40,5.40,2000,10900,0.76,2
104/12/01,--,--,--,--,0,0,,0
104/12/02,--,--,--,--,0,0,,0
104/12/03,--,--,--,--,0,0,,0
104/12/04,--,--,--,--,0,0,,0
104/12/07,--,--,--,--,0,0,,0
104/12/08,--,--,--,--,0,0,,0
104/12/09,--,--,--,--,0,0,,0
104/12/10,--,--,--,--,0,0,,0
104/12/11,--,--,--,--,0,0,,0
104/12/14,--,--,--,--,0,0,,0
104/12/15,--,--,--,--,0,0,,0
104/12/16,--,--,--,--,0,0,,0
104/12/17,--,--,--,--,0,0,,0
104/12/18,--,--,--,--,0,0,,0
104/12/21,5.20,5.20,5.20,5.20,10000,52000,X,2
104/12/22,--,--,--,--,0,0,,0
104/12/23,--,--,--,--,0,0,,0
104/12/24,--,--,--,--,0,0,,0
104/12/25,--,--,--,--,0,0,,0
104/12/28,--,--,--,--,0,0,,0
104/12/29,--,--,--,--,0,0,,0
104/12/30,--,--,--,--,0,0,,0
104/12/31,--,--,--,--,0,0,,0
105/01/04,--,--,--,--,0,0,,0
105/01/05,--,--,--,--,0,0,,0
105/01/06,6.60,6.60,6.60,6.60,5000,33000,X,1
105/01/07,--,--,--,--,0,0,,0
105/01/08,--,--,--,--,0,0,,0
105/01/11,--,--,--,--,0,0,,0
105/01/12,--,--,--,--,0,0,,0
105/01/13,--,--,--,--,0,0,,0
105/01/14,--,--,--,--,0,0,,0
105/01/15,--,--,--,--,0,0,,0
105/01/18,--,--,--,--,0,0,,0
105/01/19,--,--,--,--,0,0,,0
105/01/20,--,--,--,--,0,0,,0
105/01/21,--,--,--,--,0,0,,0
105/01/22,--,--,--,--,0,0,,0
105/01/25,--,--,--,--,0,0,,0
105/01/26,--,--,--,--,0,0,,0
105/01/27,--,--,--,--,0,0,,0
105/01/28,--,--,--,--,0,0,,0
105/01/29,--,--,--,--,0,0,,0
105/01/30,--,--,--,--,0,0,,0
105/02/01,--,--,--,--,0,0,,0
105/02/02,--,--,--,--,0,0,,0
105/02/03,5.05,5.05,5.05,5.05,5000,25250,X,1
105/02/15,--,--,--,--,0,0,,0
105/02/16,--,--,--,--,0,0,,0
105/02/17,--,--,--,--,0,0,,0
105/02/18,--,--,--,--,0,0,,0
105/02/19,--,--,--,--,0,0,,0
105/10/27,2.43,2.43,2.42,2.42,84000,203760,0.27,8
105/10/28,2.42,2.42,2.42,2.42,130000,314600,,5
105/10/31,2.50,2.54,2.41,2.41,208000,516650,-0.01,13
105/11/01,2.48,2.48,2.41,2.41,54000,133380,,4
105/11/02,2.56,2.57,2.55,2.55,46000,117610,0.14,4
105/11/03,2.60,2.64,2.60,2.64,90000,235100,0.09,10
105/11/04,2.70,2.70,2.64,2.67,33000,87980,0.03,6
105/11/07,2.54,2.54,2.49,2.49,22000,55670,-0.18,5
105/11/08,2.44,2.44,2.42,2.43,15000,36550,-0.06,6
105/11/09,2.43,2.84,2.28,2.83,1317000,3623710,0.40,72
105/11/10,2.70,2.70,2.44,2.46,1245000,3054320,-0.37,58
105/11/11,2.75,2.83,2.69,2.82,274000,762930,0.36,25
105/11/14,2.86,2.91,2.80,2.80,114000,325540,-0.02,13
105/11/15,2.83,2.83,2.81,2.83,50000,141390,0.03,5
105/11/16,2.72,2.77,2.70,2.73,199000,544750,-0.10,13
105/11/17,2.80,2.80,2.79,2.79,7000,19570,0.06,2
105/11/18,2.77,2.78,2.72,2.72,159000,436270,-0.07,7
105/11/21,2.73,2.73,2.67,2.68,37000,99990,-0.04,4
105/11/22,2.60,2.61,2.45,2.47,278000,711490,-0.21,21
105/11/23,2.45,2.45,2.39,2.39,23000,55890,-0.08,6
105/11/24,2.45,2.50,2.45,2.45,20000,49500,0.06,4
105/11/25,2.47,2.47,2.42,2.46,31000,76200,0.01,4
105/11/28,2.39,2.39,2.35,2.36,150000,354800,-0.10,11
105/11/29,2.35,2.39,2.35,2.37,21000,49830,0.01,4
105/11/30,2.40,2.42,2.38,2.38,25000,60100,0.01,3
105/12/01,2.38,2.38,2.30,2.33,222000,515160,-0.05,9
105/12/02,2.47,2.51,2.46,2.48,487000,1206590,0.15,17
105/12/05,2.53,2.53,2.47,2.47,56000,141140,-0.01,3
105/12/06,2.30,2.30,2.26,2.29,140000,318110,-0.18,6
105/12/07,2.25,2.30,2.24,2.28,39000,88430,-0.01,10
105/12/08,2.20,2.20,2.10,2.11,229000,494210,-0.17,22
105/12/09,2.09,2.09,2.05,2.06,156000,322040,-0.05,12
105/12/12,2.01,2.10,2.00,2.09,232000,478340,0.03,16
105/12/13,2.07,2.10,2.07,2.08,35000,72820,-0.01,5
105/12/14,2.02,2.02,2.01,2.01,95000,191050,-0.07,3
105/12/15,2.12,2.13,2.06,2.06,173000,365030,0.05,11
105/12/16,2.10,2.13,2.10,2.13,25000,52950,0.07,5
105/12/19,2.16,2.23,2.16,2.23,68000,149100,0.10,9
105/12/20,2.23,2.26,2.23,2.23,23000,51470,,5
105/12/21,2.26,2.26,2.23,2.24,51000,114300,0.01,6
105/12/22,2.33,2.41,2.33,2.39,66000,156440,0.15,6
105/12/23,2.46,2.47,2.40,2.45,90000,218750,0.06,14
105/12/26,2.39,2.44,2.39,2.39,51000,122880,-0.06,8
105/12/27,2.35,2.40,2.35,2.38,25000,59550,-0.01,4
105/12/28,2.24,2.24,2.22,2.22,19000,42380,-0.16,2
105/12/29,--,--,--,--,0,0,,0
105/12/30,2.18,2.19,2.18,2.18,13000,28410,X,3
106/01/03,2.14,2.14,2.14,2.14,13000,27820,-0.04,4
106/01/04,2.09,2.11,2.09,2.11,7000,14750,-0.03,3
106/01/05,2.06,2.06,2.00,2.00,29000,58670,-0.11,9
106/01/06,1.96,1.98,1.96,1.98,51000,100960,-0.02,2
106/01/09,1.91,1.98,1.91,1.97,24000,47270,-0.01,6
106/01/10,1.98,1.98,1.97,1.97,6000,11830,,2
106/01/11,1.96,1.96,1.96,1.96,5000,9800,-0.01,1
106/01/12,1.90,1.90,1.81,1.84,51000,93540,-0.12,9
106/01/13,1.90,1.90,1.90,1.90,5000,9500,0.06,1
106/01/16,2.01,2.01,2.00,2.00,12000,24010,0.10,3
106/01/17,1.97,1.97,1.95,1.95,2000,3920,-0.05,2
106/01/18,1.96,1.96,1.96,1.96,40000,78400,0.01,2
106/01/19,2.01,2.04,2.01,2.04,2000,4050,0.08,2
106/01/20,1.97,1.97,1.92,1.94,61000,117670,-0.10,6
106/01/23,1.87,1.87,1.78,1.81,108000,195400,-0.13,4
106/01/24,1.74,1.74,1.73,1.73,110000,190310,-0.08,4
106/02/02,1.69,1.77,1.66,1.77,103000,174520,0.04,7
106/02/03,1.74,1.78,1.73,1.78,82000,142160,0.01,3
106/02/06,1.70,1.70,1.70,1.70,1000,1700,-0.08,1
106/02/07,1.67,1.68,1.67,1.68,25000,41950,-0.02,2
106/02/08,1.65,1.69,1.65,1.69,6000,10060,0.01,2
106/02/09,1.65,1.65,1.60,1.60,7000,11490,-0.09,3
106/02/10,1.53,1.53,1.45,1.45,61000,91630,-0.15,6
106/02/13,1.39,1.39,1.39,1.39,50000,69500,-0.06,1
106/02/14,--,--,--,--,0,0,,0
106/02/15,1.30,1.30,1.29,1.29,16000,20700,X,3
106/02/16,--,--,--,--,0,0,,0
106/02/17,1.30,1.30,1.30,1.30,20000,26000,X,1
106/02/18,--,--,--,--,0,0,,0
106/02/20,1.33,1.33,1.33,1.33,1000,1330,X,1
106/02/21,--,--,--,--,0,0,,0
106/02/22,1.27,1.31,1.27,1.31,2000,2580,X,2
106/02/23,--,--,--,--,0,0,,0
106/02/24,--,--,--,--,0,0,,0
106/03/01,1.35,1.37,1.35,1.37,2000,2720,X,2
106/03/02,1.29,1.35,1.29,1.35,52000,69620,-0.02,4
106/03/03,1.40,1.40,1.37,1.37,11000,15100,0.02,2
106/03/06,--,--,--,--,0,0,,0
106/03/07,--,--,--,--,0,0,,0
106/03/08,1.28,1.28,1.28,1.28,1000,1280,X,1
106/03/09,1.32,1.38,1.32,1.38,63000,86860,0.10,4
106/03/10,1.42,1.43,1.42,1.43,8000,11420,0.05,4
106/03/13,--,--,--,--,0,0,,0
106/03/14,1.25,1.25,1.23,1.23,7000,8630,X,3
106/03/15,--,--,--,--,0,0,,0
106/03/16,1.12,1.12,1.08,1.08,61000,65920,X,2
106/03/17,1.02,1.02,1.02,1.02,250000,255000,-0.06,1
106/03/20,1.02,1.03,1.02,1.03,21000,21430,0.01,2
106/03/21,--,--,--,--,0,0,,0
106/03/22,--,--,--,--,0,0,,0
106/03/23,0.94,0.94,0.94,0.94,2000,1880,X,1
106/03/24,0.95,0.95,0.95,0.95,20000,19000,0.01,1
106/03/27,--,--,--,--,0,0,,0
106/03/28,0.96,0.96,0.96,0.96,20000,19200,X,1
106/03/29,--,--,--,--,0,0,,0
106/03/30,0.94,0.94,0.94,0.94,31000,29140,X,3
106/03/31,0.94,0.96,0.94,0.96,104000,99790,0.02,5
106/04/05,0.85,0.85,0.82,0.82,125000,105500,-0.14,2
106/04/06,0.82,0.84,0.82,0.84,3000,2490,0.02,3
106/04/07,0.91,0.91,0.90,0.90,31000,28200,0.06,2
106/04/10,0.84,0.84,0.84,0.84,1000,840,-0.06,1
106/04/11,0.86,0.86,0.86,0.86,10000,8600,0.02,1
106/04/12,0.86,0.88,0.86,0.88,30000,26200,0.02,2
106/04/13,0.82,0.82,0.80,0.80,30000,24200,-0.08,2
106/04/14,0.87,0.87,0.87,0.87,1000,870,0.07,1
106/04/17,0.85,0.85,0.84,0.84,51000,42940,-0.03,2
106/04/18,--,--,--,--,0,0,,0
106/04/19,0.90,0.95,0.90,0.95,106000,98470,X,3
106/04/20,0.96,0.96,0.93,0.93,35000,33150,-0.02,2
106/04/21,--,--,--,--,0,0,,0
106/04/24,0.79,0.81,0.79,0.79,70000,55570,X,4
106/04/25,0.76,0.76,0.72,0.72,26000,19410,-0.07,4
106/04/26,0.67,0.67,0.67,0.67,10000,6700,-0.05,1
106/04/27,--,--,--,--,0,0,,0
106/04/28,0.67,0.67,0.66,0.66,9000,5970,X,4
106/05/02,0.55,0.55,0.54,0.54,64000,35170,-0.12,4
106/05/03,--,--,--,--,0,0,0.00,0
106/05/04,--,--,--,--,0,0,0.00,0
106/05/05,--,--,--,--,0,0,0.00,0
106/05/08,--,--,--,--,0,0,0.00,0
106/05/09,--,--,--,--,0,0,0.00,0
106/05/10,--,--,--,--,0,0,0.00,0
106/05/11,--,--,--,--,0,0,0.00,0
106/05/12,--,--,--,--,0,0,0.00,0
106/05/15,--,--,--,--,0,0,0.00,0
106/05/16,--,--,--,--,0,0,0.00,0
106/05/17,--,--,--,--,0,0,0.00,0
106/05/18,0.37,0.38,0.37,0.38,119000,45020,0.00,2
106/05/19,--,--,--,--,0,0,0.00,0
106/05/22,0.33,0.34,0.33,0.34,114000,38710,0.00,3
106/05/23,0.32,0.32,0.32,0.32,1000,320,-0.02,1
106/05/24,--,--,--,--,0,0,0.00,0
106/05/25,0.26,0.26,0.24,0.24,5000,1220,0.00,2
106/05/26,--,--,--,--,0,0,0.00,0
106/05/31,--,--,--,--,0,0,0.00,0
106/06/01,--,--,--,--,0,0,0.00,0
106/06/02,--,--,--,--,0,0,0.00,0
106/06/03,--,--,--,--,0,0,0.00,0
106/06/05,0.16,0.16,0.16,0.16,40000,6400,0.00,1
106/06/06,--,--,--,--,0,0,0.00,0
106/06/07,--,--,--,--,0,0,0.00,0
106/06/08,--,--,--,--,0,0,0.00,0
106/06/09,0.12,0.12,0.12,0.12,12000,1440,0.00,1
106/06/12,0.13,0.13,0.13,0.13,12000,1560,0.01,1
106/06/13,--,--,--,--,0,0,0.00,0
106/06/14,--,--,--,--,0,0,0.00,0
106/06/15,--,--,--,--,0,0,0.00,0
106/06/16,--,--,--,--,0,0,0.00,0
106/06/19,--,--,--,--,0,0,0.00,0
106/06/20,--,--,--,--,0,0,0.00,0
106/06/21,--,--,--,--,0,0,0.00,0
106/06/22,--,--,--,--,0,0,0.00,0
106/06/23,--,--,--,--,0,0,0.00,0
106/06/26,--,--,--,--,0,0,0.00,0
106/06/27,--,--,--,--,0,0,0.00,0
106/06/28,--,--,--,--,0,0,0.00,0
106/06/29,--,--,--,--,0,0,0.00,0
106/06/30,0.02,0.02,0.02,0.02,1485000,29700,0.00,3
106/07/03,--,--,--,--,0,0,0.00,0
106/07/04,--,--,--,--,0,0,0.00,0
106/07/05,--,--,--,--,0,0,0.00,0
106/07/06,--,--,--,--,0,0,0.00,0
106/07/07,--,--,--,--,0,0,0.00,0
106/07/10,--,--,--,--,0,0,0.00,0
106/07/11,--,--,--,--,0,0,0.00,0
106/07/12,--,--,--,--,0,0,0.00,0
106/07/13,--,--,--,--,0,0,0.00,0
106/07/14,--,--,--,--,0,0,0.00,0
106/07/17,--,--,--,--,0,0,0.00,0
106/07/18,--,--,--,--,0,0,0.00,0
106/07/19,--,--,--,--,0,0,0.00,0
106/07/20,--,--,--,--,0,0,0.00,0
106/07/21,--,--,--,--,0,0,0.00,0
106/07/24,--,--,--,--,0,0,0.00,0
107/01/25,1.60,1.65,1.60,1.65,105000,168150,0.48,3
107/01/26,1.50,1.72,1.50,1.69,382000,643680,0.04,9
107/01/29,1.56,1.66,1.56,1.60,299000,477680,-0.09,14
107/01/30,1.60,1.68,1.60,1.68,91000,152720,0.08,2
107/01/31,1.73,1.73,1.59,1.59,184000,307110,-0.09,15
107/02/01,1.59,1.67,1.59,1.67,72000,118920,0.08,3
107/02/02,1.77,1.79,1.75,1.79,68000,119900,0.12,7
107/02/05,1.96,1.96,1.79,1.79,73000,138880,0.00,4
107/02/06,2.09,2.20,2.09,2.20,20000,42900,0.41,2
107/02/07,1.92,1.92,1.92,1.92,150000,288000,-0.28,2
107/02/08,--,--,--,--,0,0,0.00,0
107/02/09,--,--,--,--,0,0,0.00,0
107/02/12,--,--,--,--,0,0,0.00,0
107/02/21,--,--,--,--,0,0,0.00,0
107/02/22,--,--,--,--,0,0,0.00,0
107/02/23,--,--,--,--,0,0,0.00,0
107/02/26,2.21,2.21,2.21,2.21,36000,79560,0.00,1
107/02/27,2.14,2.14,2.14,2.14,36000,77040,-0.07,1
107/03/01,--,--,--,--,0,0,0.00,0
107/03/02,--,--,--,--,0,0,0.00,0
107/03/05,--,--,--,--,0,0,0.00,0
107/03/06,--,--,--,--,0,0,0.00,0
107/03/07,--,--,--,--,0,0,0.00,0
107/03/08,--,--,--,--,0,0,0.00,0
107/03/09,--,--,--,--,0,0,0.00,0
107/03/12,--,--,--,--,0,0,0.00,0
107/03/13,--,--,--,--,0,0,0.00,0
107/03/14,--,--,--,--,0,0,0.00,0
107/03/15,1.67,1.67,1.67,1.67,150000,250500,0.00,1
107/03/16,1.77,1.77,1.75,1.75,250000,437900,0.08,4
107/03/19,1.72,1.74,1.71,1.74,134000,231460,-0.01,6
107/03/20,1.72,1.72,1.72,1.72,34000,58480,-0.02,1
107/03/21,--,--,--,--,0,0,0.00,0
107/03/22,1.78,1.82,1.78,1.82,93000,168820,0.00,2
107/03/23,1.96,1.96,1.94,1.96,93000,181880,0.14,8
107/03/26,--,--,--,--,0,0,0.00,0
107/03/27,--,--,--,--,0,0,0.00,0
107/03/28,--,--,--,--,0,0,0.00,0
107/03/29,--,--,--,--,0,0,0.00,0
107/03/30,--,--,--,--,0,0,0.00,0
107/03/31,--,--,--,--,0,0,0.00,0
107/04/02,--,--,--,--,0,0,0.00,0
107/04/03,--,--,--,--,0,0,0.00,0
107/04/09,--,--,--,--,0,0,0.00,0
107/04/10,--,--,--,--,0,0,0.00,0
107/04/11,--,--,--,--,0,0,0.00,0
107/04/12,--,--,--,--,0,0,0.00,0
107/04/13,--,--,--,--,0,0,0.00,0
107/04/16,--,--,--,--,0,0,0.00,0
107/04/17,--,--,--,--,0,0,0.00,0
107/04/18,2.43,2.43,2.43,2.43,10000,24300,0.00,1
107/04/19,2.46,2.46,2.46,2.46,10000,24600,0.03,1
107/04/20,--,--,--,--,0,0,0.00,0
107/04/23,--,--,--,--,0,0,0.00,0
107/04/24,--,--,--,--,0,0,0.00,0
107/04/25,--,--,--,--,0,0,0.00,0
107/04/26,2.33,2.33,2.33,2.33,10000,23300,0.00,1
107/04/27,2.46,2.46,2.46,2.46,10000,24600,0.13,1
107/04/30,--,--,--,--,0,0,0.00,0
107/05/02,--,--,--,--,0,0,0.00,0
107/05/03,--,--,--,--,0,0,0.00,0
107/05/04,--,--,--,--,0,0,0.00,0
107/05/07,--,--,--,--,0,0,0.00,0
107/05/08,--,--,--,--,0,0,0.00,0
107/05/09,--,--,--,--,0,0,0.00,0
107/05/10,2.07,2.07,2.07,2.07,10000,20700,0.00,1
107/05/11,2.19,2.19,2.19,2.19,10000,21900,0.12,1
107/05/14,--,--,--,--,0,0,0.00,0
107/05/15,--,--,--,--,0,0,0.00,0
107/05/16,2.02,2.02,2.02,2.02,10000,20200,0.00,1
107/05/17,1.98,1.98,1.98,1.98,10000,19800,-0.04,1
107/05/18,--,--,--,--,0,0,0.00,0
107/05/21,--,--,--,--,0,0,0.00,0
107/05/22,--,--,--,--,0,0,0.00,0
107/05/23,--,--,--,--,0,0,0.00,0
107/05/24,--,--,--,--,0,0,0.00,0
107/05/25,--,--,--,--,0,0,0.00,0
107/05/28,--,--,--,--,0,0,0.00,0
107/05/29,--,--,--,--,0,0,0.00,0
107/05/30,--,--,--,--,0,0,0.00,0
107/05/31,--,--,--,--,0,0,0.00,0
107/06/01,--,--,--,--,0,0,0.00,0
107/06/04,--,--,--,--,0,0,0.00,0
107/06/05,--,--,--,--,0,0,0.00,0
107/06/06,1.19,1.19,1.19,1.19,8000,9520,0.00,1
107/06/07,1.05,1.07,1.05,1.07,32000,33740,-0.12,4
107/06/08,1.14,1.16,1.14,1.16,50000,57500,0.09,6
107/06/11,1.07,1.12,1.07,1.12,20000,21900,-0.04,3
107/06/12,1.20,1.20,1.20,1.20,10000,12000,0.08,1
107/06/13,--,--,--,--,0,0,0.00,0
107/06/14,--,--,--,--,0,0,0.00,0
107/06/15,--,--,--,--,0,0,0.00,0
107/06/19,--,--,--,--,0,0,0.00,0
107/06/20,--,--,--,--,0,0,0.00,0
107/06/21,--,--,--,--,0,0,0.00,0
107/06/22,--,--,--,--,0,0,0.00,0
107/06/25,1.41,1.41,1.41,1.41,10000,14100,0.00,1
107/06/26,1.45,1.45,1.45,1.45,10000,14500,0.04,1
107/06/27,--,--,--,--,0,0,0.00,0
107/06/28,--,--,--,--,0,0,0.00,0
107/06/29,1.42,1.42,1.42,1.42,1000,1420,0.00,1
107/07/02,--,--,--,--,0,0,0.00,0
107/07/03,1.49,1.49,1.49,1.49,1000,1490,0.00,1
107/07/04,--,--,--,--,0,0,0.00,0
107/07/05,--,--,--,--,0,0,0.00,0
107/07/06,--,--,--,--,0,0,0.00,0
107/07/09,--,--,--,--,0,0,0.00,0
107/07/10,--,--,--,--,0,0,0.00,0
107/07/11,--,--,--,--,0,0,0.00,0
107/07/12,--,--,--,--,0,0,0.00,0
107/07/13,--,--,--,--,0,0,0.00,0
107/07/16,--,--,--,--,0,0,0.00,0
107/07/17,--,--,--,--,0,0,0.00,0
107/07/18,--,--,--,--,0,0,0.00,0
107/07/19,--,--,--,--,0,0,0.00,0
107/07/20,--,--,--,--,0,0,0.00,0
108/03/06,--,--,--,--,0,0,0.00,0
108/03/07,1.21,1.25,1.21,1.25,190000,234330,0.00,7
108/03/08,1.25,1.27,1.25,1.26,170000,214080,0.01,6
108/03/11,1.21,1.21,1.20,1.21,90000,108400,-0.05,3
108/03/12,--,--,--,--,0,0,0.00,0
108/03/13,1.20,1.20,1.20,1.20,19000,22800,0.00,3
108/03/14,1.17,1.22,1.17,1.21,214000,256630,0.01,9
108/03/15,1.18,1.19,1.18,1.18,253000,299120,-0.03,9
108/03/18,1.17,1.20,1.17,1.20,293000,347970,0.02,8
108/03/19,1.18,1.18,1.15,1.15,293000,342220,-0.05,6
108/03/20,1.10,1.10,1.07,1.07,238000,258160,-0.08,6
108/03/21,1.05,1.08,1.05,1.08,379000,400020,0.01,6
108/03/22,1.04,1.05,1.04,1.05,195000,203950,-0.03,3
108/03/25,1.10,1.10,1.10,1.10,15000,16500,0.05,2
108/03/26,1.07,1.07,1.07,1.07,116000,124120,-0.03,2
108/03/27,1.07,1.07,1.07,1.07,126000,134820,0.00,2
108/03/28,--,--,--,--,0,0,0.00,0
108/03/29,--,--,--,--,0,0,0.00,0
108/04/01,1.03,1.03,1.03,1.03,11000,11330,0.00,1
108/04/02,0.99,0.99,0.99,0.99,11000,10890,-0.04,1
108/04/03,0.97,0.99,0.97,0.99,26000,25420,0.00,3
108/04/08,0.96,0.96,0.96,0.96,16000,15360,-0.03,1
108/04/09,0.95,0.95,0.91,0.91,60000,56600,-0.05,2
108/04/10,0.92,0.93,0.92,0.93,117000,108800,0.02,2
108/04/11,0.90,0.94,0.90,0.94,495000,458030,0.01,8
108/04/12,0.93,0.95,0.93,0.95,379000,358190,0.01,5
108/04/15,--,--,--,--,0,0,0.00,0
108/04/16,--,--,--,--,0,0,0.00,0
108/04/17,0.86,0.86,0.86,0.86,65000,55900,0.00,2
108/04/18,0.86,0.92,0.85,0.92,1292000,1144780,0.06,10
108/04/19,0.87,0.90,0.87,0.89,1411000,1263170,-0.03,9
108/04/22,0.83,0.85,0.83,0.85,252000,211420,-0.04,4
108/04/23,0.83,0.83,0.83,0.83,118000,97940,-0.02,1
108/04/24,0.81,0.84,0.81,0.84,481000,392950,0.01,14
108/04/25,0.83,0.84,0.81,0.81,625000,511490,-0.03,7
108/04/26,0.81,0.81,0.80,0.80,376000,302240,-0.01,3
108/04/29,0.85,0.85,0.85,0.85,348000,295800,0.05,2
108/04/30,0.85,0.88,0.85,0.88,269000,232500,0.03,3
108/05/02,0.87,0.87,0.85,0.85,153000,131630,-0.03,5
108/05/03,--,--,--,--,0,0,0.00,0
108/05/06,0.88,0.88,0.87,0.87,152000,132600,0.00,2
108/05/07,0.88,0.91,0.87,0.91,414000,368710,0.04,12
108/05/08,0.93,0.93,0.93,0.93,264000,245520,0.02,8
108/05/09,0.93,0.95,0.93,0.95,77000,73110,0.02,3
108/05/10,0.91,0.95,0.91,0.95,310000,289400,0.00,9
108/05/13,0.99,1.01,0.98,1.01,395000,396150,0.06,11
108/05/14,1.13,1.13,1.09,1.09,61000,68890,0.08,3
108/05/15,0.97,0.99,0.96,0.99,142000,139210,-0.10,9
108/05/16,0.95,1.05,0.95,1.05,300000,299350,0.06,18
108/05/17,1.00,1.06,1.00,1.03,278000,284890,-0.02,8
108/05/20,1.02,1.08,1.02,1.06,149000,157680,0.03,4
108/05/21,1.07,1.07,1.06,1.07,165000,176320,0.01,9
108/05/22,0.98,0.99,0.98,0.99,171000,168740,-0.08,2
108/05/23,1.04,1.07,1.04,1.07,390000,411500,0.08,4
108/05/24,1.01,1.01,1.00,1.00,174000,174580,-0.07,5
108/05/27,1.02,1.04,1.02,1.03,160000,164800,0.03,6
108/05/28,0.99,1.00,0.99,0.99,270000,268900,-0.04,7
108/05/29,1.05,1.13,1.02,1.10,588000,634890,0.11,29
108/05/30,1.06,1.09,1.05,1.05,328000,347430,-0.05,25
108/05/31,1.02,1.02,0.98,0.98,136000,135520,-0.07,7
108/06/03,1.00,1.00,0.98,0.98,57000,56400,0.00,3
108/06/04,0.95,0.95,0.95,0.95,10000,9500,-0.03,1
108/06/05,0.88,0.91,0.88,0.91,161000,146340,-0.04,3
108/06/06,0.98,1.02,0.98,1.00,405000,402410,0.09,13
108/06/10,0.95,0.97,0.94,0.96,340000,326440,-0.04,7
108/06/11,0.91,0.91,0.88,0.89,227000,202420,-0.07,5
108/06/12,0.87,0.87,0.86,0.87,192000,166490,-0.02,6
108/06/13,0.87,0.87,0.86,0.87,220000,189930,0.00,8
108/06/14,0.84,0.85,0.84,0.85,55000,46210,-0.02,7
108/06/17,0.77,0.77,0.77,0.77,15000,11550,-0.08,1
108/06/18,--,--,--,--,0,0,0.00,0
108/06/19,0.73,0.73,0.67,0.67,64000,44900,0.00,4
108/06/20,0.61,0.61,0.57,0.57,309000,178390,-0.10,13
108/06/21,0.53,0.56,0.53,0.56,235000,128750,-0.01,7
108/06/24,0.49,0.52,0.49,0.51,267000,133340,-0.05,10
108/06/25,0.48,0.53,0.48,0.53,281000,144310,0.02,16
108/06/26,0.47,0.49,0.47,0.49,216000,103160,-0.04,10
108/06/27,0.49,0.49,0.49,0.49,4000,1960,0.00,1
108/06/28,0.49,0.49,0.49,0.49,66000,32340,0.00,5
108/07/01,0.45,0.46,0.44,0.46,112000,50740,-0.03,9
108/07/02,0.42,0.44,0.42,0.44,49000,20760,-0.02,4
108/07/03,0.47,0.48,0.47,0.48,64000,30300,0.04,6
108/07/04,0.43,0.45,0.43,0.45,108000,47440,-0.03,5
108/07/05,0.41,0.41,0.41,0.41,34000,13940,-0.04,2
108/07/08,0.43,0.43,0.43,0.43,25000,10750,0.02,2
108/07/09,0.45,0.45,0.45,0.45,25000,11250,0.02,1
108/07/10,0.43,0.43,0.43,0.43,10000,4300,-0.02,1
108/07/11,0.43,0.43,0.43,0.43,55000,23650,0.00,3
108/07/12,0.42,0.47,0.41,0.47,1004000,444260,0.04,12
108/07/15,0.44,0.47,0.42,0.42,1254000,544270,-0.05,26
108/07/16,0.39,0.39,0.39,0.39,18000,7020,-0.03,2
108/07/17,0.39,0.39,0.39,0.39,216000,84240,0.00,1
108/07/18,0.40,0.43,0.40,0.43,354000,145540,0.04,5
108/07/19,0.40,0.41,0.40,0.41,354000,143760,-0.02,4
108/07/22,--,--,--,--,0,0,0.00,0
108/07/23,0.35,0.38,0.35,0.38,776000,286920,0.00,7
108/07/24,0.33,0.33,0.31,0.31,540000,173880,-0.07,3
108/07/25,--,--,--,--,0,0,0.00,0
108/07/26,--,--,--,--,0,0,0.00,0
108/07/29,--,--,--,--,0,0,0.00,0
108/07/30,0.29,0.30,0.29,0.30,115000,33500,0.00,2
108/07/31,--,--,--,--,0,0,0.00,0
108/08/01,0.27,0.27,0.27,0.27,15000,4050,0.00,1
108/08/02,0.30,0.30,0.30,0.30,100000,30000,0.03,1
108/08/05,--,--,--,--,0,0,0.00,0
108/08/06,0.28,0.28,0.28,0.28,100000,28000,0.00,2
108/08/07,0.31,0.37,0.31,0.37,260000,91220,0.09,7
108/08/08,0.38,0.38,0.36,0.36,160000,57800,-0.01,2
108/08/12,0.38,0.38,0.33,0.33,126000,42080,-0.03,3
108/08/13,0.33,0.33,0.31,0.32,543000,170030,-0.01,3
108/08/14,0.26,0.26,0.25,0.25,227000,57020,-0.07,2
108/08/15,--,--,--,--,0,0,0.00,0
108/08/16,--,--,--,--,0,0,0.00,0
108/08/19,--,--,--,--,0,0,0.00,0
108/08/20,--,--,--,--,0,0,0.00,0
108/08/21,--,--,--,--,0,0,0.00,0
108/08/22,--,--,--,--,0,0,0.00,0
108/08/23,--,--,--,--,0,0,0.00,0
108/08/26,0.15,0.15,0.15,0.15,10000,1500,0.00,1
108/08/27,--,--,--,--,0,0,0.00,0
108/08/28,--,--,--,--,0,0,0.00,0
108/08/29,--,--,--,--,0,0,0.00,0
108/08/30,--,--,--,--,0,0,0.00,0
108/09/02,--,--,--,--,0,0,0.00,0
108/09/03,--,--,--,--,0,0,0.00,0
108/09/09,0.44,0.47,0.42,0.42,1254000,544270,-0.05,26
109/02/10,--,--,--,--,0,0,0.00,0
109/02/11,1.08,1.08,1.08,1.08,50000,54000,0.00,1
109/02/12,0.97,0.98,0.97,0.98,100000,97500,-0.10,2
109/02/13,0.92,0.94,0.92,0.94,100000,93000,-0.04,2
109/02/14,--,--,--,--,0,0,0.00,0
109/02/17,1.03,1.03,1.03,1.03,50000,51500,0.00,1
109/02/18,--,--,--,--,0,0,0.00,0
109/02/19,--,--,--,--,0,0,0.00,0
109/02/20,--,--,--,--,0,0,0.00,0
109/02/21,1.18,1.18,1.18,1.18,106000,125080,0.00,3
109/02/24,1.29,1.30,1.29,1.30,120000,155860,0.12,3
109/02/25,1.34,1.34,1.34,1.34,14000,18760,0.04,1
109/02/26,--,--,--,--,0,0,0.00,0
109/02/27,1.36,1.36,1.36,1.36,13000,17680,0.00,1
109/03/02,1.66,1.66,1.63,1.63,138000,225330,0.27,2
109/03/03,1.36,1.36,1.34,1.34,125000,167720,-0.29,2
109/03/04,1.33,1.33,1.30,1.30,32000,41990,-0.04,2
109/03/05,1.08,1.12,1.08,1.11,76000,83640,-0.19,4
109/03/06,1.24,1.24,1.22,1.22,58000,71640,0.11,3
109/03/09,1.65,1.65,1.59,1.59,150000,239860,0.37,3
109/03/10,1.84,1.88,1.63,1.63,501000,900290,0.04,8
109/03/11,1.54,1.66,1.52,1.64,1134000,1779680,0.01,18
109/03/12,2.04,2.54,2.02,2.25,2053000,4303880,0.61,32
109/03/13,3.47,3.51,2.25,2.25,3212000,9109950,0.00,63
109/03/16,2.39,3.28,2.31,3.22,2444000,6575500,0.97,40
109/03/17,3.91,3.91,3.22,3.88,224000,818650,0.66,19
109/03/18,3.83,4.09,3.80,3.97,538000,2088370,0.09,62
109/03/19,4.98,6.10,4.93,6.00,67000,361560,2.03,7
109/03/20,4.44,4.59,3.54,3.71,617000,2486810,-2.29,66
109/03/23,4.29,4.29,4.29,4.29,1000,4290,0.58,1
109/03/24,3.62,3.62,3.60,3.60,20000,72200,-0.69,3
109/03/25,--,--,--,--,0,0,0.00,0
109/03/26,--,--,--,--,0,0,0.00,0
109/03/27,3.02,3.02,3.02,3.02,3000,9060,0.00,2
109/03/30,3.83,3.83,3.83,3.83,8000,30640,0.81,1
109/03/31,3.29,3.29,3.29,3.29,7000,23030,-0.54,3
109/04/01,3.04,3.04,3.04,3.04,2000,6080,-0.25,1
109/04/06,--,--,--,--,0,0,0.00,0
109/04/07,--,--,--,--,0,0,0.00,0
109/04/08,--,--,--,--,0,0,0.00,0
109/04/09,2.22,2.22,2.22,2.22,7000,15540,0.00,1
109/04/10,--,--,--,--,0,0,0.00,0
109/04/13,--,--,--,--,0,0,0.00,0
109/04/14,2.23,2.23,2.23,2.23,10000,22300,0.00,1
109/04/15,1.96,1.96,1.96,1.96,3000,5880,-0.27,1
109/04/16,--,--,--,--,0,0,0.00,0
109/04/17,--,--,--,--,0,0,0.00,0
109/04/20,--,--,--,--,0,0,0.00,0
109/04/21,--,--,--,--,0,0,0.00,0
109/04/22,--,--,--,--,0,0,0.00,0
109/04/23,--,--,--,--,0,0,0.00,0
109/04/24,--,--,--,--,0,0,0.00,0
109/04/27,--,--,--,--,0,0,0.00,0
109/04/28,--,--,--,--,0,0,0.00,0
109/04/29,--,--,--,--,0,0,0.00,0
109/04/30,--,--,--,--,0,0,0.00,0
109/05/04,--,--,--,--,0,0,0.00,0
109/05/05,--,--,--,--,0,0,0.00,0
109/05/06,--,--,--,--,0,0,0.00,0
109/05/07,--,--,--,--,0,0,0.00,0
109/05/08,--,--,--,--,0,0,0.00,0
109/05/11,--,--,--,--,0,0,0.00,0
109/05/12,--,--,--,--,0,0,0.00,0
109/05/13,--,--,--,--,0,0,0.00,0
109/05/14,1.36,1.38,1.36,1.38,200000,274000,0.00,2
109/05/15,1.20,1.20,1.20,1.20,10000,12000,-0.18,1
109/05/18,--,--,--,--,0,0,0.00,0
109/05/19,--,--,--,--,0,0,0.00,0
109/05/20,--,--,--,--,0,0,0.00,0
109/05/21,--,--,--,--,0,0,0.00,0
109/05/22,--,--,--,--,0,0,0.00,0
109/05/25,--,--,--,--,0,0,0.00,0
109/05/26,1.01,1.01,1.01,1.01,10000,10100,0.00,1
109/05/27,1.09,1.09,1.09,1.09,100000,109000,0.08,1
109/05/28,--,--,--,--,0,0,0.00,0
109/05/29,--,--,--,--,0,0,0.00,0
109/06/01,--,--,--,--,0,0,0.00,0
109/06/02,--,--,--,--,0,0,0.00,0
109/06/03,0.84,0.84,0.84,0.84,499000,419160,0.00,1
109/06/04,--,--,--,--,0,0,0.00,0
109/06/05,0.46,0.46,0.38,0.38,1597000,688710,0.00,4
109/06/08,0.28,0.28,0.28,0.28,448000,125440,-0.10,1
109/06/09,--,--,--,--,0,0,0.00,0
109/06/10,--,--,--,--,0,0,0.00,0
109/06/11,--,--,--,--,0,0,0.00,0
109/06/12,0.32,0.32,0.27,0.27,30000,9100,0.00,3
109/06/15,--,--,--,--,0,0,0.00,0
109/06/16,--,--,--,--,0,0,0.00,0
109/06/17,--,--,--,--,0,0,0.00,0
109/06/18,0.19,0.19,0.19,0.19,20000,3800,0.00,1
109/06/19,--,--,--,--,0,0,0.00,0
109/06/22,--,--,--,--,0,0,0.00,0
109/06/23,--,--,--,--,0,0,0.00,0
109/06/24,--,--,--,--,0,0,0.00,0
109/06/29,--,--,--,--,0,0,0.00,0
109/06/30,--,--,--,--,0,0,0.00,0
109/07/01,--,--,--,--,0,0,0.00,0
109/07/02,0.08,0.08,0.08,0.08,10000,800,0.00,1
109/07/03,--,--,--,--,0,0,0.00,0
109/07/06,--,--,--,--,0,0,0.00,0
109/07/07,--,--,--,--,0,0,0.00,0
109/07/08,--,--,--,--,0,0,0.00,0
109/07/09,--,--,--,--,0,0,0.00,0
109/07/10,--,--,--,--,0,0,0.00,0
109/07/13,--,--,--,--,0,0,0.00,0
109/07/14,--,--,--,--,0,0,0.00,0
109/07/15,--,--,--,--,0,0,0.00,0
109/07/16,--,--,--,--,0,0,0.00,0
109/07/17,--,--,--,--,0,0,0.00,0
109/07/20,--,--,--,--,0,0,0.00,0
109/07/21,--,--,--,--,0,0,0.00,0
109/07/22,--,--,--,--,0,0,0.00,0
109/07/23,--,--,--,--,0,0,0.00,0
109/07/24,--,--,--,--,0,0,0.00,0
109/07/27,--,--,--,--,0,0,0.00,0
109/07/28,--,--,--,--,0,0,0.00,0
109/07/29,--,--,--,--,0,0,0.00,0
109/07/30,--,--,--,--,0,0,0.00,0
109/07/31,--,--,--,--,0,0,0.00,0
109/08/03,--,--,--,--,0,0,0.00,0
109/08/04,--,--,--,--,0,0,0.00,0
109/08/05,--,--,--,--,0,0,0.00,0
109/08/06,--,--,--,--,0,0,0.00,0
