101/06/28,--,--,--,--,0,0,,0
101/06/29,--,--,--,--,0,0,,0
101/07/02,--,--,--,--,0,0,,0
101/07/03,--,--,--,--,0,0,,0
101/07/04,--,--,--,--,0,0,,0
101/07/05,--,--,--,--,0,0,,0
101/07/06,--,--,--,--,0,0,,0
101/07/09,--,--,--,--,0,0,,0
101/07/10,--,--,--,--,0,0,,0
101/07/11,--,--,--,--,0,0,,0
101/07/12,--,--,--,--,0,0,,0
101/07/13,--,--,--,--,0,0,,0
101/07/16,--,--,--,--,0,0,,0
101/07/17,--,--,--,--,0,0,,0
101/07/18,--,--,--,--,0,0,,0
101/07/19,--,--,--,--,0,0,,0
101/07/20,--,--,--,--,0,0,,0
101/07/23,--,--,--,--,0,0,,0
101/07/24,--,--,--,--,0,0,,0
101/07/25,0.80,0.80,0.80,0.80,35000,28000,0.04,1
101/07/26,0.79,0.79,0.79,0.79,20000,15800,-0.01,1
101/07/27,--,--,--,--,0,0,,0
101/07/30,0.70,0.72,0.70,0.72,90000,63700,-0.03,2
101/07/31,0.70,0.70,0.70,0.70,20000,14000,-0.02,1
101/08/01,0.68,0.68,0.68,0.68,15000,10200,-0.02,1
101/08/03,--,--,--,--,0,0,,0
101/08/06,--,--,--,--,0,0,,0
101/08/07,--,--,--,--,0,0,,0
101/08/08,--,--,--,--,0,0,,0
101/08/09,--,--,--,--,0,0,,0
101/08/10,--,--,--,--,0,0,,0
101/08/13,--,--,--,--,0,0,,0
101/08/14,--,--,--,--,0,0,,0
101/08/15,--,--,--,--,0,0,,0
101/08/16,--,--,--,--,0,0,,0
101/08/17,--,--,--,--,0,0,,0
101/08/20,--,--,--,--,0,0,,0
101/08/21,--,--,--,--,0,0,,0
101/08/22,0.59,0.59,0.59,0.59,10000,5900,-0.01,1
101/08/23,--,--,--,--,0,0,,0
101/08/24,0.55,0.55,0.53,0.53,20000,10800,-0.05,2
101/08/27,--,--,--,--,0,0,,0
101/08/28,--,--,--,--,0,0,,0
101/08/29,--,--,--,--,0,0,,0
101/08/30,--,--,--,--,0,0,,0
101/08/31,--,--,--,--,0,0,,0
101/09/03,--,--,--,--,0,0,,0
101/09/04,--,--,--,--,0,0,,0
101/09/05,--,--,--,--,0,0,,0
101/09/06,--,--,--,--,0,0,,0
101/09/07,--,--,--,--,0,0,,0
101/09/10,0.43,0.43,0.43,0.43,5000,2150,-0.05,1
101/09/11,0.45,0.45,0.45,0.45,5000,2250,0.02,1
101/09/12,--,--,--,--,0,0,,0
101/09/13,0.43,0.43,0.43,0.43,50000,21500,-0.02,1
101/09/14,0.40,0.40,0.39,0.39,220000,86500,-0.04,5
101/09/17,0.34,0.35,0.33,0.33,270000,92300,-0.06,39
101/09/18,0.31,0.31,0.31,0.31,5000,1550,-0.02,1
101/09/19,--,--,--,--,0,0,,0
101/09/20,0.31,0.31,0.30,0.31,320000,98200,0.02,6
101/09/21,0.28,0.29,0.28,0.28,320000,90500,-0.03,6
101/09/24,0.27,0.27,0.27,0.27,360000,97200,-0.01,4
101/09/25,0.27,0.29,0.27,0.29,500000,138600,0.02,7
101/09/26,0.30,0.30,0.27,0.27,378000,108400,-0.02,8
101/09/27,0.27,0.27,0.25,0.25,198000,52200,-0.02,3
101/09/28,0.22,0.23,0.22,0.23,185000,41650,-0.02,3
101/10/01,0.21,0.22,0.21,0.21,270000,57600,-0.02,3
101/10/02,0.22,0.22,0.22,0.22,290000,63800,0.01,5
101/10/03,0.23,0.23,0.23,0.23,90000,20700,0.01,1
101/10/04,0.26,0.26,0.24,0.24,95000,22900,0.01,2
101/10/05,0.24,0.24,0.24,0.24,35000,8400,,2
101/10/08,--,--,--,--,0,0,,0
101/10/09,0.25,0.25,0.25,0.25,15000,3750,X,2
101/10/11,0.28,0.28,0.27,0.27,35000,9750,0.02,3
101/10/12,--,--,--,--,0,0,,0
101/10/15,--,--,--,--,0,0,,0
101/10/16,0.28,0.28,0.28,0.28,200000,56000,X,4
101/10/17,--,--,--,--,0,0,,0
101/10/18,--,--,--,--,0,0,,0
101/10/19,--,--,--,--,0,0,,0
101/10/22,--,--,--,--,0,0,,0
101/10/23,--,--,--,--,0,0,,0
101/10/24,--,--,--,--,0,0,,0
101/10/25,--,--,--,--,0,0,,0
101/10/26,0.39,0.41,0.39,0.41,156000,61780,X,3
101/10/29,0.43,0.43,0.43,0.43,448000,192640,0.02,6
101/10/30,--,--,--,--,0,0,,0
101/10/31,0.47,0.47,0.47,0.47,20000,9400,X,1
101/11/01,--,--,--,--,0,0,,0
101/11/02,--,--,--,--,0,0,,0
101/11/05,--,--,--,--,0,0,,0
101/11/06,--,--,--,--,0,0,,0
101/11/07,--,--,--,--,0,0,,0
101/11/08,--,--,--,--,0,0,,0
101/11/09,--,--,--,--,0,0,,0
101/11/12,--,--,--,--,0,0,,0
101/11/13,--,--,--,--,0,0,,0
101/11/14,--,--,--,--,0,0,,0
101/11/15,--,--,--,--,0,0,,0
101/11/16,--,--,--,--,0,0,,0
101/11/19,0.44,0.44,0.44,0.44,30000,13200,X,1
101/11/20,--,--,--,--,0,0,,0
101/11/21,0.45,0.45,0.45,0.45,30000,13500,X,1
101/11/22,0.49,0.51,0.49,0.51,53000,26030,0.06,2
101/11/23,0.46,0.46,0.46,0.46,5000,2300,-0.05,1
101/11/26,0.40,0.40,0.40,0.40,55000,22000,-0.06,1
101/11/27,--,--,--,--,0,0,,0
101/11/28,--,--,--,--,0,0,,0
101/11/29,0.33,0.33,0.33,0.33,23000,7590,X,2
101/11/30,--,--,--,--,0,0,,0
101/12/03,--,--,--,--,0,0,,0
101/12/04,--,--,--,--,0,0,,0
101/12/05,--,--,--,--,0,0,,0
101/12/06,--,--,--,--,0,0,,0
101/12/07,--,--,--,--,0,0,,0
101/12/10,--,--,--,--,0,0,,0
101/12/11,0.28,0.28,0.28,0.28,5000,1400,X,1
101/12/12,--,--,--,--,0,0,,0
101/12/13,0.21,0.21,0.21,0.21,5000,1050,X,1
101/12/14,--,--,--,--,0,0,,0
101/12/17,--,--,--,--,0,0,,0
101/12/18,--,--,--,--,0,0,,0
101/12/19,--,--,--,--,0,0,,0
101/12/20,--,--,--,--,0,0,,0
101/12/21,--,--,--,--,0,0,,0
101/12/22,--,--,--,--,0,0,,0
101/12/24,--,--,--,--,0,0,,0
101/12/25,--,--,--,--,0,0,,0
101/12/26,--,--,--,--,0,0,,0
101/12/27,--,--,--,--,0,0,,0
101/12/28,--,--,--,--,0,0,,0
102/01/02,--,--,--,--,0,0,,0
102/01/03,--,--,--,--,0,0,,0
102/01/04,--,--,--,--,0,0,,0
102/01/07,--,--,--,--,0,0,,0
102/01/08,--,--,--,--,0,0,,0
102/01/09,--,--,--,--,0,0,,0
102/01/10,--,--,--,--,0,0,,0
102/01/11,--,--,--,--,0,0,,0
102/01/14,--,--,--,--,0,0,,0
102/01/15,--,--,--,--,0,0,,0
102/01/16,--,--,--,--,0,0,,0
102/01/17,--,--,--,--,0,0,,0
102/01/18,--,--,--,--,0,0,,0
102/01/21,--,--,--,--,0,0,,0
102/01/22,--,--,--,--,0,0,,0
102/01/23,--,--,--,--,0,0,,0
102/01/24,--,--,--,--,0,0,,0
102/01/25,--,--,--,--,0,0,,0
102/01/28,--,--,--,--,0,0,,0
102/01/29,--,--,--,--,0,0,,0
102/01/30,--,--,--,--,0,0,,0
102/01/31,--,--,--,--,0,0,,0
102/02/01,--,--,--,--,0,0,,0
102/02/04,--,--,--,--,0,0,,0
102/02/05,--,--,--,--,0,0,,0
102/02/06,--,--,--,--,0,0,,0
102/02/18,--,--,--,--,0,0,,0
102/02/19,--,--,--,--,0,0,,0
102/02/20,--,--,--,--,0,0,,0
102/02/21,--,--,--,--,0,0,,0
102/02/22,--,--,--,--,0,0,,0
102/02/23,--,--,--,--,0,0,,0
102/02/25,--,--,--,--,0,0,,0
102/02/26,--,--,--,--,0,0,,0
102/02/27,--,--,--,--,0,0,,0
102/03/01,--,--,--,--,0,0,,0
102/03/04,--,--,--,--,0,0,,0
102/03/05,--,--,--,--,0,0,,0
102/03/06,--,--,--,--,0,0,,0
102/03/07,--,--,--,--,0,0,,0
102/03/08,--,--,--,--,0,0,,0
102/03/11,--,--,--,--,0,0,,0
102/03/12,--,--,--,--,0,0,,0
102/03/13,--,--,--,--,0,0,,0
102/03/14,--,--,--,--,0,0,,0
102/03/15,--,--,--,--,0,0,,0
102/03/18,--,--,--,--,0,0,,0
102/03/19,--,--,--,--,0,0,,0
102/03/20,--,--,--,--,0,0,,0
102/03/21,--,--,--,--,0,0,,0
102/03/22,--,--,--,--,0,0,,0
102/03/25,--,--,--,--,0,0,,0
103/03/13,--,--,--,--,0,0,,0
103/03/14,3.21,3.21,3.21,3.21,16000,51360,X,1
103/03/17,3.19,3.22,3.19,3.22,74000,236570,0.01,4
103/03/18,3.21,3.26,3.21,3.26,516000,1667000,0.04,8
103/03/19,3.15,3.15,2.99,2.99,983000,3036650,-0.27,14
103/03/20,3.14,3.17,3.14,3.16,525000,1654020,0.17,8
103/03/21,3.15,3.39,3.15,3.38,524000,1683790,0.22,10
103/03/24,3.40,3.41,3.39,3.41,626000,2132760,0.03,5
103/03/25,3.24,3.33,3.24,3.24,193000,630720,-0.17,5
103/03/26,3.18,3.18,2.89,2.91,1637000,4828020,-0.33,31
103/03/27,2.90,3.03,2.86,2.87,1602000,4687060,-0.04,29
103/03/28,2.78,2.84,2.73,2.81,190000,532900,-0.06,7
103/03/31,2.76,2.79,2.76,2.79,54000,149400,-0.02,3
103/04/01,2.68,2.68,2.49,2.62,1835000,4717410,-0.17,19
103/04/02,2.48,2.48,2.33,2.38,2866000,6850750,-0.24,24
103/04/03,2.30,2.42,2.29,2.42,1012000,2347000,0.04,13
103/04/07,2.36,2.43,2.36,2.43,48000,115930,0.01,5
103/04/08,2.80,2.98,2.03,2.03,103000,216670,-0.40,17
103/04/09,1.72,2.01,1.54,1.85,708000,1379360,-0.18,31
103/04/10,1.72,1.93,1.69,1.90,1538000,2778320,0.05,51
103/04/11,1.91,1.95,1.82,1.86,1459000,2733930,-0.04,25
103/04/14,1.94,2.16,1.94,2.11,1529000,3072190,0.25,38
103/04/15,2.08,2.08,1.91,1.97,638000,1240960,-0.14,21
103/04/16,2.05,2.08,1.90,1.90,958000,1893240,-0.07,18
103/04/17,1.82,1.91,1.82,1.91,2511000,4642300,0.01,29
103/04/18,1.92,1.92,1.85,1.86,445000,833700,-0.05,9
103/04/21,1.78,1.81,1.76,1.81,64000,113890,-0.05,10
103/04/22,1.76,1.77,1.49,1.49,1387000,2129630,-0.32,42
103/04/23,1.45,1.53,1.36,1.53,722000,1042940,0.04,32
103/04/24,1.40,1.46,1.33,1.34,2837000,3947910,-0.19,55
103/04/25,1.20,1.20,0.92,1.03,600000,611640,-0.31,60
103/04/28,0.93,0.95,0.80,0.82,4863000,4251790,-0.21,134
103/04/29,0.83,0.89,0.82,0.88,2937000,2520550,0.06,66
103/04/30,0.91,0.94,0.84,0.92,1342000,1213620,0.04,45
103/05/02,0.93,0.93,0.82,0.82,1090000,938850,-0.10,45
103/05/05,0.76,0.82,0.75,0.79,1297000,1014950,-0.03,55
103/05/06,0.71,0.76,0.69,0.72,2358000,1713300,-0.07,61
103/05/07,0.75,0.81,0.72,0.80,2321000,1748720,0.08,63
103/05/08,0.82,0.82,0.75,0.81,1924000,1513920,0.01,41
103/05/09,0.78,0.84,0.77,0.78,1121000,894870,-0.03,39
103/05/12,0.79,0.81,0.76,0.80,1259000,991590,0.02,19
103/05/13,0.74,0.83,0.73,0.82,1653000,1314110,0.02,28
103/05/14,0.83,0.86,0.80,0.84,2252000,1892930,0.02,38
103/05/15,0.81,0.83,0.76,0.76,1512000,1191390,-0.08,29
103/05/16,0.78,0.84,0.76,0.80,425000,342710,0.04,16
103/05/19,0.72,0.74,0.66,0.67,1894000,1331340,-0.13,48
103/05/20,0.66,0.69,0.63,0.66,1694000,1119690,-0.01,31
103/05/21,0.65,0.68,0.65,0.68,67000,44660,0.02,6
103/05/22,0.64,0.65,0.62,0.62,894000,564110,-0.06,25
103/05/23,0.60,0.60,0.48,0.50,2484000,1306970,-0.12,57
103/05/26,0.50,0.53,0.50,0.53,485000,248850,0.03,25
103/05/27,0.53,0.60,0.53,0.59,503000,283820,0.06,15
103/05/28,0.55,0.58,0.53,0.55,387000,206140,-0.04,15
103/05/29,0.55,0.58,0.52,0.58,500000,283300,0.03,9
103/05/30,0.57,0.58,0.57,0.58,256000,146280,,5
103/06/03,0.57,0.61,0.57,0.61,208000,121660,0.03,9
103/06/04,0.61,0.61,0.53,0.53,131000,72000,-0.08,12
103/06/05,0.55,0.56,0.54,0.55,54000,29750,0.02,4
103/06/06,0.50,0.51,0.46,0.47,127000,61400,-0.08,21
103/06/09,0.47,0.47,0.44,0.46,157000,72220,-0.01,10
103/06/10,0.43,0.43,0.42,0.42,213000,90580,-0.04,10
103/06/11,0.41,0.42,0.40,0.41,284000,115080,-0.01,13
103/06/12,0.42,0.44,0.42,0.42,334000,140880,0.01,13
103/06/13,0.54,0.54,0.42,0.43,271000,117740,0.01,7
103/06/16,0.42,0.42,0.41,0.41,118000,49200,-0.02,8
103/06/17,0.41,0.41,0.37,0.37,368000,144920,-0.04,15
103/06/18,0.37,0.43,0.37,0.42,273000,109100,0.05,14
103/06/19,0.38,0.39,0.28,0.29,1429000,454540,-0.13,56
103/06/20,0.28,0.28,0.26,0.28,1084000,293960,-0.01,34
103/06/23,0.28,0.28,0.20,0.21,2787000,612570,-0.07,64
103/06/24,0.21,0.25,0.19,0.24,1673000,383260,0.03,32
103/06/25,0.25,0.25,0.23,0.24,250000,60300,,8
103/06/26,0.23,0.23,0.21,0.22,696000,155470,-0.02,13
103/06/27,0.22,0.22,0.21,0.22,945000,204640,,16
103/06/30,0.20,0.20,0.15,0.15,2354000,394210,-0.07,63
103/07/01,0.16,0.16,0.15,0.15,512000,78190,,18
103/07/02,0.15,0.16,0.13,0.16,3604000,520260,0.01,56
103/07/03,0.16,0.16,0.13,0.13,1484000,199680,-0.03,39
103/07/04,0.14,0.15,0.13,0.14,601000,81350,0.01,16
103/07/07,0.14,0.15,0.10,0.12,1361000,161100,-0.02,112
103/07/08,0.15,0.15,0.10,0.12,736000,85150,,65
103/07/09,0.12,0.13,0.11,0.12,1480000,180100,,69
103/07/10,0.11,0.12,0.09,0.11,1040000,109150,-0.01,50
103/07/11,0.10,0.10,0.07,0.09,1633000,141920,-0.02,45
103/07/14,0.08,0.09,0.07,0.08,518000,41350,-0.01,16
103/07/15,0.08,0.08,0.08,0.08,50000,4000,,4
103/07/16,0.10,0.10,0.08,0.10,126000,12320,0.02,18
103/07/17,0.11,0.12,0.09,0.11,442000,47180,0.01,30
103/07/18,0.12,0.13,0.10,0.10,562000,64690,-0.01,35
103/07/21,0.09,0.09,0.09,0.09,41000,3690,-0.01,2
103/07/22,0.09,0.11,0.08,0.09,75000,7040,,5
103/07/24,0.09,0.10,0.08,0.10,238000,22000,0.01,11
103/07/25,0.11,0.12,0.11,0.12,531000,60720,0.02,17
103/07/28,0.12,0.13,0.09,0.12,1359000,159590,,23
103/07/29,0.12,0.12,0.10,0.10,614000,64390,-0.02,39
103/07/30,0.15,0.15,0.11,0.11,239000,31760,0.01,14
103/07/31,0.12,0.14,0.11,0.13,462000,59140,0.02,18
103/08/01,0.20,0.20,0.09,0.10,1811000,188780,-0.03,197
103/08/04,0.13,0.13,0.10,0.10,8000,890,,3
103/08/05,0.10,0.12,0.10,0.10,583000,59510,,15
103/08/06,0.11,0.11,0.10,0.10,67000,7200,,7
103/08/07,0.14,0.14,0.10,0.10,61000,6340,,5
103/08/08,0.11,0.11,0.10,0.11,175000,19190,0.01,10
103/08/11,0.10,0.10,0.08,0.09,603000,55220,-0.02,16
103/08/12,0.09,0.09,0.07,0.07,212000,17960,-0.02,6
103/08/13,0.07,0.08,0.05,0.08,427000,28810,0.01,14
103/08/14,0.08,0.08,0.06,0.08,152000,10700,,11
103/08/15,0.06,0.08,0.06,0.08,184000,11060,,7
103/08/18,0.08,0.08,0.07,0.08,53000,3740,,3
103/08/19,0.06,0.06,0.06,0.06,234000,14040,-0.02,11
103/08/20,0.08,0.08,0.07,0.08,454000,34520,0.02,14
103/08/21,0.08,0.08,0.08,0.08,240000,19200,,3
103/08/22,0.08,0.08,0.05,0.08,113000,6640,,6
103/08/25,0.08,0.08,0.05,0.07,182000,12400,-0.01,4
103/08/26,0.05,0.06,0.05,0.06,179000,9350,-0.01,5
103/08/27,0.05,0.07,0.05,0.07,193000,10630,0.01,8
103/08/28,0.07,0.07,0.07,0.07,1000,70,,1
103/08/29,0.06,0.06,0.03,0.05,194000,8890,-0.02,5
103/09/01,0.04,0.04,0.03,0.04,331000,11130,-0.01,11
103/09/02,0.04,0.08,0.04,0.08,268000,17270,0.04,9
103/09/03,0.05,0.06,0.05,0.06,230000,12150,-0.02,8
103/09/04,0.07,0.07,0.07,0.07,200000,14000,0.01,3
103/09/05,0.06,0.06,0.04,0.05,239000,12240,-0.02,6
103/09/09,0.05,0.05,0.05,0.05,99000,4950,,2
103/09/10,0.07,0.07,0.07,0.07,11000,770,0.02,2
103/09/11,0.07,0.07,0.07,0.07,75000,5250,,4
103/09/12,0.09,0.09,0.07,0.07,146000,11420,,8
103/09/15,0.06,0.06,0.05,0.05,56000,3310,-0.02,3
103/09/16,--,--,--,--,0,0,,0
103/09/17,0.05,0.08,0.05,0.07,19000,1080,X,4
103/09/18,0.05,0.05,0.05,0.05,10000,500,-0.02,1
103/09/19,0.07,0.07,0.07,0.07,103000,7210,0.02,3
103/09/22,0.06,0.06,0.06,0.06,74000,4440,-0.01,4
103/09/23,0.06,0.06,0.06,0.06,3000,180,,2
103/09/24,--,--,--,--,0,0,,0
103/09/25,0.06,0.06,0.06,0.06,100000,6000,X,3
103/09/26,0.06,0.07,0.06,0.07,124000,7920,0.01,10
103/09/29,--,--,--,--,0,0,,0
103/09/30,0.05,0.08,0.05,0.07,794000,56290,X,12
103/10/01,0.05,0.07,0.01,0.07,597000,13220,,8
103/10/02,0.03,0.03,0.02,0.02,414000,11720,-0.05,10
103/10/03,0.03,0.04,0.03,0.03,171000,5140,0.01,3
103/10/06,--,--,--,--,0,0,,0
103/10/07,0.04,0.05,0.04,0.05,400000,19500,X,6
103/10/08,0.05,0.06,0.05,0.06,732000,37730,0.01,8
103/10/09,0.03,0.03,0.02,0.02,149000,3480,-0.04,2
103/10/13,0.04,0.06,0.04,0.06,200000,9000,0.04,2
103/10/14,--,--,--,--,0,0,,0
103/10/15,0.03,0.04,0.03,0.04,106000,3240,X,4
103/10/16,--,--,--,--,0,0,,0
103/10/17,0.01,0.03,0.01,0.03,1007000,13550,X,7
103/10/20,0.02,0.03,0.02,0.03,26000,730,,3
103/10/21,0.02,0.02,0.02,0.02,20000,400,-0.01,1
103/10/22,0.01,0.02,0.01,0.02,10000,170,,2
103/10/23,0.01,0.03,0.01,0.03,160000,3900,0.01,6
103/10/24,--,--,--,--,0,0,,0
103/10/27,--,--,--,--,0,0,,0
103/10/28,0.01,0.02,0.01,0.02,1269000,14660,X,16
103/10/29,0.01,0.01,0.01,0.01,150000,1500,-0.01,5
103/10/30,0.01,0.01,0.01,0.01,133000,1330,,3
103/10/31,--,--,--,--,0,0,,0
103/11/03,--,--,--,--,0,0,,0
103/11/04,0.01,0.01,0.01,0.01,8000,80,X,2
103/11/05,--,--,--,--,0,0,,0
103/11/06,0.01,0.01,0.01,0.01,400000,4000,X,3
103/11/07,--,--,--,--,0,0,,0
103/11/10,--,--,--,--,0,0,,0
103/11/11,--,--,--,--,0,0,,0
103/11/12,--,--,--,--,0,0,,0
103/11/13,--,--,--,--,0,0,,0
103/11/14,--,--,--,--,0,0,,0
103/11/17,--,--,--,--,0,0,,0
103/11/18,--,--,--,--,0,0,,0
103/11/19,--,--,--,--,0,0,,0
103/11/20,--,--,--,--,0,0,,0
103/11/21,--,--,--,--,0,0,,0
103/11/24,--,--,--,--,0,0,,0
103/11/25,--,--,--,--,0,0,,0
103/11/26,--,--,--,--,0,0,,0
103/11/27,--,--,--,--,0,0,,0
103/11/28,--,--,--,--,0,0,,0
103/12/01,--,--,--,--,0,0,,0
103/12/02,--,--,--,--,0,0,,0
103/12/03,--,--,--,--,0,0,,0
103/12/04,--,--,--,--,0,0,,0
103/12/05,--,--,--,--,0,0,,0
103/12/08,--,--,--,--,0,0,,0
103/12/09,--,--,--,--,0,0,,0
103/12/10,--,--,--,--,0,0,,0
104/08/24,1.24,1.33,1.24,1.33,143000,178670,0.27,3
104/08/25,1.30,1.34,1.28,1.28,416000,550650,-0.05,10
104/08/26,1.32,1.34,1.29,1.31,746000,981940,0.03,23
104/08/27,1.24,1.26,1.20,1.25,731000,900800,-0.06,23
104/08/28,1.25,1.25,1.21,1.21,85000,104500,-0.04,7
104/08/31,1.18,1.22,1.18,1.22,287000,348850,0.01,9
104/09/01,1.25,1.34,1.22,1.32,1741000,2253680,0.10,43
104/09/02,1.33,1.33,1.20,1.28,1427000,1791570,-0.04,57
104/09/03,1.29,1.36,1.29,1.33,1157000,1527270,0.05,35
104/09/04,1.32,1.36,1.32,1.35,1251000,1687550,0.02,37
104/09/07,1.35,1.40,1.35,1.37,1405000,1933490,0.02,47
104/09/08,1.36,1.36,1.28,1.29,860000,1146570,-0.08,25
104/09/09,1.26,1.29,1.26,1.26,270000,344350,-0.03,12
104/09/10,1.27,1.28,1.25,1.25,449000,571010,-0.01,7
104/09/11,1.25,1.29,1.25,1.25,592000,743670,,14
104/09/14,1.23,1.23,1.18,1.21,610000,735120,-0.04,14
104/09/15,1.17,1.18,1.17,1.18,406000,476790,-0.03,7
104/09/16,1.16,1.17,1.16,1.17,192000,223240,-0.01,5
104/09/17,1.17,1.17,1.15,1.15,58000,67160,-0.02,4
104/09/18,1.16,1.18,1.15,1.18,936000,1087070,0.03,15
104/09/21,1.18,1.22,1.18,1.21,1219000,1446770,0.03,25
104/09/22,1.16,1.22,1.16,1.22,597000,705360,0.01,10
104/09/23,1.20,1.22,1.20,1.20,277000,334290,-0.02,5
104/09/24,1.20,1.25,1.20,1.25,369000,454890,0.05,6
104/09/25,1.27,1.29,1.26,1.29,403000,510930,0.04,5
104/09/30,1.23,1.24,1.22,1.23,394000,486150,-0.06,10
104/10/01,1.13,1.13,1.07,1.07,301000,335510,-0.16,12
104/10/02,1.07,1.11,1.07,1.10,384000,419400,0.03,10
104/10/05,1.07,1.08,1.05,1.08,561000,598130,-0.02,8
104/10/06,1.05,1.07,1.05,1.06,414000,437760,-0.02,7
104/10/07,1.18,1.24,1.18,1.20,597000,715590,0.14,14
104/10/08,1.17,1.22,1.17,1.21,369000,440360,0.01,10
104/10/12,1.17,1.20,1.17,1.20,178000,210520,-0.01,12
104/10/13,1.16,1.17,1.11,1.12,243000,280050,-0.08,9
104/10/14,1.13,1.16,1.12,1.16,161000,182620,0.04,7
104/10/15,1.13,1.13,1.12,1.12,189000,212550,-0.04,6
104/10/16,1.09,1.11,1.03,1.05,143000,154010,-0.07,6
104/10/19,0.97,0.99,0.97,0.99,138000,135300,-0.06,3
104/10/20,1.00,1.03,0.99,0.99,178000,180320,,5
104/10/21,0.97,0.98,0.97,0.98,200000,194940,-0.01,5
104/10/22,0.97,0.97,0.89,0.89,94000,88420,-0.09,4
104/10/23,0.88,0.91,0.88,0.90,160000,142240,0.01,5
104/10/26,0.81,0.81,0.80,0.80,419000,336550,-0.10,6
104/10/27,0.84,0.86,0.84,0.86,279000,237510,0.06,6
104/10/28,0.83,0.88,0.83,0.88,589000,501150,0.02,10
104/10/29,0.89,0.94,0.89,0.94,410000,367260,0.06,9
104/10/30,0.93,0.94,0.91,0.91,77000,72170,-0.03,4
104/11/02,0.92,0.92,0.92,0.92,15000,13800,0.01,1
104/11/03,0.86,0.88,0.84,0.84,62000,53920,-0.08,5
104/11/04,0.85,0.85,0.81,0.84,112000,94080,,9
104/11/05,0.82,0.83,0.80,0.80,243000,197520,-0.04,10
104/11/06,0.81,0.85,0.81,0.85,359000,299540,0.05,11
104/11/09,0.82,0.82,0.79,0.79,175000,141750,-0.06,3
104/11/10,0.83,0.83,0.83,0.83,8000,6640,0.04,1
104/11/11,0.87,0.87,0.87,0.87,66000,57420,0.04,1
104/11/12,0.85,0.89,0.85,0.88,198000,172920,0.01,3
104/11/13,0.86,0.89,0.85,0.89,198000,171860,0.01,4
104/11/16,0.96,1.09,0.96,0.99,905000,934810,0.10,43
104/11/17,0.91,0.94,0.90,0.94,604000,563170,-0.05,34
104/11/18,0.93,0.94,0.90,0.94,119000,109150,,6
104/11/19,0.97,0.97,0.97,0.97,100000,97000,0.03,2
104/11/20,0.91,0.97,0.91,0.95,194000,185470,-0.02,5
104/11/23,0.90,0.90,0.90,0.90,159000,143100,-0.05,2
104/11/24,0.92,0.97,0.92,0.97,330000,307830,0.07,4
104/11/25,0.97,0.97,0.95,0.97,475000,456750,,6
104/11/26,0.96,0.98,0.96,0.96,228000,219140,-0.01,4
104/11/27,0.95,1.00,0.95,1.00,609000,590840,0.04,12
104/11/30,1.03,1.03,1.01,1.02,467000,479690,0.02,7
104/12/01,1.00,1.00,0.99,1.00,208000,207900,-0.02,4
104/12/02,0.94,0.95,0.94,0.95,147000,138330,-0.05,2
104/12/03,0.95,0.96,0.95,0.96,211000,202410,0.01,4
104/12/04,0.99,1.00,0.99,1.00,196000,194290,0.04,3
104/12/07,0.96,0.97,0.96,0.97,89000,85450,-0.03,2
104/12/08,0.93,0.96,0.93,0.96,308000,293710,-0.01,6
104/12/09,0.92,0.92,0.91,0.91,219000,200510,-0.05,4
104/12/10,0.84,0.88,0.80,0.80,415000,358240,-0.11,12
104/12/11,0.84,0.90,0.84,0.88,329000,293780,0.08,5
104/12/14,0.88,0.88,0.82,0.82,140000,120720,-0.06,3
104/12/15,0.81,0.85,0.80,0.85,112000,91690,0.03,5
104/12/16,0.83,0.84,0.80,0.80,166000,137470,-0.05,4
104/12/17,0.80,0.82,0.80,0.80,135000,108810,,5
104/12/18,0.79,0.79,0.75,0.75,162000,123930,-0.05,6
104/12/21,0.71,0.71,0.70,0.70,81000,56950,-0.05,4
104/12/22,0.62,0.64,0.62,0.62,156000,97820,-0.08,3
104/12/23,0.60,0.63,0.60,0.63,244000,150140,0.01,4
104/12/24,0.60,0.61,0.60,0.61,176000,106480,-0.02,4
104/12/25,0.59,0.59,0.59,0.59,88000,51920,-0.02,1
104/12/28,0.52,0.52,0.52,0.52,5000,2600,-0.07,1
104/12/29,0.52,0.57,0.52,0.55,168000,91580,0.03,7
104/12/30,0.52,0.52,0.52,0.52,163000,84760,-0.03,4
104/12/31,--,--,--,--,0,0,,0
105/01/04,0.55,0.60,0.55,0.60,231000,131670,X,3
105/01/05,0.59,0.65,0.59,0.64,281000,179610,0.04,5
105/01/06,0.54,0.59,0.54,0.58,70000,38700,-0.06,3
105/01/07,0.55,0.63,0.55,0.60,113000,68270,0.02,7
105/01/08,0.55,0.56,0.55,0.56,88000,48900,-0.04,2
105/01/11,0.68,0.68,0.68,0.68,38000,25840,0.12,3
105/01/12,0.58,0.61,0.58,0.61,13000,7840,-0.07,2
105/01/13,0.57,0.61,0.57,0.61,133000,77730,,7
105/01/14,0.63,0.63,0.58,0.58,143000,86640,-0.03,4
105/01/15,0.61,0.61,0.61,0.61,10000,6100,0.03,1
105/01/18,0.56,0.56,0.56,0.56,40000,22400,-0.05,1
105/01/19,--,--,--,--,0,0,,0
105/01/20,0.57,0.58,0.57,0.58,120000,69200,X,3
105/01/21,0.55,0.55,0.53,0.53,120000,65200,-0.05,2
105/01/22,0.54,0.56,0.54,0.56,85000,46400,0.03,3
105/01/25,0.54,0.54,0.54,0.54,45000,24300,-0.02,1
105/01/26,--,--,--,--,0,0,,0
105/01/27,--,--,--,--,0,0,,0
105/01/28,--,--,--,--,0,0,,0
105/01/29,--,--,--,--,0,0,,0
105/01/30,--,--,--,--,0,0,,0
105/02/01,--,--,--,--,0,0,,0
105/02/02,--,--,--,--,0,0,,0
105/02/03,--,--,--,--,0,0,,0
105/02/15,0.27,0.27,0.27,0.27,40000,10800,X,1
105/02/16,0.18,0.19,0.18,0.19,40000,7350,-0.08,2
105/02/17,--,--,--,--,0,0,,0
105/02/18,--,--,--,--,0,0,,0
105/02/19,--,--,--,--,0,0,,0
105/11/29,--,--,--,--,0,0,,0
105/11/30,--,--,--,--,0,0,,0
105/12/01,--,--,--,--,0,0,,0
105/12/02,--,--,--,--,0,0,,0
105/12/05,--,--,--,--,0,0,,0
105/12/06,0.64,0.68,0.64,0.68,610000,402800,X,3
105/12/07,0.64,0.64,0.63,0.64,675000,430590,-0.04,11
105/12/08,0.63,0.63,0.63,0.63,65000,40950,-0.01,1
105/12/09,--,--,--,--,0,0,,0
105/12/12,--,--,--,--,0,0,,0
105/12/13,--,--,--,--,0,0,,0
105/12/14,--,--,--,--,0,0,,0
105/12/15,--,--,--,--,0,0,,0
105/12/16,--,--,--,--,0,0,,0
105/12/19,--,--,--,--,0,0,,0
105/12/20,--,--,--,--,0,0,,0
105/12/21,--,--,--,--,0,0,,0
105/12/22,0.62,0.62,0.62,0.62,8000,4960,X,3
105/12/23,0.63,0.65,0.63,0.65,18000,11550,0.03,4
105/12/26,0.70,0.70,0.70,0.70,90000,63000,0.05,4
105/12/27,0.67,0.70,0.67,0.69,100000,68800,-0.01,6
105/12/28,0.65,0.65,0.65,0.65,20000,13000,-0.04,1
105/12/29,--,--,--,--,0,0,,0
105/12/30,0.64,0.64,0.63,0.63,20000,12700,X,4
106/01/03,0.61,0.61,0.60,0.60,40000,24200,-0.03,3
106/01/04,0.59,0.59,0.59,0.59,40000,23600,-0.01,3
106/01/05,0.59,0.60,0.59,0.60,40000,23700,0.01,3
106/01/06,0.59,0.59,0.59,0.59,80000,47200,-0.01,5
106/01/09,0.61,0.62,0.61,0.62,190000,117600,0.03,7
106/01/10,0.62,0.62,0.60,0.60,140000,86400,-0.02,3
106/01/11,0.58,0.58,0.56,0.56,40000,22900,-0.04,4
106/01/12,0.57,0.57,0.57,0.57,35000,19950,0.01,4
106/01/13,0.58,0.58,0.57,0.57,45000,25750,,5
106/01/16,0.57,0.57,0.57,0.57,30000,17100,,3
106/01/17,0.50,0.50,0.50,0.50,10000,5000,-0.07,1
106/01/18,0.46,0.46,0.40,0.40,70000,31000,-0.10,2
106/01/19,0.39,0.41,0.36,0.41,271000,104200,0.01,6
106/01/20,0.38,0.43,0.38,0.43,453000,187400,0.02,9
106/01/23,0.40,0.40,0.39,0.39,162000,63730,-0.04,7
106/01/24,0.38,0.38,0.38,0.38,70000,26600,-0.01,2
106/02/02,--,--,--,--,0,0,,0
106/02/03,0.40,0.41,0.40,0.41,110000,45000,X,2
106/02/06,0.43,0.43,0.43,0.43,10000,4300,0.02,1
106/02/07,--,--,--,--,0,0,,0
106/02/08,--,--,--,--,0,0,,0
106/02/09,--,--,--,--,0,0,,0
106/02/10,0.35,0.35,0.34,0.34,160000,55900,X,2
106/02/13,0.35,0.35,0.33,0.33,250000,84400,-0.01,6
106/02/14,0.33,0.38,0.33,0.38,247000,85090,0.05,5
106/02/15,0.33,0.33,0.27,0.27,312000,94850,-0.11,16
106/02/16,0.22,0.23,0.20,0.23,376000,82720,-0.04,22
106/02/17,0.21,0.22,0.18,0.20,399000,77760,-0.03,20
106/02/18,0.17,0.19,0.17,0.17,189000,32760,-0.03,12
106/02/20,0.17,0.22,0.16,0.22,386000,74000,0.05,18
106/02/21,0.20,0.23,0.19,0.21,281000,56300,-0.01,12
106/02/22,0.20,0.20,0.20,0.20,121000,24200,-0.01,4
106/02/23,0.23,0.23,0.22,0.23,207000,46810,0.03,6
106/02/24,0.17,0.19,0.16,0.18,610000,102500,-0.05,13
106/03/01,0.18,0.18,0.18,0.18,30000,5400,,3
106/03/02,0.19,0.19,0.19,0.19,63000,11970,0.01,3
106/03/03,0.19,0.19,0.17,0.17,123000,22140,-0.02,8
106/03/06,0.16,0.16,0.16,0.16,30000,4800,-0.01,1
106/03/07,0.13,0.15,0.13,0.15,80000,11000,-0.01,3
106/03/08,0.14,0.14,0.14,0.14,40000,5600,-0.01,1
106/03/09,--,--,--,--,0,0,,0
106/03/10,0.13,0.13,0.13,0.13,20000,2600,X,2
106/03/13,--,--,--,--,0,0,,0
106/03/14,--,--,--,--,0,0,,0
106/03/15,--,--,--,--,0,0,,0
106/03/16,--,--,--,--,0,0,,0
106/03/17,--,--,--,--,0,0,,0
106/03/20,0.08,0.08,0.08,0.08,17000,1360,X,1
106/03/21,--,--,--,--,0,0,,0
106/03/22,--,--,--,--,0,0,,0
106/03/23,0.06,0.06,0.06,0.06,10000,600,X,1
106/03/24,--,--,--,--,0,0,,0
106/03/27,--,--,--,--,0,0,,0
106/03/28,--,--,--,--,0,0,,0
106/03/29,--,--,--,--,0,0,,0
106/03/30,--,--,--,--,0,0,,0
106/03/31,--,--,--,--,0,0,,0
106/04/05,--,--,--,--,0,0,,0
106/04/06,--,--,--,--,0,0,,0
106/04/07,--,--,--,--,0,0,,0
106/04/10,--,--,--,--,0,0,,0
106/04/11,--,--,--,--,0,0,,0
106/04/12,--,--,--,--,0,0,,0
106/04/13,--,--,--,--,0,0,,0
106/04/14,--,--,--,--,0,0,,0
106/04/17,--,--,--,--,0,0,,0
106/04/18,--,--,--,--,0,0,,0
106/04/19,--,--,--,--,0,0,,0
106/04/20,--,--,--,--,0,0,,0
106/04/21,--,--,--,--,0,0,,0
106/04/24,--,--,--,--,0,0,,0
106/04/25,--,--,--,--,0,0,,0
106/04/26,--,--,--,--,0,0,,0
106/04/27,--,--,--,--,0,0,,0
106/04/28,--,--,--,--,0,0,,0
106/05/02,--,--,--,--,0,0,0.00,0
106/05/03,--,--,--,--,0,0,0.00,0
106/05/04,--,--,--,--,0,0,0.00,0
106/05/05,--,--,--,--,0,0,0.00,0
106/05/08,--,--,--,--,0,0,0.00,0
106/05/09,--,--,--,--,0,0,0.00,0
106/05/10,--,--,--,--,0,0,0.00,0
106/05/11,--,--,--,--,0,0,0.00,0
106/05/12,--,--,--,--,0,0,0.00,0
106/05/15,--,--,--,--,0,0,0.00,0
106/05/16,--,--,--,--,0,0,0.00,0
106/05/17,--,--,--,--,0,0,0.00,0
106/05/18,--,--,--,--,0,0,0.00,0
106/05/19,--,--,--,--,0,0,0.00,0
106/05/22,--,--,--,--,0,0,0.00,0
106/05/23,--,--,--,--,0,0,0.00,0
106/05/24,--,--,--,--,0,0,0.00,0
106/05/25,--,--,--,--,0,0,0.00,0
107/03/19,--,--,--,--,0,0,0.00,0
107/03/20,0.84,0.86,0.84,0.85,173000,146550,0.00,6
107/03/21,0.83,0.87,0.82,0.84,945000,798320,-0.01,12
107/03/22,0.81,0.88,0.81,0.88,1421000,1189200,0.04,17
107/03/23,0.96,1.00,0.95,0.96,822000,789650,0.08,21
107/03/26,1.02,1.03,1.02,1.03,36000,37030,0.07,4
107/03/27,0.91,0.91,0.89,0.89,15000,13500,-0.14,3
107/03/28,0.92,0.97,0.92,0.97,307000,293810,0.08,3
107/03/29,1.00,1.00,0.98,0.98,454000,451060,0.01,3
107/03/30,--,--,--,--,0,0,0.00,0
107/03/31,0.90,0.90,0.90,0.90,222000,199800,0.00,1
107/04/02,0.88,0.94,0.88,0.91,1175000,1077340,0.01,14
107/04/03,0.99,0.99,0.97,0.97,559000,551980,0.06,9
107/04/09,--,--,--,--,0,0,0.00,0
107/04/10,0.94,0.94,0.94,0.94,13000,12220,0.00,1
107/04/11,--,--,--,--,0,0,0.00,0
107/04/12,0.89,0.89,0.89,0.89,308000,274120,0.00,8
107/04/13,0.90,0.91,0.89,0.91,394000,354500,0.02,6
107/04/16,0.94,0.95,0.94,0.94,60000,56570,0.03,4
107/04/17,0.95,0.98,0.95,0.98,456000,441340,0.04,8
107/04/18,0.99,1.00,0.99,1.00,421000,417100,0.02,4
107/04/19,0.97,0.97,0.92,0.92,20000,18900,-0.08,2
107/04/20,1.21,1.21,1.21,1.21,2000,2420,0.29,2
107/04/23,1.29,1.32,1.29,1.32,109000,143850,0.11,2
107/04/24,1.31,1.31,1.31,1.31,108000,141480,-0.01,1
107/04/25,--,--,--,--,0,0,0.00,0
107/04/26,1.36,1.36,1.36,1.36,60000,81600,0.00,1
107/04/27,--,--,--,--,0,0,0.00,0
107/04/30,--,--,--,--,0,0,0.00,0
107/05/02,1.27,1.27,1.27,1.27,33000,41910,0.00,1
107/05/03,1.43,1.44,1.43,1.44,89000,127980,0.17,4
107/05/04,1.40,1.40,1.40,1.40,36000,50400,-0.04,1
107/05/07,1.34,1.37,1.32,1.32,110000,147900,-0.08,7
107/05/08,1.31,1.31,1.28,1.28,90000,116820,-0.04,3
107/05/09,1.14,1.18,1.14,1.18,122000,142360,-0.10,5
107/05/10,1.14,1.18,1.14,1.16,320000,371260,-0.02,7
107/05/11,1.06,1.13,1.06,1.07,398000,434190,-0.09,8
107/05/14,--,--,--,--,0,0,0.00,0
107/05/15,--,--,--,--,0,0,0.00,0
107/05/16,1.15,1.17,1.15,1.17,125000,144990,0.00,2
107/05/17,1.15,1.16,1.15,1.16,188000,217450,-0.01,2
107/05/18,1.23,1.27,1.21,1.27,210000,258010,0.11,7
107/05/21,1.15,1.16,1.15,1.16,340000,391850,-0.11,7
107/05/22,1.05,1.11,1.05,1.11,140000,150400,-0.05,6
107/05/23,1.10,1.12,1.10,1.12,273000,305360,0.01,3
107/05/24,--,--,--,--,0,0,0.00,0
107/05/25,1.16,1.16,1.15,1.15,82000,94600,0.00,2
107/05/28,1.15,1.17,1.15,1.17,125000,145390,0.02,3
107/05/29,1.21,1.25,1.21,1.25,156000,191380,0.08,5
107/05/30,1.28,1.33,1.28,1.32,244000,318760,0.07,7
107/05/31,1.30,1.33,1.30,1.30,168000,222550,-0.02,6
107/06/01,1.22,1.23,1.22,1.23,92000,112750,-0.07,3
107/06/04,1.13,1.13,1.12,1.12,71000,80030,-0.11,4
107/06/05,--,--,--,--,0,0,0.00,0
107/06/06,--,--,--,--,0,0,0.00,0
107/06/07,1.07,1.07,1.07,1.07,10000,10700,0.00,1
107/06/08,1.12,1.14,1.12,1.14,40000,45200,0.07,2
107/06/11,1.15,1.15,1.15,1.15,28000,32200,0.01,2
107/06/12,1.17,1.18,1.16,1.16,113000,132720,0.01,4
107/06/13,1.07,1.07,1.07,1.07,85000,90950,-0.09,2
107/06/14,1.05,1.05,1.05,1.05,117000,122850,-0.02,1
107/06/15,1.15,1.18,1.12,1.14,217000,246780,0.09,4
107/06/19,1.14,1.16,1.14,1.16,100000,114980,0.02,3
107/06/20,1.16,1.16,1.13,1.13,24000,27780,-0.03,2
107/06/21,1.09,1.09,1.09,1.09,22000,23980,-0.04,1
107/06/22,--,--,--,--,0,0,0.00,0
107/06/25,--,--,--,--,0,0,0.00,0
107/06/26,1.16,1.23,1.16,1.23,63000,74340,0.00,4
107/06/27,1.18,1.23,1.17,1.23,270000,320800,0.00,6
107/06/28,1.30,1.30,1.28,1.28,235000,301360,0.05,4
107/06/29,1.21,1.21,1.13,1.13,28000,32440,-0.15,2
107/07/02,--,--,--,--,0,0,0.00,0
107/07/03,1.17,1.18,1.17,1.17,158000,185180,0.00,5
107/07/04,1.10,1.12,1.10,1.11,266000,296200,-0.06,5
107/07/05,1.18,1.18,1.18,1.18,108000,127440,0.07,1
107/07/06,--,--,--,--,0,0,0.00,0
107/07/09,--,--,--,--,0,0,0.00,0
107/07/10,--,--,--,--,0,0,0.00,0
107/07/11,--,--,--,--,0,0,0.00,0
107/07/12,--,--,--,--,0,0,0.00,0
107/07/13,--,--,--,--,0,0,0.00,0
107/07/16,--,--,--,--,0,0,0.00,0
107/07/17,--,--,--,--,0,0,0.00,0
107/07/18,--,--,--,--,0,0,0.00,0
107/07/19,--,--,--,--,0,0,0.00,0
107/07/20,0.59,0.59,0.55,0.55,90000,51000,0.00,3
107/07/23,0.49,0.49,0.40,0.46,240000,104400,-0.09,8
107/07/24,0.47,0.47,0.47,0.47,19000,8930,0.01,1
107/07/25,0.47,0.47,0.47,0.47,19000,8930,0.00,1
107/07/26,0.45,0.45,0.43,0.43,377000,162650,-0.04,3
107/07/27,0.42,0.42,0.38,0.38,407000,156040,-0.05,4
107/07/30,0.36,0.36,0.36,0.36,30000,10800,-0.02,1
107/07/31,0.36,0.36,0.36,0.36,30000,10800,0.00,1
107/08/01,0.33,0.33,0.33,0.33,60000,19800,-0.03,1
107/08/02,0.30,0.32,0.30,0.32,120000,37200,-0.01,2
107/08/03,0.31,0.32,0.31,0.32,120000,37800,0.00,2
107/08/06,0.31,0.33,0.31,0.33,120000,38400,0.01,2
107/08/07,--,--,--,--,0,0,0.00,0
107/08/08,0.31,0.31,0.29,0.29,120000,36000,0.00,2
107/08/09,--,--,--,--,0,0,0.00,0
107/08/10,--,--,--,--,0,0,0.00,0
107/08/13,0.34,0.37,0.34,0.37,60000,21300,0.00,2
107/08/14,0.31,0.31,0.31,0.31,110000,34100,-0.06,2
107/08/15,0.32,0.36,0.32,0.34,718000,238860,0.03,8
107/08/16,0.37,0.37,0.34,0.34,704000,251000,0.00,7
107/08/17,0.34,0.36,0.34,0.36,103000,35680,0.02,3
107/08/20,0.34,0.35,0.34,0.35,361000,125320,-0.01,4
107/08/21,0.34,0.34,0.33,0.33,819000,273350,-0.02,5
107/08/22,0.29,0.29,0.29,0.29,408000,118320,-0.04,1
107/08/23,0.26,0.27,0.26,0.27,120000,31800,-0.02,2
107/08/24,0.25,0.25,0.25,0.25,60000,15000,-0.02,1
107/08/27,--,--,--,--,0,0,0.00,0
107/08/28,--,--,--,--,0,0,0.00,0
107/08/29,--,--,--,--,0,0,0.00,0
107/08/30,--,--,--,--,0,0,0.00,0
107/08/31,--,--,--,--,0,0,0.00,0
107/09/03,--,--,--,--,0,0,0.00,0
107/09/04,--,--,--,--,0,0,0.00,0
107/09/05,--,--,--,--,0,0,0.00,0
107/09/06,--,--,--,--,0,0,0.00,0
107/09/07,--,--,--,--,0,0,0.00,0
107/09/10,--,--,--,--,0,0,0.00,0
107/09/11,0.04,0.06,0.04,0.06,22000,1280,0.00,3
107/09/12,0.06,0.06,0.06,0.06,30000,1800,0.00,1
107/09/13,0.06,0.08,0.06,0.08,45000,3500,0.02,2
107/09/14,0.05,0.05,0.04,0.04,40000,1800,-0.04,2
107/09/17,0.05,0.05,0.05,0.05,60000,3000,0.01,3
107/09/18,0.06,0.06,0.06,0.06,5000,300,0.01,1
107/09/19,--,--,--,--,0,0,0.00,0
107/09/20,--,--,--,--,0,0,0.00,0
107/09/21,0.02,0.02,0.02,0.02,100000,2000,0.00,1
107/09/25,0.01,0.01,0.01,0.01,10000,100,-0.01,1
107/09/26,--,--,--,--,0,0,0.00,0
107/09/27,--,--,--,--,0,0,0.00,0
107/09/28,--,--,--,--,0,0,0.00,0
107/10/01,--,--,--,--,0,0,0.00,0
107/10/02,--,--,--,--,0,0,0.00,0
107/10/03,--,--,--,--,0,0,0.00,0
107/10/04,--,--,--,--,0,0,0.00,0
107/10/05,--,--,--,--,0,0,0.00,0
107/10/08,0.02,0.02,0.02,0.02,10000,200,0.00,1
107/10/09,--,--,--,--,0,0,0.00,0
107/10/11,0.08,0.11,0.08,0.11,388000,31780,0.00,4
107/10/12,--,--,--,--,0,0,0.00,0
107/10/15,--,--,--,--,0,0,0.00,0
107/10/16,0.01,0.01,0.01,0.01,80000,800,0.00,1
107/12/23,0.04,0.06,0.04,0.06,22000,1280,0.00,3
108/03/27,2.96,3.02,2.94,2.98,12000,35810,0.13,5
108/03/28,2.89,2.99,2.83,2.97,58000,171640,-0.01,7
108/03/29,2.94,2.98,2.87,2.93,87000,255270,-0.04,8
108/04/01,2.91,3.03,2.90,3.03,123000,364800,0.10,10
108/04/02,2.96,2.96,2.93,2.93,101000,297760,-0.10,4
108/04/03,2.92,2.94,2.92,2.94,104000,305680,0.01,2
108/04/08,2.86,2.94,2.86,2.94,319000,931530,0.00,7
108/04/09,2.87,2.87,2.77,2.82,229000,642260,-0.12,14
108/04/10,2.58,2.62,2.58,2.60,9000,23360,-0.22,3
108/04/11,2.49,2.51,2.41,2.51,19000,46990,-0.09,6
108/04/12,2.56,2.59,2.56,2.57,27000,69740,0.06,5
108/04/15,2.50,2.60,2.49,2.60,227000,578120,0.03,8
108/04/16,2.56,2.66,2.54,2.54,212000,557590,-0.06,13
108/04/17,2.49,2.67,2.44,2.67,41000,104220,0.13,9
108/04/18,2.60,2.60,2.53,2.53,21000,54310,-0.14,7
108/04/19,--,--,--,--,0,0,0.00,0
108/04/22,2.51,2.60,2.51,2.60,99000,248680,0.00,5
108/04/23,2.52,2.52,2.47,2.47,98000,244050,-0.13,5
108/04/24,2.35,2.35,2.35,2.35,10000,23500,-0.12,1
108/04/25,2.19,2.19,2.08,2.08,4000,8460,-0.27,3
108/04/26,2.29,2.29,2.25,2.25,12000,27400,0.17,2
108/04/29,2.29,2.29,2.28,2.28,40000,91500,0.03,2
108/04/30,2.26,2.26,2.26,2.26,30000,67800,-0.02,2
108/05/02,2.32,2.32,2.32,2.32,10000,23200,0.06,1
108/05/03,2.58,2.77,2.58,2.61,658000,1753190,0.29,21
108/05/06,2.70,2.70,2.52,2.66,732000,1890960,0.05,36
108/05/07,2.51,2.56,2.51,2.56,87000,218870,-0.10,2
108/05/08,2.63,2.64,2.54,2.54,154000,403180,-0.02,5
108/05/09,2.72,2.98,2.72,2.98,146000,426890,0.44,7
108/05/10,2.80,2.86,2.80,2.86,96000,270940,-0.12,5
108/05/13,2.83,2.86,2.81,2.82,99000,281780,-0.04,6
108/05/14,2.86,2.87,2.82,2.87,79000,226100,0.05,6
108/05/15,2.80,2.80,2.80,2.80,8000,22400,-0.07,1
108/05/16,2.77,2.77,2.77,2.77,8000,22160,-0.03,1
108/05/17,2.73,2.73,2.68,2.68,16000,43280,-0.09,2
108/05/20,2.50,2.52,2.41,2.52,34000,83390,-0.16,5
108/05/21,2.49,2.49,2.32,2.32,71000,171050,-0.20,5
108/05/22,2.29,2.32,2.29,2.32,86000,197210,0.00,2
108/05/23,2.30,2.31,2.25,2.25,133000,302170,-0.07,4
108/05/24,2.26,2.30,2.26,2.30,14000,31780,0.05,3
108/05/27,2.19,2.19,2.18,2.18,4000,8750,-0.12,2
108/05/28,2.22,2.22,2.19,2.19,40000,87730,0.01,3
108/05/29,2.22,2.28,2.22,2.24,48000,107620,0.05,6
108/05/30,2.57,2.63,2.39,2.39,87000,220030,0.15,11
108/05/31,2.54,2.54,2.36,2.36,76000,187900,-0.03,7
108/06/03,2.38,2.53,2.38,2.53,100000,245900,0.17,5
108/06/04,2.48,2.53,2.41,2.42,150000,371870,-0.11,6
108/06/05,2.32,2.35,2.30,2.30,61000,142010,-0.12,4
108/06/06,2.30,2.32,2.28,2.32,40000,92220,0.02,7
108/06/10,2.19,2.53,2.19,2.53,383000,926090,0.21,17
108/06/11,2.45,2.45,2.38,2.45,388000,938200,-0.08,42
108/06/12,2.42,2.44,2.40,2.40,164000,398840,-0.05,6
108/06/13,2.33,2.38,2.33,2.38,120000,283700,-0.02,4
108/06/14,2.35,2.35,2.33,2.33,45000,105730,-0.05,3
108/06/17,2.26,2.27,2.26,2.27,44000,99450,-0.06,3
108/06/18,2.31,2.31,2.31,2.31,1000,2310,0.04,1
108/06/19,2.12,2.15,2.12,2.15,3000,6390,-0.16,2
108/06/20,2.05,2.05,2.04,2.04,3000,6130,-0.11,2
108/06/21,2.14,2.14,2.14,2.14,56000,119840,0.10,2
108/06/24,2.12,2.16,2.12,2.14,69000,146550,0.00,4
108/06/25,2.14,2.27,2.14,2.26,295000,655320,0.12,12
108/06/26,2.20,2.29,2.20,2.26,196000,444390,0.00,14
108/06/27,2.24,2.25,2.20,2.23,258000,575640,-0.03,11
108/06/28,2.22,2.22,2.22,2.22,5000,11100,-0.01,1
108/07/01,2.13,2.14,2.06,2.06,140000,298900,-0.16,4
108/07/02,2.07,2.07,2.07,2.07,103000,213210,0.01,2
108/07/03,2.06,2.06,2.04,2.04,103000,210870,-0.03,10
108/07/04,--,--,--,--,0,0,0.00,0
108/07/05,1.94,1.98,1.94,1.98,118000,229480,0.00,4
108/07/08,2.08,2.12,2.08,2.12,228000,478980,0.14,14
108/07/09,2.14,2.16,2.13,2.16,111000,239260,0.04,9
108/07/10,2.12,2.12,2.12,2.12,1000,2120,-0.04,1
108/07/11,--,--,--,--,0,0,0.00,0
108/07/12,1.92,1.92,1.92,1.92,10000,19200,0.00,1
108/07/15,1.83,1.83,1.83,1.83,10000,18300,-0.09,1
108/07/16,1.57,1.58,1.57,1.58,55000,86850,-0.25,2
108/07/17,1.53,1.60,1.53,1.60,100000,156500,0.02,4
108/07/18,1.59,1.59,1.52,1.52,50000,79080,-0.08,2
108/07/19,1.57,1.57,1.53,1.53,40000,62720,0.01,2
108/07/22,1.50,1.50,1.50,1.50,38000,57000,-0.03,1
108/07/23,--,--,--,--,0,0,0.00,0
108/07/24,1.46,1.47,1.46,1.47,44000,64450,0.00,2
108/07/25,1.41,1.41,1.41,1.41,44000,62040,-0.06,1
108/07/26,--,--,--,--,0,0,0.00,0
108/07/29,1.44,1.44,1.44,1.44,83000,119520,0.00,1
108/07/30,1.34,1.34,1.34,1.34,83000,111220,-0.10,1
108/07/31,--,--,--,--,0,0,0.00,0
108/08/01,1.40,1.40,1.40,1.40,37000,51800,0.00,2
108/08/02,1.50,1.51,1.50,1.51,76000,114390,0.11,4
108/08/05,1.47,1.52,1.47,1.49,78000,117310,-0.02,3
108/08/06,1.83,1.83,1.83,1.83,89000,162870,0.34,2
108/08/07,1.53,1.56,1.53,1.56,51000,78060,-0.27,3
108/08/08,1.51,1.53,1.51,1.53,68000,103180,-0.03,3
108/08/12,1.51,1.56,1.49,1.56,69000,106070,0.03,3
108/08/13,--,--,--,--,0,0,0.00,0
108/08/14,--,--,--,--,0,0,0.00,0
108/08/15,1.48,1.48,1.48,1.48,3000,4440,0.00,1
108/08/16,1.63,1.73,1.63,1.73,67000,113500,0.25,5
108/08/19,1.57,1.68,1.57,1.68,155000,254040,-0.05,6
108/08/20,1.59,1.72,1.54,1.54,204000,333910,-0.14,6
108/08/21,1.53,1.53,1.52,1.52,100000,152390,-0.02,2
108/08/22,1.36,1.36,1.25,1.27,89000,116040,-0.25,4
108/08/23,1.33,1.33,1.33,1.33,50000,66500,0.06,1
108/08/26,--,--,--,--,0,0,0.00,0
108/08/27,1.22,1.22,1.20,1.22,70000,85040,0.00,4
108/08/28,1.20,1.21,1.20,1.21,70000,84690,-0.01,4
108/08/29,--,--,--,--,0,0,0.00,0
108/08/30,1.13,1.17,1.13,1.17,46000,53020,0.00,5
108/09/02,1.04,1.04,1.04,1.04,46000,47840,-0.13,2
108/09/03,1.04,1.04,1.04,1.04,10000,10400,0.00,1
108/09/04,1.00,1.00,1.00,1.00,10000,10000,-0.04,2
108/09/05,--,--,--,--,0,0,0.00,0
108/09/06,--,--,--,--,0,0,0.00,0
108/09/09,--,--,--,--,0,0,0.00,0
108/09/10,--,--,--,--,0,0,0.00,0
108/09/11,--,--,--,--,0,0,0.00,0
108/09/12,--,--,--,--,0,0,0.00,0
108/09/16,--,--,--,--,0,0,0.00,0
108/09/17,--,--,--,--,0,0,0.00,0
108/09/18,--,--,--,--,0,0,0.00,0
108/09/19,--,--,--,--,0,0,0.00,0
108/09/20,--,--,--,--,0,0,0.00,0
108/09/23,--,--,--,--,0,0,0.00,0
108/09/24,--,--,--,--,0,0,0.00,0
109/03/06,--,--,--,--,0,0,0.00,0
109/03/09,1.23,1.27,1.23,1.27,55000,69450,0.00,3
109/03/10,1.40,1.40,1.36,1.36,105000,144400,0.09,4
109/03/11,1.39,1.45,1.39,1.45,33000,45930,0.09,2
109/03/12,1.48,1.61,1.48,1.61,92000,143960,0.16,3
109/03/13,2.09,2.14,2.09,2.14,60000,127800,0.53,5
109/03/16,2.04,2.47,2.02,2.45,494000,1046660,0.31,18
109/03/17,2.73,2.74,2.44,2.54,402000,1045680,0.09,33
109/03/18,2.45,2.46,2.26,2.45,100000,235360,-0.09,9
109/03/19,2.38,2.74,2.30,2.37,505000,1317030,-0.08,59
109/03/20,2.02,2.08,1.93,2.02,58000,117050,-0.35,16
109/03/23,2.47,2.47,2.29,2.38,72000,171640,0.36,16
109/03/24,2.25,2.28,2.25,2.28,30000,68000,-0.10,3
109/03/25,2.03,2.08,2.03,2.08,3000,6190,-0.20,2
109/03/26,2.18,2.20,2.16,2.19,503000,1103420,0.11,52
109/03/27,2.16,2.19,2.13,2.19,8000,17310,0.00,5
109/03/30,2.33,2.40,2.30,2.30,50000,117300,0.11,6
109/03/31,2.13,2.13,2.12,2.12,20000,42500,-0.18,2
109/04/01,2.09,2.09,2.09,2.09,1000,2090,-0.03,1
109/04/06,2.02,2.02,2.02,2.02,10000,20200,-0.07,1
109/04/07,2.00,2.00,2.00,2.00,6000,12000,-0.02,2
109/04/08,1.96,1.96,1.88,1.92,91000,174180,-0.08,10
109/04/09,1.73,1.88,1.73,1.88,287000,518660,-0.04,8
109/04/10,1.85,1.87,1.84,1.87,145000,267790,-0.01,4
109/04/13,--,--,--,--,0,0,0.00,0
109/04/14,--,--,--,--,0,0,0.00,0
109/04/15,1.58,1.58,1.58,1.58,50000,79000,0.00,2
109/04/16,1.62,1.72,1.62,1.62,545000,885700,0.04,6
109/04/17,1.78,1.87,1.78,1.86,18000,32210,0.24,3
109/04/20,1.79,1.79,1.79,1.79,36000,64440,-0.07,2
109/04/21,1.90,1.90,1.90,1.90,1000,1900,0.11,1
109/04/22,--,--,--,--,0,0,0.00,0
109/04/23,2.04,2.04,2.04,2.04,3000,6120,0.00,1
109/04/24,--,--,--,--,0,0,0.00,0
109/04/27,1.72,1.72,1.72,1.72,3000,5160,0.00,1
109/04/28,1.76,1.76,1.72,1.72,13000,22760,0.00,2
109/04/29,1.68,1.73,1.68,1.73,34000,58260,0.01,3
109/04/30,1.68,1.69,1.68,1.69,36000,60630,-0.04,2
109/05/04,1.81,1.81,1.80,1.81,12000,21680,0.12,3
109/05/05,1.75,1.75,1.72,1.72,12000,20880,-0.09,2
109/05/06,1.72,1.72,1.72,1.72,6000,10320,0.00,2
109/05/07,1.84,1.89,1.82,1.82,62000,114980,0.10,9
109/05/08,1.76,1.83,1.76,1.82,161000,292560,0.00,15
109/05/11,1.84,1.87,1.80,1.80,144000,265260,-0.02,10
109/05/12,1.76,1.79,1.76,1.79,275000,490150,-0.01,7
109/05/13,1.74,1.77,1.73,1.73,220000,382280,-0.06,18
109/05/14,1.81,1.88,1.80,1.88,271000,496070,0.15,53
109/05/15,1.82,1.86,1.82,1.85,64000,117550,-0.03,6
109/05/18,1.87,1.93,1.87,1.93,23000,44230,0.08,4
109/05/19,1.82,1.87,1.81,1.81,84000,152940,-0.12,5
109/05/20,1.78,1.78,1.75,1.75,45000,79740,-0.06,2
109/05/21,1.72,1.72,1.70,1.70,35000,60060,-0.05,3
109/05/22,1.81,1.84,1.81,1.84,247000,447660,0.14,5
109/05/25,1.70,1.77,1.59,1.62,267000,464040,-0.22,24
109/05/26,--,--,--,--,0,0,0.00,0
109/05/27,1.38,1.44,1.38,1.43,41000,58690,0.00,3
109/05/28,1.38,1.58,1.38,1.56,94000,139440,0.13,7
109/05/29,1.54,1.54,1.43,1.43,206000,307630,-0.13,11
109/06/01,1.46,1.48,1.40,1.40,146000,213120,-0.03,5
109/06/02,1.44,1.49,1.41,1.47,675000,991090,0.07,19
109/06/03,1.42,1.44,1.41,1.43,433000,619160,-0.04,14
109/06/04,1.39,1.39,1.39,1.39,20000,27800,-0.04,1
109/06/05,1.39,1.41,1.39,1.41,20000,28030,0.02,16
109/06/08,1.38,1.38,1.38,1.38,130000,179400,-0.03,4
109/06/09,1.35,1.40,1.35,1.37,173000,239510,-0.01,5
109/06/10,1.35,1.43,1.35,1.43,272000,375530,0.06,9
109/06/11,1.34,1.41,1.31,1.39,323000,435840,-0.04,10
109/06/12,1.54,1.61,1.52,1.52,444000,695430,0.13,39
109/06/15,1.48,1.48,1.46,1.46,52000,76420,-0.06,3
109/06/16,1.36,1.36,1.30,1.34,192000,259200,-0.12,22
109/06/17,1.18,1.25,1.18,1.24,235000,285370,-0.10,35
109/06/18,1.19,1.22,1.18,1.20,86000,103200,-0.04,27
109/06/19,1.18,1.21,1.18,1.21,98000,117790,0.01,23
109/06/22,1.21,1.23,1.19,1.23,238000,289870,0.02,5
109/06/23,1.18,1.18,1.18,1.18,68000,80240,-0.05,10
109/06/24,1.18,1.18,1.18,1.18,50000,59000,0.00,1
109/06/29,1.23,1.23,1.23,1.23,14000,17220,0.05,1
109/06/30,1.15,1.17,1.15,1.17,32000,37160,-0.06,2
109/07/01,0.87,0.91,0.79,0.91,43000,37370,-0.26,24
109/07/02,0.89,0.89,0.81,0.87,411000,345250,-0.04,16
109/07/03,0.81,0.85,0.81,0.85,72000,59600,-0.02,8
109/07/06,0.82,0.82,0.71,0.79,135000,103200,-0.06,5
109/07/07,0.68,0.75,0.68,0.75,80000,58050,-0.04,3
109/07/08,0.75,0.75,0.68,0.70,345000,243300,-0.05,9
109/07/09,0.68,0.75,0.68,0.75,102000,73480,0.05,28
109/07/10,0.79,0.92,0.79,0.92,477000,428050,0.17,10
109/07/13,0.87,0.91,0.87,0.87,42000,37420,-0.05,5
109/07/14,0.89,0.97,0.89,0.96,267000,251200,0.09,9
109/07/15,0.89,0.95,0.88,0.95,126000,116180,-0.01,10
109/07/16,0.90,0.90,0.82,0.82,65000,55180,-0.13,5
109/07/17,0.92,0.97,0.92,0.97,33000,31560,0.15,3
109/07/20,0.89,0.90,0.88,0.88,33000,29420,-0.09,3
109/07/21,0.79,0.84,0.79,0.84,66000,54030,-0.04,5
109/07/22,0.79,0.82,0.78,0.81,110000,88140,-0.03,22
109/07/23,0.77,0.85,0.77,0.85,194000,157300,0.04,8
109/07/24,0.79,0.86,0.75,0.84,216000,171730,-0.01,29
109/07/27,0.83,0.92,0.80,0.92,195000,165180,0.08,23
109/07/28,0.89,1.11,0.87,1.11,445000,436650,0.19,26
109/07/29,1.00,1.07,0.99,1.01,286000,295970,-0.10,44
109/07/30,--,--,--,--,0,0,0.00,0
109/07/31,0.84,0.91,0.84,0.89,190000,161800,0.00,3
109/08/03,0.82,0.82,0.82,0.82,10000,8200,-0.07,1
109/08/04,0.81,0.82,0.77,0.78,92000,72140,-0.04,11
109/08/05,0.77,0.78,0.77,0.78,96000,74610,0.00,19
109/08/06,0.61,0.62,0.61,0.62,30000,18400,-0.16,2
109/08/07,--,--,--,--,0,0,0.00,0
109/08/10,0.72,0.72,0.64,0.64,18000,12160,0.00,2
109/08/11,0.70,0.70,0.70,0.70,8000,5600,0.06,8
109/08/12,--,--,--,--,0,0,0.00,0
109/08/13,0.78,0.78,0.78,0.78,10000,7800,0.00,1
109/08/14,--,--,--,--,0,0,0.00,0
109/08/17,--,--,--,--,0,0,0.00,0
109/08/18,--,--,--,--,0,0,0.00,0
109/08/19,0.67,0.67,0.67,0.67,20000,13400,0.00,1
109/08/20,0.90,0.90,0.90,0.90,10000,9000,0.23,1
109/08/21,--,--,--,--,0,0,0.00,0
109/08/24,--,--,--,--,0,0,0.00,0
109/08/25,--,--,--,--,0,0,0.00,0
109/08/26,--,--,--,--,0,0,0.00,0
109/08/27,--,--,--,--,0,0,0.00,0
109/08/28,0.35,0.35,0.35,0.35,3000,1050,0.00,1
109/08/31,--,--,--,--,0,0,0.00,0
109/09/01,--,--,--,--,0,0,0.00,0
109/09/02,--,--,--,--,0,0,0.00,0
109/09/03,0.20,0.20,0.20,0.20,10000,2000,0.00,1
