101/12/28,--,--,--,--,0,0,,0
102/01/02,--,--,--,--,0,0,,0
102/01/03,--,--,--,--,0,0,,0
102/01/04,0.61,0.61,0.61,0.61,2000,1220,X,1
102/01/07,0.58,0.58,0.55,0.55,30000,16800,-0.06,3
102/01/08,0.57,0.57,0.53,0.53,60000,32700,-0.02,6
102/01/09,0.52,0.54,0.52,0.53,46000,24480,,5
102/01/10,0.51,0.54,0.51,0.54,100000,51600,0.01,7
102/01/11,0.55,0.55,0.55,0.55,25000,13750,0.01,2
102/01/14,0.53,0.53,0.52,0.52,30000,15700,-0.03,3
102/01/15,0.49,0.53,0.49,0.52,148000,73670,,8
102/01/16,0.52,0.55,0.52,0.55,148000,78160,0.03,8
102/01/17,0.60,0.60,0.60,0.60,10000,6000,0.05,1
102/01/18,0.60,0.60,0.60,0.60,14000,8400,,2
102/01/21,0.57,0.58,0.57,0.58,14000,8080,-0.02,2
102/01/22,0.56,0.58,0.56,0.58,275000,159400,,4
102/01/23,0.56,0.57,0.56,0.57,285000,162400,-0.01,6
102/01/24,--,--,--,--,0,0,,0
102/01/25,0.62,0.62,0.62,0.62,10000,6200,X,1
102/01/28,--,--,--,--,0,0,,0
102/01/29,0.63,0.63,0.60,0.60,90000,55600,X,4
102/01/30,0.58,0.58,0.58,0.58,20000,11600,-0.02,1
102/01/31,--,--,--,--,0,0,,0
102/02/01,--,--,--,--,0,0,,0
102/02/04,--,--,--,--,0,0,,0
102/02/05,0.59,0.59,0.59,0.59,10000,5900,X,1
102/02/06,--,--,--,--,0,0,,0
102/02/18,--,--,--,--,0,0,,0
102/02/19,--,--,--,--,0,0,,0
102/02/20,0.56,0.56,0.56,0.56,10000,5600,X,1
102/02/21,--,--,--,--,0,0,,0
102/02/22,0.59,0.59,0.59,0.59,9000,5310,X,1
102/02/23,--,--,--,--,0,0,,0
102/02/25,0.59,0.59,0.59,0.59,3000,1770,X,1
102/02/26,0.57,0.58,0.57,0.58,360000,206100,-0.01,4
102/02/27,0.57,0.58,0.57,0.58,247000,141460,,4
102/03/01,0.56,0.56,0.55,0.55,246000,135960,-0.03,3
102/03/04,0.55,0.55,0.55,0.55,2000,1100,,1
102/03/05,--,--,--,--,0,0,,0
102/03/06,0.49,0.49,0.49,0.49,9000,4410,X,1
102/03/07,0.49,0.49,0.49,0.49,1000,490,,1
102/03/08,0.51,0.51,0.51,0.51,30000,15300,0.02,1
102/03/11,--,--,--,--,0,0,,0
102/03/12,0.46,0.46,0.46,0.46,2000,920,X,1
102/03/13,0.50,0.50,0.50,0.50,20000,10000,0.04,1
102/03/14,0.51,0.52,0.51,0.52,13000,6660,0.02,2
102/03/15,--,--,--,--,0,0,,0
102/03/18,0.53,0.58,0.53,0.58,165000,95300,X,6
102/03/19,0.58,0.59,0.57,0.57,212000,122540,-0.01,10
102/03/20,--,--,--,--,0,0,,0
102/03/21,--,--,--,--,0,0,,0
102/03/22,--,--,--,--,0,0,,0
102/03/25,0.55,0.57,0.55,0.57,245000,135050,X,10
102/03/26,0.60,0.60,0.59,0.59,354000,210120,0.02,16
102/03/27,0.57,0.58,0.56,0.58,50000,28610,-0.01,7
102/03/28,0.57,0.64,0.57,0.60,30000,18480,0.02,4
102/03/29,0.59,0.59,0.58,0.58,99000,57560,-0.02,7
102/04/01,--,--,--,--,0,0,,0
102/04/02,0.54,0.56,0.54,0.55,270000,146590,X,9
102/04/03,0.54,0.54,0.54,0.54,33000,17820,-0.01,4
102/04/08,0.57,0.57,0.56,0.56,109000,62030,0.02,2
102/04/09,--,--,--,--,0,0,,0
102/04/10,--,--,--,--,0,0,,0
102/04/11,0.54,0.54,0.54,0.54,7000,3780,X,1
102/04/12,--,--,--,--,0,0,,0
102/04/15,0.57,0.57,0.57,0.57,10000,5700,X,1
102/04/16,0.60,0.63,0.60,0.61,123000,74950,0.04,5
102/04/17,0.60,0.60,0.57,0.57,208000,123580,-0.04,7
102/04/18,0.56,0.58,0.56,0.58,199000,111460,0.01,3
102/04/19,0.55,0.55,0.53,0.54,207000,111780,-0.04,4
102/04/22,0.55,0.55,0.55,0.55,20000,11000,0.01,1
102/04/23,--,--,--,--,0,0,,0
102/04/24,0.54,0.54,0.54,0.54,10000,5400,X,1
102/04/25,--,--,--,--,0,0,,0
102/04/26,--,--,--,--,0,0,,0
102/04/29,0.47,0.47,0.45,0.45,30000,13700,X,2
102/04/30,--,--,--,--,0,0,,0
102/05/02,0.43,0.44,0.43,0.44,240000,104700,X,4
102/05/03,0.41,0.41,0.41,0.41,240000,98400,-0.03,3
102/05/06,--,--,--,--,0,0,,0
102/05/07,--,--,--,--,0,0,,0
102/05/08,--,--,--,--,0,0,,0
102/05/09,0.34,0.35,0.34,0.35,95000,33100,X,3
102/05/10,0.32,0.32,0.32,0.32,30000,9600,-0.03,1
102/05/13,0.32,0.32,0.29,0.30,1201000,367720,-0.02,19
102/05/14,0.29,0.30,0.29,0.29,555000,164120,-0.01,8
102/05/15,0.29,0.29,0.26,0.26,1254000,348020,-0.03,16
102/05/16,0.25,0.27,0.24,0.26,335000,83120,,8
102/05/17,0.26,0.26,0.25,0.26,466000,117790,,7
102/05/20,--,--,--,--,0,0,,0
102/05/21,0.24,0.28,0.24,0.28,980000,251330,X,16
102/05/22,0.28,0.29,0.26,0.26,989000,260720,-0.02,24
102/05/23,0.27,0.27,0.27,0.27,90000,24300,0.01,3
102/05/24,0.27,0.28,0.26,0.28,350000,94390,0.01,7
102/05/27,0.25,0.26,0.25,0.26,149000,37750,-0.02,2
102/05/28,0.24,0.25,0.24,0.25,945000,233360,-0.01,15
102/05/29,0.25,0.27,0.24,0.25,845000,209880,,18
102/05/30,0.25,0.25,0.24,0.24,542000,130290,-0.01,12
102/05/31,0.24,0.25,0.24,0.25,41000,10050,0.01,3
102/06/03,0.23,0.23,0.23,0.23,12000,2760,-0.02,1
102/06/04,0.23,0.23,0.23,0.23,45000,10350,,1
102/06/05,0.24,0.24,0.24,0.24,2000,480,0.01,1
102/06/06,0.25,0.25,0.24,0.24,100000,24500,,2
102/06/07,0.23,0.29,0.23,0.29,107000,28930,0.05,5
102/06/10,0.28,0.31,0.28,0.30,8000,2360,0.01,4
102/06/11,0.29,0.31,0.29,0.31,633000,194350,0.01,9
102/06/13,0.31,0.32,0.30,0.30,402000,123480,-0.01,8
102/06/14,0.30,0.33,0.30,0.33,507000,163070,0.03,14
102/06/17,0.31,0.31,0.30,0.30,456000,138370,-0.03,8
102/06/18,0.29,0.29,0.29,0.29,21000,6090,-0.01,2
102/06/19,0.29,0.29,0.29,0.29,8000,2320,,2
102/06/20,0.29,0.31,0.29,0.31,221000,68060,0.02,6
102/06/21,0.34,0.34,0.32,0.33,188000,61940,0.02,6
102/06/24,--,--,--,--,0,0,,0
102/06/25,0.32,0.34,0.32,0.33,230000,75900,X,8
102/06/26,0.28,0.28,0.27,0.27,35000,9550,-0.06,3
102/06/27,0.28,0.30,0.28,0.30,12000,3400,0.03,2
102/06/28,0.30,0.30,0.30,0.30,4000,1200,,1
102/07/01,0.28,0.28,0.24,0.25,2217000,560560,-0.05,33
102/07/02,0.25,0.25,0.25,0.25,100000,25000,,2
102/07/03,0.25,0.25,0.25,0.25,10000,2500,,1
102/07/04,0.23,0.23,0.23,0.23,124000,28520,-0.02,5
102/07/05,0.26,0.27,0.25,0.26,134000,34890,0.03,5
102/07/08,0.24,0.24,0.24,0.24,10000,2400,-0.02,2
102/07/09,--,--,--,--,0,0,,0
102/07/10,0.27,0.28,0.27,0.28,136000,36930,X,7
102/07/11,0.25,0.26,0.25,0.26,126000,31510,-0.02,4
102/07/12,--,--,--,--,0,0,,0
102/07/15,0.23,0.23,0.22,0.22,30000,6800,X,2
102/07/16,0.23,0.23,0.23,0.23,10000,2300,0.01,2
102/07/17,--,--,--,--,0,0,,0
102/07/18,0.23,0.26,0.23,0.26,10000,2450,X,2
102/07/19,0.24,0.25,0.24,0.25,114000,27410,-0.01,3
102/07/22,0.24,0.24,0.23,0.23,100000,23050,-0.02,3
102/07/23,0.18,0.20,0.18,0.20,100000,18100,-0.03,2
102/07/24,--,--,--,--,0,0,,0
102/07/25,0.16,0.16,0.16,0.16,21000,3360,X,2
102/07/26,--,--,--,--,0,0,,0
102/07/29,0.18,0.18,0.18,0.18,10000,1800,X,2
102/07/30,0.17,0.17,0.17,0.17,6000,1020,-0.01,1
102/07/31,0.21,0.21,0.21,0.21,5000,1050,0.04,1
102/08/01,0.21,0.21,0.21,0.21,5000,1050,,1
102/08/02,--,--,--,--,0,0,,0
102/08/05,--,--,--,--,0,0,,0
102/08/06,0.19,0.19,0.16,0.16,385000,65580,X,5
102/08/07,0.15,0.17,0.14,0.17,366000,58250,0.01,6
102/08/08,--,--,--,--,0,0,,0
102/08/09,0.17,0.18,0.17,0.18,898000,152910,X,17
102/08/12,0.18,0.23,0.18,0.23,863000,181170,0.05,20
102/08/13,0.21,0.22,0.20,0.22,1253000,261010,-0.01,19
102/08/14,0.22,0.26,0.22,0.25,206000,49280,0.03,9
102/08/15,0.24,0.26,0.23,0.26,55000,13600,0.01,4
102/08/16,0.27,0.30,0.26,0.28,725000,200950,0.02,13
102/08/19,0.26,0.26,0.25,0.26,226000,58500,-0.02,7
102/08/20,0.26,0.28,0.26,0.28,377000,99220,0.02,6
102/08/22,0.27,0.27,0.26,0.27,528000,140850,-0.01,7
102/08/23,0.25,0.25,0.25,0.25,396000,99000,-0.02,4
102/08/26,0.23,0.23,0.22,0.23,307000,68630,-0.02,8
102/08/27,0.24,0.27,0.23,0.27,375000,93910,0.04,10
102/08/28,0.31,0.32,0.28,0.28,305000,93000,0.01,17
102/08/29,0.22,0.22,0.21,0.21,25000,5350,-0.07,3
102/08/30,0.25,0.25,0.25,0.25,5000,1250,0.04,1
102/09/02,--,--,--,--,0,0,,0
102/09/03,0.17,0.17,0.17,0.17,99000,16830,X,1
102/09/04,0.15,0.15,0.15,0.15,99000,14850,-0.02,1
102/09/05,0.14,0.14,0.14,0.14,100000,14000,-0.01,2
102/09/06,--,--,--,--,0,0,,0
102/09/09,--,--,--,--,0,0,,0
102/09/10,0.14,0.14,0.14,0.14,249000,34860,X,3
102/09/11,--,--,--,--,0,0,,0
102/09/12,--,--,--,--,0,0,,0
102/09/13,0.13,0.13,0.12,0.12,30000,3700,X,3
102/09/14,0.07,0.07,0.07,0.07,30000,2100,-0.05,3
102/09/16,--,--,--,--,0,0,,0
102/09/17,--,--,--,--,0,0,,0
102/09/18,--,--,--,--,0,0,,0
102/09/23,0.01,0.01,0.01,0.01,1000,10,X,1
102/09/24,--,--,--,--,0,0,,0
102/09/25,--,--,--,--,0,0,,0
103/09/18,--,--,--,--,0,0,,0
103/09/19,--,--,--,--,0,0,,0
103/09/22,1.69,1.69,1.64,1.64,174000,286860,X,2
103/09/23,1.67,1.67,1.66,1.66,90000,149700,0.02,2
103/09/24,1.61,1.65,1.61,1.65,414000,670700,-0.01,3
103/09/25,1.65,1.70,1.65,1.68,56000,94200,0.03,4
103/09/26,1.78,1.83,1.75,1.75,442000,775870,0.07,4
103/09/29,1.79,2.05,1.79,2.01,2724000,5309040,0.26,64
103/09/30,2.08,2.26,2.02,2.16,3232000,6954480,0.15,74
103/10/01,2.14,2.19,2.10,2.11,760000,1652530,-0.05,19
103/10/02,2.16,2.34,2.16,2.20,1350000,3047760,0.09,44
103/10/03,2.05,2.07,2.01,2.07,744000,1511510,-0.13,16
103/10/06,2.02,2.02,1.93,1.93,182000,359570,-0.14,12
103/10/07,1.97,2.08,1.97,2.04,143000,288700,0.11,12
103/10/08,2.05,2.19,2.05,2.19,83000,176770,0.15,9
103/10/09,2.15,2.51,2.13,2.51,1276000,2962600,0.32,41
103/10/13,3.00,3.00,2.64,2.80,1468000,4089910,0.29,50
103/10/14,2.72,2.99,2.71,2.90,2208000,6403440,0.10,60
103/10/15,2.82,3.05,2.78,2.97,2201000,6351140,0.07,55
103/10/16,3.06,3.31,2.95,3.26,1793000,5612930,0.29,51
103/10/17,3.17,3.60,3.15,3.60,1913000,6483910,0.34,40
103/10/20,3.46,3.51,3.26,3.26,1583000,5407840,-0.34,29
103/10/21,3.16,3.23,3.01,3.13,1068000,3316310,-0.13,17
103/10/22,2.95,3.16,2.90,3.14,1230000,3655730,0.01,24
103/10/23,3.15,3.24,3.12,3.24,161000,506400,0.10,5
103/10/24,3.23,3.23,3.23,3.23,10000,32300,-0.01,2
103/10/27,3.28,3.54,3.28,3.54,1066000,3586740,0.31,32
103/10/28,3.38,3.38,3.22,3.22,179000,585150,-0.32,13
103/10/29,3.00,3.00,2.51,2.58,129000,359620,-0.64,12
103/10/30,2.84,3.15,2.82,3.08,721000,2132360,0.50,31
103/10/31,2.98,3.10,2.48,2.48,832000,2484420,-0.60,34
103/11/03,2.55,2.61,2.49,2.61,385000,979790,0.13,8
103/11/04,2.67,2.67,2.44,2.52,746000,1909140,-0.09,21
103/11/05,2.48,2.65,2.48,2.61,425000,1084560,0.09,11
103/11/06,2.63,2.74,2.59,2.74,346000,929060,0.13,12
103/11/07,3.20,3.30,3.19,3.19,149000,478750,0.45,10
103/11/10,3.13,3.15,2.93,3.00,317000,962590,-0.19,14
103/11/11,3.02,3.10,2.97,3.10,371000,1130670,0.10,9
103/11/12,3.24,3.33,3.17,3.33,289000,939300,0.23,11
103/11/13,3.03,3.11,3.01,3.11,292000,888870,-0.22,12
103/11/14,3.10,3.13,3.10,3.10,170000,527900,-0.01,5
103/11/17,3.04,3.04,3.04,3.04,33000,100320,-0.06,1
103/11/18,3.11,3.43,3.11,3.32,203000,680380,0.28,6
103/11/19,3.29,3.72,3.29,3.72,587000,2053120,0.40,11
103/11/20,3.68,3.68,3.45,3.45,580000,2051700,-0.27,13
103/11/21,3.42,3.62,3.42,3.59,140000,496950,0.14,7
103/11/24,3.52,3.58,3.49,3.55,135000,475650,-0.04,7
103/11/25,3.52,3.52,3.32,3.32,121000,425720,-0.23,3
103/11/26,3.15,3.40,3.15,3.37,42000,141620,0.05,4
103/11/27,3.36,3.36,3.31,3.34,41000,137240,-0.03,3
103/11/28,3.47,3.53,3.47,3.53,309000,1083030,0.19,6
103/12/01,3.64,3.64,3.55,3.56,310000,1111610,0.03,9
103/12/02,3.36,3.36,3.32,3.32,11000,36920,-0.24,2
103/12/03,--,--,--,--,0,0,,0
103/12/04,2.86,2.86,2.86,2.86,10000,28600,X,1
103/12/05,--,--,--,--,0,0,,0
103/12/08,3.19,3.19,3.19,3.19,2000,6380,X,1
103/12/09,3.26,3.26,3.26,3.26,2000,6520,0.07,1
103/12/10,3.32,3.32,3.32,3.32,10000,33200,0.06,1
103/12/11,--,--,--,--,0,0,,0
103/12/12,--,--,--,--,0,0,,0
103/12/15,--,--,--,--,0,0,,0
103/12/16,--,--,--,--,0,0,,0
103/12/17,--,--,--,--,0,0,,0
103/12/18,--,--,--,--,0,0,,0
103/12/19,3.39,3.42,3.39,3.42,20000,68100,X,2
103/12/22,3.28,3.28,3.28,3.28,20000,65600,-0.14,1
103/12/23,--,--,--,--,0,0,,0
103/12/24,--,--,--,--,0,0,,0
103/12/25,--,--,--,--,0,0,,0
103/12/26,--,--,--,--,0,0,,0
103/12/27,2.84,2.84,2.84,2.84,10000,28400,X,1
103/12/29,--,--,--,--,0,0,,0
103/12/30,--,--,--,--,0,0,,0
103/12/31,--,--,--,--,0,0,,0
104/01/05,--,--,--,--,0,0,,0
104/01/06,--,--,--,--,0,0,,0
104/01/07,--,--,--,--,0,0,,0
104/01/08,--,--,--,--,0,0,,0
104/01/09,--,--,--,--,0,0,,0
104/01/12,--,--,--,--,0,0,,0
104/01/13,--,--,--,--,0,0,,0
104/01/14,--,--,--,--,0,0,,0
104/01/15,--,--,--,--,0,0,,0
104/01/16,--,--,--,--,0,0,,0
104/01/19,3.62,3.74,3.62,3.72,84000,311150,X,10
104/01/20,3.77,3.83,3.60,3.62,88000,329120,-0.10,7
104/01/21,3.62,3.62,3.58,3.60,53000,190900,-0.02,5
104/01/22,3.57,3.61,3.57,3.61,130000,467500,0.01,13
104/01/23,3.13,3.13,3.07,3.07,143000,443000,-0.54,6
104/01/26,3.08,3.14,3.08,3.14,21000,64740,0.07,2
104/01/27,--,--,--,--,0,0,,0
104/01/28,--,--,--,--,0,0,,0
104/01/29,--,--,--,--,0,0,,0
104/01/30,3.09,3.15,3.09,3.15,20000,62400,X,2
104/02/02,3.17,3.17,3.17,3.17,20000,63400,0.02,1
104/02/03,--,--,--,--,0,0,,0
104/02/04,--,--,--,--,0,0,,0
104/02/05,--,--,--,--,0,0,,0
104/02/06,--,--,--,--,0,0,,0
104/02/09,--,--,--,--,0,0,,0
104/02/10,3.16,3.16,3.16,3.16,1000,3160,X,1
104/02/11,3.18,3.18,3.18,3.18,10000,31800,0.02,1
104/02/12,3.15,3.15,3.15,3.15,10000,31500,-0.03,1
104/02/13,--,--,--,--,0,0,,0
104/02/24,--,--,--,--,0,0,,0
104/02/25,--,--,--,--,0,0,,0
104/02/26,--,--,--,--,0,0,,0
104/03/02,2.94,2.94,2.94,2.94,20000,58800,X,1
104/03/03,3.00,3.00,3.00,3.00,20000,60000,0.06,1
104/03/04,--,--,--,--,0,0,,0
104/03/05,--,--,--,--,0,0,,0
104/03/06,--,--,--,--,0,0,,0
104/03/09,--,--,--,--,0,0,,0
104/03/10,--,--,--,--,0,0,,0
104/03/11,--,--,--,--,0,0,,0
104/03/12,--,--,--,--,0,0,,0
104/03/13,--,--,--,--,0,0,,0
104/03/16,--,--,--,--,0,0,,0
104/03/17,3.21,3.24,3.21,3.24,80000,257700,X,4
104/03/18,3.15,3.15,3.04,3.04,80000,248700,-0.20,2
104/03/19,3.20,3.20,3.20,3.20,3000,9600,0.16,1
104/03/20,3.01,3.01,3.01,3.01,11000,33110,-0.19,2
104/03/23,--,--,--,--,0,0,,0
104/03/24,--,--,--,--,0,0,,0
104/03/25,--,--,--,--,0,0,,0
104/03/26,--,--,--,--,0,0,,0
104/03/27,--,--,--,--,0,0,,0
104/03/30,3.27,3.38,3.27,3.35,26000,87320,X,5
104/03/31,3.29,3.31,3.29,3.29,30000,98720,-0.06,4
104/04/01,3.29,3.34,3.29,3.32,21000,69910,0.03,5
104/04/02,3.32,3.32,3.29,3.29,17000,55990,-0.03,3
104/04/07,--,--,--,--,0,0,,0
104/04/08,3.39,3.53,3.39,3.53,82000,286140,X,9
104/04/09,3.45,3.48,3.31,3.31,52000,175540,-0.22,4
104/04/10,--,--,--,--,0,0,,0
104/04/13,--,--,--,--,0,0,,0
104/04/14,3.30,3.43,3.30,3.43,30000,100400,X,3
104/04/15,3.37,3.38,3.37,3.38,60000,202400,-0.05,2
104/04/16,4.05,4.05,3.98,3.98,20000,80300,0.60,2
104/04/17,4.38,4.38,4.34,4.34,38000,165640,0.36,2
104/04/20,4.74,4.83,4.74,4.83,88000,423120,0.49,4
104/04/21,4.87,4.87,4.81,4.81,98000,475800,-0.02,6
104/04/22,5.15,5.15,5.15,5.15,27000,139050,0.34,1
104/04/23,--,--,--,--,0,0,,0
104/04/24,--,--,--,--,0,0,,0
104/04/27,--,--,--,--,0,0,,0
104/04/28,4.92,5.00,4.92,5.00,37000,184400,X,3
104/04/29,5.05,5.25,5.05,5.25,36000,183800,0.25,2
104/04/30,--,--,--,--,0,0,,0
104/05/04,--,--,--,--,0,0,,0
104/05/05,--,--,--,--,0,0,,0
104/05/06,--,--,--,--,0,0,,0
104/05/07,--,--,--,--,0,0,,0
104/05/08,--,--,--,--,0,0,,0
104/05/11,--,--,--,--,0,0,,0
104/05/12,--,--,--,--,0,0,,0
104/05/13,--,--,--,--,0,0,,0
104/05/14,--,--,--,--,0,0,,0
104/05/15,--,--,--,--,0,0,,0
104/05/18,--,--,--,--,0,0,,0
104/05/19,--,--,--,--,0,0,,0
104/05/20,--,--,--,--,0,0,,0
104/05/21,--,--,--,--,0,0,,0
104/05/22,--,--,--,--,0,0,,0
104/05/25,--,--,--,--,0,0,,0
104/05/26,--,--,--,--,0,0,,0
104/05/27,--,--,--,--,0,0,,0
104/05/28,--,--,--,--,0,0,,0
104/05/29,--,--,--,--,0,0,,0
104/06/01,--,--,--,--,0,0,,0
104/06/02,--,--,--,--,0,0,,0
104/06/03,--,--,--,--,0,0,,0
104/06/04,--,--,--,--,0,0,,0
104/06/05,--,--,--,--,0,0,,0
104/06/08,--,--,--,--,0,0,,0
104/06/09,--,--,--,--,0,0,,0
104/06/10,--,--,--,--,0,0,,0
104/06/11,--,--,--,--,0,0,,0
104/06/12,--,--,--,--,0,0,,0
104/06/15,--,--,--,--,0,0,,0
105/01/21,0.86,0.87,0.79,0.80,251000,211610,-0.06,22
105/01/22,0.76,0.81,0.76,0.80,141000,110440,,9
105/01/25,0.70,0.70,0.66,0.70,290000,197260,-0.10,16
105/01/26,0.70,0.70,0.61,0.61,67000,45200,-0.09,14
105/01/27,0.64,0.65,0.63,0.63,51000,32450,0.02,5
105/01/28,0.66,0.66,0.53,0.53,252000,146860,-0.10,16
105/01/29,0.56,0.56,0.42,0.46,223000,111090,-0.07,17
105/01/30,0.39,0.40,0.38,0.39,166000,63410,-0.07,13
105/02/01,0.37,0.44,0.37,0.44,235000,94040,0.05,8
105/02/02,0.46,0.50,0.45,0.45,445000,206000,0.01,12
105/02/03,0.45,0.47,0.44,0.44,108000,48770,-0.01,6
105/02/15,--,--,--,--,0,0,,0
105/02/16,0.32,0.32,0.32,0.32,93000,29760,X,3
105/02/17,0.32,0.34,0.32,0.34,93000,30960,0.02,2
105/02/18,0.33,0.33,0.33,0.33,30000,9900,-0.01,1
105/02/19,0.31,0.31,0.31,0.31,4000,1240,-0.02,1
105/02/22,0.27,0.29,0.27,0.29,135000,37400,-0.02,5
105/02/23,0.26,0.28,0.26,0.28,84000,22640,-0.01,4
105/02/24,0.29,0.29,0.29,0.29,1000,290,0.01,1
105/02/25,0.27,0.27,0.27,0.27,10000,2700,-0.02,1
105/02/26,0.27,0.27,0.27,0.27,1000,270,,1
105/03/01,0.25,0.25,0.22,0.22,40000,9400,-0.05,3
105/03/02,--,--,--,--,0,0,,0
105/03/03,0.22,0.22,0.22,0.22,1000,220,X,1
105/03/04,0.19,0.19,0.19,0.19,10000,1900,-0.03,1
105/03/07,--,--,--,--,0,0,,0
105/03/08,0.22,0.22,0.22,0.22,51000,11220,X,1
105/03/09,--,--,--,--,0,0,,0
105/03/10,--,--,--,--,0,0,,0
105/03/11,--,--,--,--,0,0,,0
105/03/14,--,--,--,--,0,0,,0
105/03/15,--,--,--,--,0,0,,0
105/03/16,0.21,0.21,0.21,0.21,357000,74970,X,7
105/03/17,0.22,0.22,0.22,0.22,337000,74140,0.01,4
105/03/18,0.20,0.20,0.20,0.20,5000,1000,-0.02,1
105/03/21,--,--,--,--,0,0,,0
105/03/22,--,--,--,--,0,0,,0
105/03/23,--,--,--,--,0,0,,0
105/03/24,0.20,0.22,0.20,0.21,610000,129900,X,7
105/03/25,0.20,0.22,0.20,0.22,185000,40500,0.01,4
105/03/28,0.22,0.23,0.22,0.23,410000,94200,0.01,2
105/03/29,0.21,0.23,0.21,0.23,120000,25400,,3
105/03/30,0.20,0.20,0.20,0.20,20000,4000,-0.03,2
105/03/31,--,--,--,--,0,0,,0
105/04/01,--,--,--,--,0,0,,0
105/04/06,0.18,0.18,0.18,0.18,20000,3600,X,1
105/04/07,0.17,0.17,0.16,0.16,150000,24500,-0.02,3
105/04/08,--,--,--,--,0,0,,0
105/04/11,--,--,--,--,0,0,,0
105/04/12,--,--,--,--,0,0,,0
105/04/13,--,--,--,--,0,0,,0
105/04/14,--,--,--,--,0,0,,0
105/04/15,--,--,--,--,0,0,,0
105/04/18,--,--,--,--,0,0,,0
105/04/19,--,--,--,--,0,0,,0
105/04/20,--,--,--,--,0,0,,0
105/04/21,--,--,--,--,0,0,,0
105/04/22,--,--,--,--,0,0,,0
105/04/25,--,--,--,--,0,0,,0
105/04/26,--,--,--,--,0,0,,0
105/04/27,--,--,--,--,0,0,,0
105/04/28,--,--,--,--,0,0,,0
105/04/29,--,--,--,--,0,0,,0
105/05/03,--,--,--,--,0,0,,0
105/05/04,--,--,--,--,0,0,,0
105/05/05,--,--,--,--,0,0,,0
105/05/06,--,--,--,--,0,0,,0
105/05/09,--,--,--,--,0,0,,0
105/05/10,--,--,--,--,0,0,,0
105/05/11,--,--,--,--,0,0,,0
105/05/12,--,--,--,--,0,0,,0
105/05/13,--,--,--,--,0,0,,0
105/05/16,--,--,--,--,0,0,,0
105/05/17,--,--,--,--,0,0,,0
105/05/18,--,--,--,--,0,0,,0
105/05/19,--,--,--,--,0,0,,0
105/05/20,--,--,--,--,0,0,,0
105/05/23,--,--,--,--,0,0,,0
105/05/24,--,--,--,--,0,0,,0
105/05/25,--,--,--,--,0,0,,0
105/05/26,--,--,--,--,0,0,,0
105/05/27,--,--,--,--,0,0,,0
105/05/30,--,--,--,--,0,0,,0
105/05/31,0.01,0.01,0.01,0.01,2000,20,X,1
105/06/01,--,--,--,--,0,0,,0
105/06/02,--,--,--,--,0,0,,0
105/06/03,--,--,--,--,0,0,,0
105/06/04,--,--,--,--,0,0,,0
105/06/06,--,--,--,--,0,0,,0
105/06/07,--,--,--,--,0,0,,0
105/06/08,--,--,--,--,0,0,,0
105/06/13,--,--,--,--,0,0,,0
105/06/14,--,--,--,--,0,0,,0
105/06/15,--,--,--,--,0,0,,0
105/06/16,--,--,--,--,0,0,,0
105/06/17,--,--,--,--,0,0,,0
105/06/20,--,--,--,--,0,0,,0
105/06/21,--,--,--,--,0,0,,0
105/06/22,--,--,--,--,0,0,,0
105/06/23,--,--,--,--,0,0,,0
105/06/24,--,--,--,--,0,0,,0
105/06/27,--,--,--,--,0,0,,0
105/06/28,--,--,--,--,0,0,,0
105/06/29,--,--,--,--,0,0,,0
105/06/30,--,--,--,--,0,0,,0
105/07/01,--,--,--,--,0,0,,0
105/07/04,--,--,--,--,0,0,,0
105/07/05,--,--,--,--,0,0,,0
105/07/06,--,--,--,--,0,0,,0
105/07/07,--,--,--,--,0,0,,0
105/07/11,--,--,--,--,0,0,,0
105/07/12,--,--,--,--,0,0,,0
105/07/13,--,--,--,--,0,0,,0
105/07/14,--,--,--,--,0,0,,0
105/07/15,--,--,--,--,0,0,,0
105/07/18,--,--,--,--,0,0,,0
106/04/17,0.86,0.87,0.86,0.86,310000,267600,-0.30,3
106/04/18,0.86,0.87,0.85,0.85,260000,223800,-0.01,5
106/04/19,0.80,0.88,0.80,0.88,898000,752380,0.03,10
106/04/20,0.89,0.99,0.88,0.99,1376000,1269130,0.11,15
106/04/21,0.93,1.00,0.93,1.00,688000,658610,0.01,9
106/04/24,1.02,1.07,1.01,1.07,804000,836720,0.07,19
106/04/25,1.03,1.03,0.89,0.89,719000,709570,-0.18,9
106/04/26,0.90,0.91,0.86,0.86,174000,156800,-0.03,4
106/04/27,0.87,0.93,0.87,0.93,1082000,978570,0.07,17
106/04/28,0.91,0.96,0.89,0.96,1031000,949160,0.03,15
106/05/02,0.93,0.95,0.90,0.90,407000,378910,-0.06,9
106/05/03,0.89,0.90,0.89,0.89,178000,159710,-0.01,3
106/05/04,0.91,0.91,0.85,0.85,120000,105270,-0.04,3
106/05/05,0.86,0.86,0.85,0.86,151000,129360,0.01,3
106/05/08,0.89,1.01,0.89,1.00,1488000,1411150,0.14,22
106/05/09,1.07,1.14,1.04,1.14,3213000,3485850,0.14,49
106/05/10,1.07,1.09,1.03,1.07,2297000,2435300,-0.07,39
106/05/11,0.99,1.15,0.99,1.15,2339000,2476410,0.08,36
106/05/12,1.15,1.15,1.04,1.09,1744000,1912470,-0.06,29
106/05/15,1.10,1.10,1.10,1.10,56000,61600,0.01,2
106/05/16,1.07,1.08,1.07,1.08,104000,111320,-0.02,2
106/05/17,1.11,1.11,1.11,1.11,100000,111000,0.03,1
106/05/18,1.15,1.15,1.15,1.15,120000,138000,0.04,3
106/05/19,0.97,0.97,0.97,0.97,5000,4850,-0.18,1
106/05/22,1.00,1.05,1.00,1.05,242000,250520,0.08,9
106/05/23,0.96,0.98,0.96,0.97,253000,247520,-0.08,5
106/05/24,0.93,0.93,0.92,0.93,26000,24080,-0.04,4
106/05/25,0.92,0.92,0.92,0.92,8000,7360,-0.01,1
106/05/26,--,--,--,--,0,0,0.00,0
106/05/31,0.92,0.92,0.92,0.92,150000,138000,0.00,2
106/06/01,0.90,0.90,0.89,0.89,200000,179000,-0.03,6
106/06/02,--,--,--,--,0,0,0.00,0
106/06/03,--,--,--,--,0,0,0.00,0
106/06/05,--,--,--,--,0,0,0.00,0
106/06/06,--,--,--,--,0,0,0.00,0
106/06/07,--,--,--,--,0,0,0.00,0
106/06/08,--,--,--,--,0,0,0.00,0
106/06/09,--,--,--,--,0,0,0.00,0
106/06/12,--,--,--,--,0,0,0.00,0
106/06/13,--,--,--,--,0,0,0.00,0
106/06/14,0.85,0.85,0.85,0.85,100000,85000,0.00,4
106/06/15,0.83,0.84,0.83,0.84,100000,83540,-0.01,2
106/06/16,--,--,--,--,0,0,0.00,0
106/06/19,--,--,--,--,0,0,0.00,0
106/06/20,--,--,--,--,0,0,0.00,0
106/06/21,0.58,0.58,0.58,0.58,10000,5800,0.00,1
106/06/22,--,--,--,--,0,0,0.00,0
106/06/23,--,--,--,--,0,0,0.00,0
106/06/26,--,--,--,--,0,0,0.00,0
106/06/27,--,--,--,--,0,0,0.00,0
106/06/28,0.41,0.41,0.41,0.41,100000,41000,0.00,2
106/06/29,0.43,0.48,0.43,0.48,248000,111540,0.07,4
106/06/30,0.48,0.48,0.43,0.43,178000,83780,-0.05,5
106/07/03,0.40,0.40,0.40,0.40,20000,8000,-0.03,1
106/07/04,0.36,0.39,0.36,0.39,220000,83200,-0.01,4
106/07/05,0.39,0.39,0.39,0.39,200000,78000,0.00,2
106/07/06,--,--,--,--,0,0,0.00,0
106/07/07,0.44,0.44,0.44,0.44,26000,11440,0.00,2
106/07/10,--,--,--,--,0,0,0.00,0
106/07/11,0.39,0.39,0.39,0.39,20000,7800,0.00,1
106/07/12,--,--,--,--,0,0,0.00,0
106/07/13,0.41,0.43,0.41,0.43,400000,168000,0.00,4
106/07/14,0.45,0.45,0.45,0.45,410000,184500,0.02,4
106/07/17,0.47,0.47,0.47,0.47,20000,9400,0.02,1
106/07/18,--,--,--,--,0,0,0.00,0
106/07/19,0.39,0.39,0.39,0.39,20000,7800,0.00,1
106/07/20,0.45,0.47,0.45,0.47,220000,99400,0.08,2
106/07/21,0.50,0.52,0.50,0.52,420000,216000,0.05,4
106/07/24,0.49,0.49,0.49,0.49,200000,98000,-0.03,1
106/07/25,0.46,0.46,0.46,0.46,40000,18400,-0.03,1
106/07/26,0.49,0.50,0.49,0.50,400000,198000,0.04,2
106/07/27,0.43,0.43,0.43,0.43,200000,86000,-0.07,2
106/07/28,--,--,--,--,0,0,0.00,0
106/07/31,0.46,0.46,0.46,0.46,200000,92000,0.00,1
106/08/01,--,--,--,--,0,0,0.00,0
106/08/02,0.47,0.47,0.47,0.47,5000,2350,0.00,1
106/08/03,0.48,0.49,0.48,0.49,10000,4850,0.02,2
106/08/04,--,--,--,--,0,0,0.00,0
106/08/07,0.46,0.46,0.46,0.46,5000,2300,0.00,1
106/08/08,--,--,--,--,0,0,0.00,0
106/08/09,0.50,0.50,0.50,0.50,5000,2500,0.00,1
106/08/10,--,--,--,--,0,0,0.00,0
106/08/11,--,--,--,--,0,0,0.00,0
106/08/14,0.52,0.52,0.52,0.52,186000,96720,0.00,1
106/08/15,0.51,0.51,0.51,0.51,186000,94860,-0.01,1
106/08/16,0.57,0.57,0.57,0.57,175000,99750,0.06,1
106/08/17,0.53,0.53,0.53,0.53,175000,92750,-0.04,1
106/08/18,--,--,--,--,0,0,0.00,0
106/08/21,--,--,--,--,0,0,0.00,0
106/08/22,0.40,0.41,0.40,0.41,240000,97100,0.00,7
106/08/23,0.38,0.40,0.38,0.40,390000,151200,-0.01,5
106/08/24,0.40,0.42,0.40,0.42,250000,102000,0.02,2
106/08/25,--,--,--,--,0,0,0.00,0
106/08/28,0.36,0.36,0.36,0.36,100000,36000,0.00,1
106/08/29,--,--,--,--,0,0,0.00,0
106/08/30,--,--,--,--,0,0,0.00,0
106/08/31,--,--,--,--,0,0,0.00,0
106/09/01,--,--,--,--,0,0,0.00,0
106/09/04,--,--,--,--,0,0,0.00,0
106/09/05,--,--,--,--,0,0,0.00,0
106/09/06,--,--,--,--,0,0,0.00,0
106/09/07,--,--,--,--,0,0,0.00,0
106/09/08,--,--,--,--,0,0,0.00,0
106/09/11,--,--,--,--,0,0,0.00,0
106/09/12,--,--,--,--,0,0,0.00,0
106/09/13,--,--,--,--,0,0,0.00,0
106/09/14,--,--,--,--,0,0,0.00,0
106/09/15,--,--,--,--,0,0,0.00,0
106/09/18,--,--,--,--,0,0,0.00,0
106/09/19,--,--,--,--,0,0,0.00,0
106/09/20,--,--,--,--,0,0,0.00,0
106/09/21,--,--,--,--,0,0,0.00,0
106/09/22,--,--,--,--,0,0,0.00,0
106/09/25,--,--,--,--,0,0,0.00,0
106/09/26,--,--,--,--,0,0,0.00,0
106/09/27,--,--,--,--,0,0,0.00,0
106/09/28,--,--,--,--,0,0,0.00,0
106/09/29,--,--,--,--,0,0,0.00,0
106/09/30,--,--,--,--,0,0,0.00,0
106/10/02,--,--,--,--,0,0,0.00,0
106/10/03,--,--,--,--,0,0,0.00,0
106/10/05,--,--,--,--,0,0,0.00,0
106/10/06,--,--,--,--,0,0,0.00,0
106/10/11,--,--,--,--,0,0,0.00,0
106/10/12,--,--,--,--,0,0,0.00,0
106/10/13,--,--,--,--,0,0,0.00,0
106/10/16,--,--,--,--,0,0,0.00,0
106/10/17,--,--,--,--,0,0,0.00,0
106/10/18,--,--,--,--,0,0,0.00,0
106/10/19,--,--,--,--,0,0,0.00,0
106/10/20,--,--,--,--,0,0,0.00,0
106/10/23,--,--,--,--,0,0,0.00,0
106/10/24,--,--,--,--,0,0,0.00,0
106/10/25,--,--,--,--,0,0,0.00,0
106/10/26,--,--,--,--,0,0,0.00,0
106/10/27,--,--,--,--,0,0,0.00,0
106/10/30,--,--,--,--,0,0,0.00,0
106/10/31,--,--,--,--,0,0,0.00,0
106/11/01,--,--,--,--,0,0,0.00,0
106/11/02,--,--,--,--,0,0,0.00,0
106/11/03,--,--,--,--,0,0,0.00,0
106/11/06,--,--,--,--,0,0,0.00,0
106/11/07,--,--,--,--,0,0,0.00,0
106/11/08,--,--,--,--,0,0,0.00,0
106/11/09,--,--,--,--,0,0,0.00,0
106/11/10,--,--,--,--,0,0,0.00,0
106/11/13,--,--,--,--,0,0,0.00,0
106/11/14,--,--,--,--,0,0,0.00,0
107/08/21,--,--,--,--,0,0,0.00,0
107/08/22,--,--,--,--,0,0,0.00,0
107/08/23,1.66,1.66,1.66,1.66,48000,79680,0.00,1
107/08/24,1.66,1.66,1.66,1.66,48000,79680,0.00,1
107/08/27,--,--,--,--,0,0,0.00,0
107/08/28,1.53,1.53,1.53,1.53,250000,382500,0.00,1
107/08/29,1.50,1.54,1.50,1.54,999000,1527160,0.01,14
107/08/30,1.49,1.49,1.46,1.48,749000,1111010,-0.06,15
107/08/31,1.53,1.53,1.53,1.53,499000,763470,0.05,2
107/09/03,1.47,1.55,1.46,1.55,802000,1196660,0.02,10
107/09/04,1.53,1.63,1.53,1.63,1565000,2514700,0.08,16
107/09/05,1.56,1.56,1.48,1.48,1322000,1998450,-0.15,33
107/09/06,1.49,1.49,1.45,1.49,822000,1216930,0.01,9
107/09/07,1.51,1.62,1.51,1.62,1716000,2675800,0.13,17
107/09/10,1.64,1.72,1.60,1.70,1029000,1696480,0.08,18
107/09/11,1.88,1.95,1.81,1.81,629000,1202360,0.11,10
107/09/12,1.83,1.87,1.78,1.85,549000,1001650,0.04,34
107/09/13,1.82,1.86,1.82,1.86,201000,373780,0.01,3
107/09/14,1.80,1.80,1.78,1.80,199000,357360,-0.06,7
107/09/17,1.74,1.77,1.74,1.77,234000,407930,-0.03,3
107/09/18,1.82,1.87,1.82,1.87,361000,668090,0.10,7
107/09/19,1.80,1.80,1.80,1.80,134000,241200,-0.07,3
107/09/20,1.88,1.91,1.88,1.91,440000,832440,0.11,4
107/09/21,1.82,1.85,1.79,1.85,921000,1689450,-0.06,23
107/09/25,1.83,1.83,1.81,1.81,481000,875750,-0.04,6
107/09/26,1.77,1.77,1.71,1.71,244000,419940,-0.10,2
107/09/27,1.72,1.77,1.72,1.77,756000,1313660,0.06,9
107/09/28,1.74,1.74,1.72,1.73,541000,934630,-0.04,13
107/10/01,1.70,1.70,1.70,1.70,29000,49300,-0.03,1
107/10/02,--,--,--,--,0,0,0.00,0
107/10/03,1.71,1.74,1.71,1.74,296000,512040,0.00,4
107/10/04,1.72,1.77,1.71,1.77,398000,686610,0.03,14
107/10/05,1.76,1.95,1.76,1.95,300000,566340,0.18,5
107/10/08,1.93,2.12,1.90,2.12,274000,529970,0.17,13
107/10/09,2.05,2.06,2.04,2.04,76000,156140,-0.08,6
107/10/11,--,--,--,--,0,0,0.00,0
107/10/12,--,--,--,--,0,0,0.00,0
107/10/15,--,--,--,--,0,0,0.00,0
107/10/16,--,--,--,--,0,0,0.00,0
107/10/17,--,--,--,--,0,0,0.00,0
107/10/18,--,--,--,--,0,0,0.00,0
107/10/19,--,--,--,--,0,0,0.00,0
107/10/22,--,--,--,--,0,0,0.00,0
107/10/23,--,--,--,--,0,0,0.00,0
107/10/24,--,--,--,--,0,0,0.00,0
107/10/25,--,--,--,--,0,0,0.00,0
107/10/26,--,--,--,--,0,0,0.00,0
107/10/29,--,--,--,--,0,0,0.00,0
107/10/30,--,--,--,--,0,0,0.00,0
107/10/31,--,--,--,--,0,0,0.00,0
107/11/01,--,--,--,--,0,0,0.00,0
107/11/02,--,--,--,--,0,0,0.00,0
107/11/05,--,--,--,--,0,0,0.00,0
107/11/06,--,--,--,--,0,0,0.00,0
107/11/07,--,--,--,--,0,0,0.00,0
107/11/08,--,--,--,--,0,0,0.00,0
107/11/09,--,--,--,--,0,0,0.00,0
107/11/12,--,--,--,--,0,0,0.00,0
107/11/13,--,--,--,--,0,0,0.00,0
107/11/14,--,--,--,--,0,0,0.00,0
107/11/15,--,--,--,--,0,0,0.00,0
107/11/16,--,--,--,--,0,0,0.00,0
107/11/19,--,--,--,--,0,0,0.00,0
107/11/20,--,--,--,--,0,0,0.00,0
107/11/21,--,--,--,--,0,0,0.00,0
107/11/22,--,--,--,--,0,0,0.00,0
107/11/23,--,--,--,--,0,0,0.00,0
107/11/26,--,--,--,--,0,0,0.00,0
107/11/27,--,--,--,--,0,0,0.00,0
107/11/28,1.38,1.38,1.38,1.38,10000,13800,0.00,1
107/11/29,1.35,1.35,1.35,1.35,10000,13500,-0.03,1
107/11/30,--,--,--,--,0,0,0.00,0
107/12/03,--,--,--,--,0,0,0.00,0
107/12/04,--,--,--,--,0,0,0.00,0
107/12/05,1.35,1.36,1.35,1.36,126000,170690,0.00,2
107/12/06,1.41,1.41,1.41,1.41,126000,177660,0.05,1
107/12/07,--,--,--,--,0,0,0.00,0
107/12/10,1.51,1.51,1.51,1.51,53000,80030,0.00,1
107/12/11,1.50,1.50,1.50,1.50,53000,79500,-0.01,1
107/12/12,--,--,--,--,0,0,0.00,0
107/12/13,1.32,1.32,1.32,1.32,68000,89760,0.00,1
107/12/14,1.35,1.42,1.35,1.42,124000,171320,0.10,2
107/12/17,1.40,1.40,1.40,1.40,56000,78400,-0.02,1
107/12/18,--,--,--,--,0,0,0.00,0
107/12/19,--,--,--,--,0,0,0.00,0
107/12/20,--,--,--,--,0,0,0.00,0
107/12/21,--,--,--,--,0,0,0.00,0
107/12/22,--,--,--,--,0,0,0.00,0
107/12/23,1.88,1.95,1.81,1.81,629000,1202360,0.11,10
107/12/24,--,--,--,--,0,0,0.00,0
107/12/25,--,--,--,--,0,0,0.00,0
107/12/26,1.40,1.40,1.40,1.40,43000,60200,0.00,1
107/12/27,1.27,1.27,1.27,1.27,43000,54610,-0.13,1
107/12/28,--,--,--,--,0,0,0.00,0
108/01/02,--,--,--,--,0,0,0.00,0
108/01/03,--,--,--,--,0,0,0.00,0
108/01/04,--,--,--,--,0,0,0.00,0
108/01/07,--,--,--,--,0,0,0.00,0
108/01/08,1.17,1.17,1.16,1.16,103000,119990,0.00,2
108/01/09,1.14,1.14,1.14,1.14,103000,117420,-0.02,1
108/01/10,1.16,1.16,1.16,1.16,100000,116000,0.02,1
108/01/11,1.26,1.29,1.26,1.29,148000,189480,0.13,3
108/01/14,1.29,1.29,1.29,1.29,48000,61920,0.00,1
108/01/15,--,--,--,--,0,0,0.00,0
108/01/16,--,--,--,--,0,0,0.00,0
108/01/17,--,--,--,--,0,0,0.00,0
108/01/18,--,--,--,--,0,0,0.00,0
108/01/21,--,--,--,--,0,0,0.00,0
108/01/22,--,--,--,--,0,0,0.00,0
108/01/23,--,--,--,--,0,0,0.00,0
108/01/24,--,--,--,--,0,0,0.00,0
108/01/25,--,--,--,--,0,0,0.00,0
108/01/28,--,--,--,--,0,0,0.00,0
108/01/29,--,--,--,--,0,0,0.00,0
108/01/30,--,--,--,--,0,0,0.00,0
108/02/11,--,--,--,--,0,0,0.00,0
108/02/12,--,--,--,--,0,0,0.00,0
108/02/13,--,--,--,--,0,0,0.00,0
108/02/14,--,--,--,--,0,0,0.00,0
108/02/15,--,--,--,--,0,0,0.00,0
108/02/18,--,--,--,--,0,0,0.00,0
108/07/12,--,--,--,--,0,0,0.00,0
108/07/15,--,--,--,--,0,0,0.00,0
108/07/16,--,--,--,--,0,0,0.00,0
108/07/17,--,--,--,--,0,0,0.00,0
108/07/18,--,--,--,--,0,0,0.00,0
108/07/19,0.90,0.91,0.90,0.91,6000,5410,0.00,3
108/07/22,--,--,--,--,0,0,0.00,0
108/07/23,--,--,--,--,0,0,0.00,0
108/07/24,--,--,--,--,0,0,0.00,0
108/07/25,--,--,--,--,0,0,0.00,0
108/07/26,0.86,0.86,0.86,0.86,20000,17200,0.00,1
108/07/29,0.88,0.88,0.85,0.85,20000,17300,-0.01,2
108/07/30,--,--,--,--,0,0,0.00,0
108/07/31,0.90,0.91,0.89,0.89,8000,7190,0.00,3
108/08/01,0.93,0.93,0.93,0.93,40000,37200,0.04,1
108/08/02,1.01,1.01,0.98,0.98,171000,171300,0.05,6
108/08/05,1.09,1.09,1.09,1.09,1000,1090,0.11,1
108/08/06,1.09,1.09,1.05,1.05,110000,117000,-0.04,3
108/08/07,1.06,1.06,1.06,1.06,60000,63600,0.01,1
108/08/08,--,--,--,--,0,0,0.00,0
108/08/12,--,--,--,--,0,0,0.00,0
108/08/13,1.03,1.03,1.03,1.03,15000,15450,0.00,1
108/08/14,0.97,0.97,0.97,0.97,15000,14550,-0.06,1
108/08/15,1.05,1.06,1.03,1.03,51000,53150,0.06,4
108/08/16,1.01,1.01,0.96,0.96,61000,59510,-0.07,3
108/08/19,0.97,0.97,0.97,0.97,2000,1940,0.01,1
108/08/20,0.91,0.91,0.90,0.90,30000,27200,-0.07,2
108/08/21,--,--,--,--,0,0,0.00,0
108/08/22,0.85,0.85,0.85,0.85,30000,25500,0.00,1
108/08/23,--,--,--,--,0,0,0.00,0
108/08/26,0.96,0.96,0.96,0.96,30000,28800,0.00,1
108/08/27,0.93,0.93,0.93,0.93,30000,27900,-0.03,1
108/08/28,--,--,--,--,0,0,0.00,0
108/08/29,0.88,0.88,0.88,0.88,2000,1760,0.00,1
108/08/30,0.83,0.83,0.81,0.81,36000,29800,-0.07,4
108/09/02,0.81,0.81,0.81,0.81,20000,16200,0.00,1
108/09/03,0.86,0.86,0.86,0.86,3000,2580,0.05,1
108/09/04,0.81,0.81,0.81,0.81,2000,1620,-0.05,1
108/09/05,0.73,0.73,0.73,0.73,2000,1460,-0.08,1
108/09/06,0.69,0.70,0.69,0.70,33000,23070,-0.03,3
108/09/09,0.67,0.67,0.67,0.67,9000,6030,-0.03,1
108/09/10,--,--,--,--,0,0,0.00,0
108/09/11,--,--,--,--,0,0,0.00,0
108/09/12,--,--,--,--,0,0,0.00,0
108/09/16,--,--,--,--,0,0,0.00,0
108/09/17,--,--,--,--,0,0,0.00,0
108/09/18,0.62,0.62,0.61,0.61,20000,12300,0.00,4
108/09/19,--,--,--,--,0,0,0.00,0
108/09/20,--,--,--,--,0,0,0.00,0
108/09/23,--,--,--,--,0,0,0.00,0
108/09/24,--,--,--,--,0,0,0.00,0
108/09/25,--,--,--,--,0,0,0.00,0
108/09/26,--,--,--,--,0,0,0.00,0
108/09/27,--,--,--,--,0,0,0.00,0
108/10/01,0.46,0.46,0.42,0.42,115000,51850,0.00,6
108/10/02,0.41,0.41,0.41,0.41,86000,35260,-0.01,5
108/10/03,0.44,0.44,0.44,0.44,37000,16280,0.03,2
108/10/04,0.45,0.45,0.45,0.45,4000,1800,0.01,1
108/10/07,--,--,--,--,0,0,0.00,0
108/10/08,0.37,0.37,0.37,0.37,10000,3700,0.00,1
108/10/09,--,--,--,--,0,0,0.00,0
108/10/14,0.31,0.31,0.31,0.31,130000,40300,0.00,1
108/10/15,--,--,--,--,0,0,0.00,0
108/10/16,0.27,0.27,0.27,0.27,10000,2700,0.00,1
108/10/17,0.28,0.28,0.28,0.28,95000,26600,0.01,3
108/10/18,--,--,--,--,0,0,0.00,0
108/10/21,--,--,--,--,0,0,0.00,0
108/10/22,0.27,0.27,0.27,0.27,10000,2700,0.00,1
108/10/23,--,--,--,--,0,0,0.00,0
108/10/24,--,--,--,--,0,0,0.00,0
108/10/25,0.25,0.25,0.25,0.25,10000,2500,0.00,1
108/10/28,--,--,--,--,0,0,0.00,0
108/10/29,0.24,0.24,0.24,0.24,100000,24000,0.00,1
108/10/30,--,--,--,--,0,0,0.00,0
108/10/31,--,--,--,--,0,0,0.00,0
108/11/01,--,--,--,--,0,0,0.00,0
108/11/04,0.19,0.19,0.19,0.19,100000,19000,0.00,1
108/11/05,0.16,0.16,0.16,0.16,30000,4800,-0.03,1
108/11/06,0.16,0.16,0.16,0.16,30000,4800,0.00,1
108/11/07,--,--,--,--,0,0,0.00,0
108/11/08,--,--,--,--,0,0,0.00,0
108/11/11,--,--,--,--,0,0,0.00,0
108/11/12,--,--,--,--,0,0,0.00,0
108/11/13,--,--,--,--,0,0,0.00,0
108/11/14,--,--,--,--,0,0,0.00,0
108/11/15,--,--,--,--,0,0,0.00,0
108/11/18,--,--,--,--,0,0,0.00,0
108/11/19,--,--,--,--,0,0,0.00,0
108/11/20,--,--,--,--,0,0,0.00,0
108/11/21,--,--,--,--,0,0,0.00,0
108/11/22,--,--,--,--,0,0,0.00,0
108/11/25,--,--,--,--,0,0,0.00,0
108/11/26,--,--,--,--,0,0,0.00,0
108/11/27,--,--,--,--,0,0,0.00,0
108/11/28,--,--,--,--,0,0,0.00,0
108/11/29,--,--,--,--,0,0,0.00,0
108/12/02,--,--,--,--,0,0,0.00,0
108/12/03,--,--,--,--,0,0,0.00,0
108/12/04,--,--,--,--,0,0,0.00,0
108/12/05,--,--,--,--,0,0,0.00,0
108/12/06,--,--,--,--,0,0,0.00,0
108/12/09,--,--,--,--,0,0,0.00,0
108/12/10,--,--,--,--,0,0,0.00,0
108/12/11,--,--,--,--,0,0,0.00,0
108/12/12,0.05,0.05,0.05,0.05,10000,500,0.00,1
108/12/13,--,--,--,--,0,0,0.00,0
108/12/16,--,--,--,--,0,0,0.00,0
108/12/17,--,--,--,--,0,0,0.00,0
108/12/18,--,--,--,--,0,0,0.00,0
108/12/19,--,--,--,--,0,0,0.00,0
108/12/20,--,--,--,--,0,0,0.00,0
108/12/23,--,--,--,--,0,0,0.00,0
108/12/24,--,--,--,--,0,0,0.00,0
108/12/25,--,--,--,--,0,0,0.00,0
108/12/26,--,--,--,--,0,0,0.00,0
108/12/27,--,--,--,--,0,0,0.00,0
108/12/30,--,--,--,--,0,0,0.00,0
108/12/31,--,--,--,--,0,0,0.00,0
109/01/02,--,--,--,--,0,0,0.00,0
109/01/03,--,--,--,--,0,0,0.00,0
109/01/06,--,--,--,--,0,0,0.00,0
109/01/07,--,--,--,--,0,0,0.00,0
109/01/08,--,--,--,--,0,0,0.00,0
109/01/09,--,--,--,--,0,0,0.00,0
109/01/10,--,--,--,--,0,0,0.00,0
109/01/13,--,--,--,--,0,0,0.00,0
109/01/14,--,--,--,--,0,0,0.00,0
109/01/15,--,--,--,--,0,0,0.00,0
109/01/16,--,--,--,--,0,0,0.00,0
109/01/17,--,--,--,--,0,0,0.00,0
109/01/20,--,--,--,--,0,0,0.00,0
109/01/30,--,--,--,--,0,0,0.00,0
109/01/31,0.02,0.02,0.02,0.02,10000,200,0.00,1
109/02/03,0.02,0.02,0.02,0.02,10000,200,0.00,1
109/02/04,0.02,0.02,0.02,0.02,1000,20,0.00,1
109/02/05,--,--,--,--,0,0,0.00,0
109/02/06,--,--,--,--,0,0,0.00,0
109/02/07,--,--,--,--,0,0,0.00,0
109/02/10,0.02,0.02,0.02,0.02,10000,200,0.00,10
109/02/11,--,--,--,--,0,0,0.00,0
109/02/12,--,--,--,--,0,0,0.00,0
109/02/13,--,--,--,--,0,0,0.00,0
109/02/14,--,--,--,--,0,0,0.00,0
109/02/17,--,--,--,--,0,0,0.00,0
109/02/18,--,--,--,--,0,0,0.00,0
109/02/19,--,--,--,--,0,0,0.00,0
109/02/20,--,--,--,--,0,0,0.00,0
109/02/21,--,--,--,--,0,0,0.00,0
109/02/24,--,--,--,--,0,0,0.00,0
109/02/25,--,--,--,--,0,0,0.00,0
109/02/26,--,--,--,--,0,0,0.00,0
109/02/27,--,--,--,--,0,0,0.00,0
109/03/02,--,--,--,--,0,0,0.00,0
109/03/03,--,--,--,--,0,0,0.00,0
109/03/04,--,--,--,--,0,0,0.00,0
109/03/05,--,--,--,--,0,0,0.00,0
109/03/06,--,--,--,--,0,0,0.00,0
109/03/09,--,--,--,--,0,0,0.00,0
109/03/10,--,--,--,--,0,0,0.00,0
109/03/11,--,--,--,--,0,0,0.00,0
109/03/12,--,--,--,--,0,0,0.00,0
109/03/13,0.03,0.03,0.02,0.02,21000,520,0.00,3
109/03/16,0.03,0.03,0.03,0.03,7000,210,0.01,2
109/03/17,0.05,0.05,0.04,0.04,15000,700,0.01,3
109/03/18,0.12,0.12,0.12,0.12,2000,240,0.08,1
109/03/19,0.19,0.60,0.18,0.26,555000,145660,0.14,68
109/03/20,0.22,0.28,0.08,0.08,604000,138130,-0.18,73
109/03/23,0.34,0.35,0.29,0.34,227000,69550,0.26,14
109/03/24,0.34,0.34,0.34,0.34,3000,1020,0.00,1
109/03/25,0.24,0.34,0.23,0.30,58000,13880,-0.04,7
109/03/26,0.30,0.35,0.30,0.35,4000,1250,0.05,2
109/03/27,0.30,1.50,0.30,0.32,37000,12320,-0.03,4
109/03/30,1.00,1.00,0.30,0.50,35000,12520,0.18,8
109/03/31,--,--,--,--,0,0,0.00,0
109/04/01,0.10,0.35,0.10,0.35,3000,550,0.00,3
109/04/06,0.10,0.30,0.05,0.27,88000,8970,-0.08,7
109/04/07,0.10,0.27,0.05,0.27,105000,7970,0.00,5
109/04/08,--,--,--,--,0,0,0.00,0
109/04/09,--,--,--,--,0,0,0.00,0
109/04/10,0.17,0.18,0.17,0.18,3000,520,0.00,3
109/04/13,--,--,--,--,0,0,0.00,0
109/04/14,--,--,--,--,0,0,0.00,0
109/04/15,--,--,--,--,0,0,0.00,0
109/04/16,--,--,--,--,0,0,0.00,0
109/04/17,--,--,--,--,0,0,0.00,0
109/04/20,--,--,--,--,0,0,0.00,0
109/04/21,0.01,0.10,0.01,0.10,5000,140,0.00,2
109/04/22,--,--,--,--,0,0,0.00,0
109/04/23,0.01,0.10,0.01,0.10,3000,120,0.00,2
109/04/24,--,--,--,--,0,0,0.00,0
109/04/27,0.07,0.07,0.07,0.07,1000,70,0.00,1
109/04/28,0.01,0.06,0.01,0.06,4000,90,-0.01,2
109/04/29,--,--,--,--,0,0,0.00,0
109/04/30,--,--,--,--,0,0,0.00,0
109/05/04,--,--,--,--,0,0,0.00,0
109/05/05,0.01,0.01,0.01,0.01,114000,1140,0.00,2
109/05/06,--,--,--,--,0,0,0.00,0
109/05/07,--,--,--,--,0,0,0.00,0
109/07/16,1.26,1.26,1.26,1.26,6000,7560,0.10,1
109/07/17,1.24,1.31,1.24,1.30,293000,376290,0.04,7
109/07/20,1.26,1.26,1.17,1.17,337000,413590,-0.13,8
109/07/21,1.04,1.04,0.99,1.00,77000,77540,-0.17,14
109/07/22,1.01,1.01,0.96,0.98,66000,64410,-0.02,6
109/07/23,0.95,1.00,0.95,1.00,108000,105870,0.02,6
109/07/24,1.01,1.01,1.00,1.00,60000,60100,0.00,2
109/07/27,1.02,1.02,0.96,0.97,92000,89240,-0.03,4
109/07/28,0.90,0.94,0.86,0.86,171000,157040,-0.11,7
109/07/29,0.87,0.92,0.87,0.89,266000,238920,0.03,10
109/07/30,0.82,0.84,0.72,0.72,299000,238180,-0.17,22
109/07/31,0.69,0.69,0.64,0.64,142000,93080,-0.08,10
109/08/03,0.68,0.68,0.67,0.68,37000,25000,0.04,4
109/08/04,0.63,0.63,0.56,0.57,142000,84240,-0.11,13
109/08/05,0.48,0.48,0.42,0.43,686000,298610,-0.14,32
109/08/06,0.37,0.40,0.36,0.39,912000,345270,-0.04,40
109/08/07,0.38,0.38,0.36,0.37,420000,154800,-0.02,20
109/08/10,0.37,0.37,0.33,0.36,864000,305360,-0.01,22
109/08/11,0.32,0.35,0.26,0.27,1681000,506330,-0.09,45
109/08/12,0.29,0.29,0.20,0.27,3510000,797390,0.00,172
109/08/13,0.23,0.29,0.17,0.28,1456000,359620,0.01,88
109/08/14,0.25,0.30,0.22,0.24,1034000,258690,-0.04,57
109/08/17,0.25,0.29,0.23,0.26,455000,121090,0.02,24
109/08/18,0.23,0.26,0.21,0.26,1060000,239630,0.00,23
109/08/19,0.21,0.21,0.17,0.19,1669000,314940,-0.07,52
109/08/20,0.20,0.33,0.20,0.32,1756000,432730,0.13,56
109/08/21,0.34,0.34,0.23,0.26,503000,129030,-0.06,27
109/08/24,0.28,0.31,0.26,0.28,658000,181930,0.02,22
109/08/25,0.29,0.29,0.25,0.28,402000,104860,0.00,17
109/08/26,0.24,0.28,0.24,0.28,119000,28650,0.00,7
109/08/27,0.25,0.28,0.25,0.28,205000,53530,0.00,14
109/08/28,0.27,0.30,0.27,0.30,278000,81560,0.02,8
109/08/31,--,--,--,--,0,0,0.00,0
109/09/01,0.30,0.30,0.24,0.24,1389000,367910,0.00,12
109/09/02,--,--,--,--,0,0,0.00,0
109/09/03,0.23,0.23,0.22,0.22,915000,204300,0.00,14
109/09/04,0.25,0.25,0.25,0.25,58000,14500,0.03,3
109/09/07,0.25,0.33,0.25,0.32,255000,79070,0.07,12
109/09/08,0.26,0.29,0.26,0.28,529000,147500,-0.04,11
109/09/09,0.30,0.31,0.28,0.28,1031000,299500,0.00,16
109/09/10,0.25,0.28,0.25,0.28,900000,240100,0.00,7
109/09/11,0.28,0.30,0.26,0.27,1067000,303880,-0.01,10
109/09/14,0.25,0.25,0.22,0.22,798000,184290,-0.05,9
109/09/15,0.21,0.21,0.18,0.21,1900000,377800,-0.01,15
109/09/16,0.19,0.19,0.19,0.19,680000,129200,-0.02,6
109/09/17,0.18,0.18,0.17,0.17,1070000,191500,-0.02,12
109/09/18,0.17,0.17,0.16,0.17,865000,143850,0.00,12
109/09/21,0.18,0.18,0.16,0.17,982000,172080,0.00,11
109/09/22,0.17,0.18,0.17,0.18,800000,142000,0.01,9
109/09/23,0.16,0.17,0.16,0.17,6000,970,-0.01,2
109/09/24,0.18,0.21,0.18,0.20,516000,102100,0.03,8
109/09/25,0.21,0.21,0.20,0.21,200000,40400,0.01,5
109/09/28,0.19,0.19,0.15,0.15,980000,161150,-0.06,14
109/09/29,0.14,0.17,0.14,0.17,505000,77850,0.02,4
109/09/30,0.19,0.19,0.19,0.19,335000,63650,0.02,2
109/10/05,0.17,0.17,0.14,0.14,886000,135940,-0.05,14
109/10/06,0.15,0.15,0.15,0.15,80000,12000,0.01,3
109/10/07,--,--,--,--,0,0,0.00,0
109/10/08,--,--,--,--,0,0,0.00,0
109/10/12,0.13,0.13,0.13,0.13,10000,1300,0.00,1
109/10/13,--,--,--,--,0,0,0.00,0
109/10/14,--,--,--,--,0,0,0.00,0
109/10/15,--,--,--,--,0,0,0.00,0
109/10/16,--,--,--,--,0,0,0.00,0
109/10/19,0.05,0.06,0.05,0.06,685000,34950,0.00,7
109/10/20,0.06,0.06,0.05,0.05,250000,13500,-0.01,3
109/10/21,0.04,0.06,0.04,0.06,166000,7240,0.01,3
109/10/22,0.08,0.08,0.08,0.08,30000,2400,0.02,1
109/10/23,--,--,--,--,0,0,0.00,0
109/10/26,--,--,--,--,0,0,0.00,0
109/10/27,--,--,--,--,0,0,0.00,0
109/10/28,--,--,--,--,0,0,0.00,0
109/10/29,0.15,0.16,0.12,0.15,4194000,622990,0.00,115
109/10/30,0.14,0.16,0.11,0.16,404000,53790,0.01,9
109/11/02,0.15,0.17,0.15,0.17,931000,145020,0.01,15
109/11/03,0.16,0.17,0.15,0.15,230000,36640,-0.02,8
109/11/04,0.15,0.15,0.12,0.13,443000,55990,-0.02,9
109/11/05,0.12,0.12,0.11,0.11,76000,8790,-0.02,5
109/11/06,0.09,0.09,0.09,0.09,25000,2250,-0.02,1
109/11/09,--,--,--,--,0,0,0.00,0
109/11/10,0.09,0.09,0.07,0.07,70000,5500,0.00,4
109/11/11,0.06,0.06,0.05,0.05,75000,4250,-0.02,4
109/11/12,0.05,0.07,0.05,0.07,380000,22900,0.02,5
109/11/13,0.06,0.06,0.05,0.05,160000,8400,-0.02,6
109/11/16,0.04,0.04,0.04,0.04,200000,8000,-0.01,1
109/11/17,--,--,--,--,0,0,0.00,0
109/11/18,--,--,--,--,0,0,0.00,0
109/11/19,--,--,--,--,0,0,0.00,0
109/11/20,0.04,0.04,0.04,0.04,20000,800,0.00,1
109/11/23,0.02,0.02,0.02,0.02,40000,800,-0.02,1
109/11/24,0.01,0.02,0.01,0.02,60000,1000,0.00,2
109/11/25,--,--,--,--,0,0,0.00,0
109/11/26,0.01,0.01,0.01,0.01,40000,400,0.00,1
109/11/27,--,--,--,--,0,0,0.00,0
109/11/30,--,--,--,--,0,0,0.00,0
109/12/01,--,--,--,--,0,0,0.00,0
109/12/02,--,--,--,--,0,0,0.00,0
109/12/03,--,--,--,--,0,0,0.00,0
109/12/04,--,--,--,--,0,0,0.00,0
109/12/07,--,--,--,--,0,0,0.00,0
109/12/08,--,--,--,--,0,0,0.00,0
109/12/09,--,--,--,--,0,0,0.00,0
109/12/10,--,--,--,--,0,0,0.00,0
109/12/11,--,--,--,--,0,0,0.00,0
109/12/14,--,--,--,--,0,0,0.00,0
109/12/15,--,--,--,--,0,0,0.00,0
109/12/16,--,--,--,--,0,0,0.00,0
109/12/17,--,--,--,--,0,0,0.00,0
109/12/18,--,--,--,--,0,0,0.00,0
109/12/21,--,--,--,--,0,0,0.00,0
109/12/22,--,--,--,--,0,0,0.00,0
109/12/23,--,--,--,--,0,0,0.00,0
109/12/24,--,--,--,--,0,0,0.00,0
109/12/25,--,--,--,--,0,0,0.00,0
109/12/28,--,--,--,--,0,0,0.00,0
109/12/29,--,--,--,--,0,0,0.00,0
109/12/30,--,--,--,--,0,0,0.00,0
109/12/31,--,--,--,--,0,0,0.00,0
