93/02/11,10.05,10.05,9.30,9.50,10809048,105309165,-0.40,1353
93/02/12,9.50,9.65,8.85,9.00,8093450,74235352,-0.50,999
93/02/13,9.00,9.40,8.95,9.30,4771128,44052741,0.30,649
93/02/16,9.25,9.45,9.05,9.10,3195001,29528709,-0.20,514
93/02/17,9.25,9.30,9.05,9.10,4177001,38293457,,623
93/02/18,9.25,9.25,8.90,8.90,3366000,30348550,-0.20,455
93/02/19,8.90,9.00,8.75,8.80,2853998,25171781,-0.10,423
93/02/20,8.85,9.00,8.75,9.00,2318439,20599787,0.20,393
93/02/23,9.00,9.05,8.80,8.85,1191725,10604588,-0.15,224
93/02/24,8.85,9.00,8.70,8.70,1424150,12552470,-0.15,237
93/02/25,8.70,8.90,8.65,8.85,1711558,15003871,0.15,314
93/02/26,8.95,8.95,8.60,8.65,2221000,19375100,-0.20,332
93/02/27,8.65,8.75,8.55,8.65,1759870,15165080,,309
93/03/01,8.65,8.85,8.60,8.70,4413006,38494650,0.05,433
93/03/02,8.75,9.05,8.70,8.90,5250551,46579363,0.20,758
93/03/03,9.10,9.10,8.70,8.70,3331502,29787492,-0.20,526
93/03/04,8.75,8.90,8.70,8.85,3363527,29588380,0.15,525
93/03/05,8.90,9.00,8.75,8.75,3316003,29424726,-0.10,477
93/03/08,8.85,8.85,8.60,8.60,2131689,18576240,-0.15,363
93/03/09,8.65,8.70,8.55,8.60,1549005,13334939,,248
93/03/10,8.60,8.75,8.50,8.50,1394792,12000369,-0.10,261
93/03/11,8.40,8.90,8.40,8.85,3293195,28574994,0.35,484
93/03/12,8.80,9.15,8.60,8.85,9890196,88683022,,1094
93/03/15,9.00,9.20,8.70,8.70,6075810,54804825,-0.15,802
93/03/16,8.90,8.90,8.70,8.70,2105266,18473898,,384
93/03/17,8.80,8.80,8.55,8.55,1864363,16187534,-0.15,289
93/03/18,8.60,8.75,8.45,8.65,3820560,32927107,0.10,514
93/03/19,8.65,8.65,8.45,8.55,1842002,15687012,-0.10,321
93/03/22,8.00,8.00,8.00,8.00,376000,3008998,-0.55,62
93/03/23,7.45,7.60,7.45,7.45,3806000,28381500,-0.55,442
93/03/24,7.45,7.55,6.95,7.05,4058010,28809024,-0.40,426
93/03/25,7.05,7.20,7.00,7.00,1145010,8122270,-0.05,219
93/03/26,7.05,7.10,6.70,6.90,1393011,9622325,-0.10,192
93/03/29,7.20,7.35,7.10,7.35,1177011,8590424,0.45,213
93/03/30,7.50,7.85,7.20,7.85,2413267,18186800,0.50,350
93/03/31,7.80,7.80,7.60,7.65,1060480,8165043,-0.20,224
93/04/01,7.55,7.70,7.45,7.50,792110,5963487,-0.15,140
93/04/02,7.50,7.60,7.45,7.55,735793,5545961,0.05,129
93/04/05,7.55,7.60,7.45,7.50,949511,7143436,-0.05,164
93/04/06,7.75,7.80,7.60,7.70,1534030,11848930,0.20,264
93/04/07,7.75,7.80,7.65,7.70,954015,7345214,,181
93/04/08,7.70,7.80,7.60,7.70,1174010,9061576,,242
93/04/09,7.65,7.75,7.60,7.60,859011,6583833,-0.10,154
93/04/12,7.60,7.90,7.60,7.85,2415028,18902761,0.25,326
93/04/13,7.90,7.90,7.80,7.90,1259020,9903106,0.05,203
93/04/14,7.90,8.15,7.90,8.05,2376885,19090204,0.15,414
93/04/15,8.05,8.10,7.80,7.80,1290233,10217414,-0.25,190
93/04/16,7.80,7.90,7.75,7.85,1114962,8724213,0.05,135
93/04/19,7.85,7.90,7.55,7.55,933008,7205612,-0.30,144
93/04/20,7.60,7.70,7.50,7.50,832000,6305250,-0.05,131
93/04/21,7.55,7.65,7.50,7.55,873000,6622850,0.05,149
93/04/22,7.65,7.65,7.50,7.50,706450,5359469,-0.05,171
93/04/23,7.60,7.65,7.20,7.20,610007,4582401,-0.30,106
93/04/26,7.30,7.40,7.25,7.30,497005,3649602,0.10,113
93/04/27,7.30,7.35,7.10,7.20,735017,5293922,-0.10,86
93/04/28,7.20,7.25,7.15,7.20,490968,3542080,,128
93/04/29,7.20,7.20,6.95,7.00,538701,3813723,-0.20,139
93/04/30,6.95,6.95,6.55,6.65,1415027,9389036,-0.35,205
93/05/03,6.55,6.75,6.30,6.40,706392,4580939,-0.25,95
93/05/04,6.50,6.60,6.35,6.60,868010,5644962,0.20,121
93/05/05,6.60,6.60,6.15,6.15,797028,4987432,-0.45,129
93/05/06,6.05,6.35,5.85,6.15,1180007,7167342,,222
93/05/07,5.85,6.20,5.85,6.10,720011,4369423,-0.05,143
93/05/10,6.00,6.00,5.75,5.75,666008,3897848,-0.35,145
93/05/11,5.80,5.90,5.65,5.80,1186610,6850985,0.05,164
93/05/12,6.00,6.10,5.85,6.00,621027,3732594,0.20,144
93/05/13,6.10,6.10,5.80,5.85,218008,1296145,-0.15,60
93/05/14,6.10,6.10,5.80,5.80,320014,1877326,-0.05,89
93/05/17,5.45,5.65,5.40,5.40,1028025,5635785,-0.40,191
93/05/18,5.20,5.50,5.20,5.35,1537732,8276236,-0.05,251
93/05/19,5.40,5.70,5.40,5.70,1207097,6804135,0.35,198
93/05/20,5.65,5.85,5.55,5.70,1031003,5926765,,150
93/05/21,5.75,6.05,5.75,6.05,1239156,7438583,0.35,205
93/05/24,6.10,6.25,6.00,6.10,1065998,6539946,0.05,185
93/05/25,6.00,6.25,6.00,6.10,505010,3109910,,115
93/05/26,6.20,6.30,6.20,6.20,591050,3683360,0.10,113
93/05/27,6.30,6.30,6.10,6.25,347011,2147917,0.05,56
93/05/28,6.25,6.30,6.20,6.20,417495,2596871,-0.05,90
93/05/31,6.30,6.30,6.05,6.15,332790,2046015,-0.05,73
93/06/01,6.35,6.35,6.10,6.15,543000,3390500,,121
93/06/02,6.10,6.15,6.05,6.05,332938,2036781,-0.10,64
93/06/03,6.10,6.15,5.70,5.70,390132,2328101,-0.35,85
93/06/04,5.75,5.95,5.70,5.95,755003,4366715,0.25,101
93/06/07,5.95,6.10,5.95,6.05,545017,3284109,0.10,119
93/06/08,6.15,6.15,6.00,6.05,621002,3766020,,112
93/06/09,6.20,6.45,6.20,6.45,3870761,24864722,0.40,494
93/06/10,6.35,6.35,6.15,6.20,1440602,9020677,-0.25,284
93/06/11,6.10,6.30,6.10,6.15,1174276,7262596,-0.05,209
93/06/14,6.15,6.20,5.85,5.85,367539,2220039,-0.30,113
93/06/15,5.80,5.90,5.75,5.85,354000,2071700,,91
93/06/16,5.90,5.90,5.45,5.50,904522,5077533,-0.35,172
93/06/17,5.50,5.75,5.50,5.65,525022,2932665,0.15,121
93/06/18,5.65,5.65,5.45,5.50,355045,1969652,-0.15,71
93/06/21,5.65,5.70,5.50,5.50,194346,1075835,,70
93/06/23,5.50,5.70,5.50,5.70,369004,2087070,0.20,86
93/06/24,5.75,5.80,5.65,5.70,444001,2554255,,85
93/06/25,5.70,5.80,5.65,5.70,340000,1951000,,57
93/06/28,5.70,5.75,5.65,5.65,684437,3888070,-0.05,82
93/06/29,5.65,5.70,5.60,5.70,171007,962606,0.05,42
93/06/30,5.70,5.75,5.65,5.70,279005,1591847,,65
93/07/01,5.70,5.70,5.50,5.60,466983,2623672,-0.10,85
93/07/02,5.55,5.65,5.50,5.65,385999,2155462,0.05,63
93/07/05,5.55,5.60,5.50,5.50,523661,2909114,-0.15,73
93/07/06,5.50,5.65,5.50,5.60,104334,581526,0.10,30
93/07/07,5.70,5.70,5.50,5.55,229000,1272300,-0.05,49
93/07/08,5.65,5.70,5.55,5.55,151100,848801,,48
93/07/09,5.65,5.75,5.55,5.75,356717,2021056,0.20,91
93/07/12,5.80,6.00,5.80,6.00,785000,4663250,0.25,152
93/07/13,6.00,6.00,5.85,5.85,160000,944350,-0.15,37
93/07/14,5.85,5.90,5.75,5.75,224932,1313122,-0.10,53
93/07/15,5.75,5.90,5.70,5.80,438000,2539668,0.05,89
93/07/16,5.85,5.90,5.70,5.80,455301,2652886,,66
93/07/19,5.80,5.85,5.70,5.75,246000,1416750,-0.05,47
93/07/20,5.70,5.70,5.35,5.35,612999,3343664,-0.40,108
93/07/21,5.50,5.55,5.40,5.40,335018,1829864,0.05,81
93/07/22,5.40,5.45,5.30,5.35,283000,1512617,-0.05,75
93/07/23,5.35,5.65,5.35,5.45,153847,848953,0.10,71
93/07/26,5.45,5.45,5.40,5.45,66336,359471,,27
93/07/27,5.40,5.55,5.40,5.55,349856,1907488,0.10,74
93/07/28,5.60,5.60,5.50,5.50,299013,1662521,-0.05,67
93/07/29,5.50,5.55,5.50,5.50,197926,1090181,,47
93/07/30,5.50,5.65,5.50,5.55,466231,2611160,0.05,95
93/08/02,5.60,5.60,5.30,5.30,556174,3013310,-0.25,110
93/08/03,5.35,5.40,5.25,5.30,565200,2981553,,113
93/08/04,5.30,5.30,5.10,5.15,581113,2997395,-0.15,109
93/08/05,5.20,5.25,5.05,5.20,448975,2318490,0.05,106
93/08/06,5.20,5.30,5.15,5.25,337008,1758290,0.05,96
93/08/09,5.15,5.25,5.15,5.25,259001,1351105,,44
93/08/10,5.20,5.45,5.20,5.35,558001,2990355,0.10,96
93/08/11,5.40,5.45,5.30,5.30,253324,1354873,-0.05,69
93/08/12,5.25,5.40,5.25,5.35,428001,2295205,0.05,67
93/08/13,5.40,5.45,5.35,5.40,237544,1282594,0.05,46
93/08/16,5.40,5.45,5.35,5.40,108000,584250,,38
93/08/17,5.35,5.50,5.35,5.40,306000,1651350,,58
93/08/18,5.40,5.40,5.05,5.15,905260,4662795,-0.25,125
93/08/19,5.20,5.40,5.20,5.40,451000,2390550,0.25,70
93/08/20,5.40,5.50,5.35,5.45,499001,2707705,0.05,72
93/08/23,5.45,5.55,5.40,5.50,426001,2336605,0.05,63
93/08/26,5.50,5.65,5.50,5.65,461999,2593213,0.15,91
93/08/27,5.60,5.70,5.55,5.65,205050,1149431,,50
93/08/30,5.60,5.60,5.50,5.50,156748,868603,-0.15,46
93/08/31,5.50,5.75,5.45,5.60,473934,2671307,0.10,105
93/09/01,5.60,5.75,5.60,5.65,544000,3078950,0.05,126
93/09/02,5.65,5.70,5.50,5.60,406526,2273855,-0.05,92
93/09/03,5.60,5.80,5.60,5.65,1428000,8141350,0.05,223
93/09/06,5.70,5.70,5.60,5.70,316050,1785831,0.05,74
93/09/07,5.70,5.85,5.65,5.80,860000,4926550,0.10,169
93/09/08,5.85,6.10,5.85,6.05,1511200,9025553,0.25,270
93/09/09,6.10,6.10,5.90,6.00,551000,3283600,-0.05,106
93/09/10,5.85,6.00,5.85,5.85,254000,1492550,-0.15,62
93/09/13,5.85,6.00,5.85,5.90,496000,2942550,0.05,92
93/09/14,5.90,6.30,5.90,6.15,3385000,21020500,0.25,427
93/09/15,6.10,6.10,5.90,6.00,1194996,7208009,-0.15,188
93/09/16,5.85,5.90,5.80,5.85,608000,3557600,-0.15,116
93/09/17,5.85,5.85,5.50,5.55,1439000,8105300,-0.30,197
93/09/20,5.55,5.80,5.50,5.75,759000,4308000,0.20,142
93/09/21,5.75,5.80,5.60,5.70,781000,4445150,-0.05,130
93/09/22,5.65,5.70,5.60,5.70,335027,1897320,,95
93/09/23,5.60,5.70,5.60,5.65,184000,1038050,-0.05,53
93/09/24,5.65,5.75,5.60,5.70,383000,2162600,0.05,67
93/09/27,5.70,5.75,5.65,5.70,245470,1397113,,41
93/09/29,5.70,5.90,5.65,5.80,732785,4238198,0.10,113
93/09/30,5.80,5.85,5.75,5.75,506001,2937455,-0.05,75
93/10/01,5.75,5.85,5.70,5.80,567011,3259112,0.05,97
93/10/04,5.80,6.00,5.80,5.85,792000,4674600,0.05,129
93/10/05,5.90,6.10,5.85,5.90,922155,5506602,0.05,145
93/10/06,5.90,6.15,5.90,5.95,1006000,6053900,0.05,168
93/10/07,6.00,6.10,5.95,6.10,822000,4953250,0.15,93
93/10/08,6.10,6.10,5.95,6.10,368002,2216262,,74
93/10/11,6.10,6.10,5.95,6.10,493501,2970884,,102
93/10/12,6.10,6.15,6.00,6.00,562000,3422200,-0.10,99
93/10/13,6.05,6.15,6.00,6.05,488063,2963994,0.05,130
93/10/14,6.05,6.05,5.80,5.85,559247,3308834,-0.20,86
93/10/15,5.85,5.90,5.80,5.90,518000,3026168,0.05,100
93/10/18,5.90,5.90,5.80,5.85,230835,1351649,-0.05,49
93/10/19,5.85,5.90,5.80,5.80,215000,1252550,-0.05,40
93/10/20,5.80,5.85,5.75,5.75,266100,1544277,-0.05,42
93/10/21,5.75,5.85,5.75,5.85,255448,1481634,0.10,82
93/10/22,5.85,5.90,5.75,5.75,345531,2012789,-0.10,68
93/10/26,5.70,5.70,5.60,5.65,301040,1693865,-0.10,60
93/10/27,5.70,5.75,5.60,5.65,190100,1075812,,39
93/10/28,5.70,5.70,5.65,5.70,271440,1541371,0.05,61
93/10/29,5.70,5.70,5.55,5.60,388014,2181978,-0.10,65
93/11/01,5.35,5.60,5.35,5.40,171001,931755,-0.20,45
93/11/02,5.40,5.50,5.35,5.50,144014,779524,0.10,43
93/11/03,5.45,5.55,5.45,5.50,250000,1372100,,55
93/11/04,5.50,5.55,5.45,5.50,281013,1546070,,79
93/11/05,5.55,5.70,5.55,5.70,140000,787700,0.20,43
93/11/08,5.70,5.85,5.70,5.75,239050,1377533,0.05,52
93/11/09,5.80,5.80,5.65,5.70,71001,403605,-0.05,18
93/11/10,5.75,5.75,5.65,5.75,118000,673250,0.05,31
93/11/11,5.75,5.80,5.70,5.75,220002,1263860,,58
93/11/12,5.75,5.85,5.70,5.85,332012,1925968,0.10,69
93/11/15,5.80,5.90,5.80,5.80,130901,760242,-0.05,31
93/11/16,5.80,5.80,5.65,5.80,265005,1515978,,41
93/11/17,5.70,5.80,5.70,5.80,266000,1540467,,50
93/11/18,5.80,5.90,5.75,5.85,361223,2116536,0.05,63
93/11/19,5.90,5.90,5.70,5.80,200000,1153550,-0.05,31
93/11/22,5.75,5.75,5.70,5.70,292846,1678630,-0.10,42
93/11/23,5.80,5.80,5.65,5.65,269736,1526671,-0.05,30
93/11/24,5.65,5.70,5.65,5.65,207000,1178550,,38
93/11/25,5.65,5.65,5.60,5.60,187626,1059267,-0.05,34
93/11/26,5.60,5.70,5.60,5.60,168000,946500,,32
93/11/29,5.60,5.70,5.60,5.65,91000,516600,0.05,25
93/11/30,5.60,5.65,5.60,5.60,157000,879250,-0.05,22
93/12/01,5.55,5.70,5.55,5.70,221327,1250020,0.10,59
93/12/02,5.80,5.80,5.65,5.65,253000,1447400,-0.05,53
93/12/03,5.70,5.70,5.60,5.60,214000,1204300,-0.05,37
93/12/06,5.60,5.70,5.60,5.60,82000,463000,,24
93/12/07,5.65,5.70,5.60,5.65,139000,786700,0.05,36
93/12/08,5.65,5.65,5.55,5.55,184000,1028650,-0.10,42
93/12/09,5.60,5.65,5.60,5.60,57000,319550,0.05,17
93/12/10,5.60,5.70,5.60,5.60,54000,304000,,23
93/12/13,5.60,5.75,5.60,5.70,197002,1120361,0.10,74
93/12/14,5.70,5.75,5.60,5.65,119000,673050,-0.05,31
93/12/15,5.70,5.75,5.65,5.70,150004,855422,0.05,41
93/12/16,5.70,5.85,5.70,5.80,382504,2204206,0.10,88
93/12/17,5.85,5.85,5.75,5.85,349000,2031550,0.05,61
93/12/20,5.80,5.80,5.70,5.75,184000,1055800,-0.10,47
93/12/21,5.75,5.85,5.75,5.75,198002,1146111,,49
93/12/22,5.80,5.90,5.80,5.85,499000,2916700,0.10,90
93/12/23,5.85,5.90,5.80,5.85,283000,1651750,,52
93/12/24,5.90,6.00,5.80,5.90,403368,2381741,0.05,72
93/12/27,5.90,6.20,5.90,6.15,1243005,7577629,0.25,247
93/12/28,6.15,6.15,6.00,6.05,554000,3367550,-0.10,100
93/12/29,6.10,6.20,6.05,6.20,714025,4388200,0.15,124
93/12/30,6.20,6.40,6.20,6.30,1158000,7302750,0.10,227
93/12/31,6.35,6.40,6.15,6.35,969794,6104869,0.05,137
94/01/03,6.35,6.75,6.30,6.75,2950000,19588500,0.40,443
94/01/04,6.55,6.70,6.40,6.45,1527104,10047503,-0.30,304
94/01/05,6.25,6.40,6.20,6.25,1079207,6794870,-0.20,186
94/01/06,6.25,6.40,6.25,6.25,694031,4385247,,145
94/01/07,6.30,6.35,6.15,6.25,1017896,6338313,,163
94/01/10,6.20,6.20,6.00,6.05,460000,2803000,-0.20,98
94/01/11,6.10,6.20,6.05,6.10,592000,3619200,0.05,95
94/01/12,6.10,6.15,5.95,6.05,764001,4617356,-0.05,119
94/01/13,6.00,6.20,6.00,6.15,645001,3946056,0.10,144
94/01/14,6.00,6.20,6.00,6.20,450001,2775106,0.05,89
94/01/17,6.30,6.50,6.25,6.30,736000,4686500,0.10,145
94/01/18,6.25,6.25,6.15,6.15,358000,2220600,-0.15,66
94/01/19,6.15,6.25,6.10,6.10,185063,1133584,-0.05,50
94/01/20,6.10,6.15,6.00,6.15,224361,1366386,0.05,67
94/01/21,6.10,6.15,6.00,6.00,253000,1533250,-0.15,46
94/01/26,5.70,5.80,5.70,5.75,299999,1716477,0.05,65
94/01/27,5.75,5.75,5.60,5.70,279052,1583565,-0.05,51
94/01/28,5.70,5.75,5.65,5.75,233001,1329573,0.05,56
94/01/31,5.80,5.80,5.65,5.80,472999,2731011,0.05,89
94/02/01,5.80,5.80,5.70,5.75,209000,1202567,-0.05,58
94/02/02,5.75,5.80,5.60,5.60,440999,2523863,-0.15,78
94/02/03,5.60,5.65,5.50,5.50,895999,4980864,-0.10,184
94/02/14,5.50,5.65,5.50,5.50,627000,3491350,,134
94/02/15,5.60,5.65,5.55,5.65,578000,3235668,0.15,83
94/02/16,5.65,5.65,5.60,5.60,388000,2177350,-0.05,59
94/02/17,5.65,5.70,5.60,5.60,434999,2458163,,67
94/02/18,5.60,5.65,5.55,5.65,231999,1302114,0.05,49
94/02/21,5.60,5.75,5.60,5.75,831000,4730800,0.10,126
94/02/22,5.75,5.75,5.60,5.65,334564,1894989,-0.10,91
94/02/23,5.60,5.60,5.55,5.60,252379,1412909,-0.05,75
94/02/24,5.60,5.70,5.55,5.60,286875,1608140,,56
94/02/25,5.60,5.65,5.55,5.60,555501,3113358,,93
94/03/01,5.60,5.69,5.60,5.60,327705,1841526,,71
94/03/02,5.60,5.63,5.60,5.60,736230,4127119,,82
94/03/03,5.61,5.64,5.55,5.61,736005,4124305,0.01,86
94/03/04,5.65,5.68,5.60,5.61,541000,3053500,,72
94/03/07,5.63,5.66,5.60,5.60,368000,2067410,-0.01,71
94/03/08,5.60,5.62,5.51,5.51,545003,3034425,-0.09,78
94/03/09,5.50,5.59,5.36,5.55,1181725,6514912,0.04,123
94/03/10,5.50,5.55,5.40,5.40,578722,3153194,-0.15,97
94/03/11,5.41,5.50,5.40,5.42,700001,3796065,0.02,97
94/03/14,5.39,5.40,5.30,5.31,610957,3279511,-0.11,98
94/03/15,5.39,5.39,5.15,5.16,585989,3056259,-0.15,103
94/03/16,5.10,5.37,5.10,5.27,794143,4172587,0.11,159
94/03/17,5.29,5.35,5.20,5.27,370000,1954750,,74
94/03/18,5.30,5.30,5.23,5.29,171998,904026,0.02,43
94/03/21,5.30,5.31,5.24,5.24,187462,987628,-0.05,52
94/03/22,5.24,5.29,5.11,5.12,525402,2703744,-0.12,87
94/03/23,5.12,5.18,5.00,5.07,729319,3676319,-0.05,122
94/03/24,5.07,5.13,5.06,5.07,283001,1438325,,47
94/03/25,5.07,5.09,5.05,5.07,307765,1559785,,65
94/03/28,5.10,5.13,5.07,5.08,179010,912440,0.01,41
94/03/29,5.10,5.10,4.88,4.91,396751,1979929,-0.17,80
94/03/30,5.00,5.00,4.80,4.85,490881,2393087,-0.06,111
94/03/31,4.86,4.94,4.85,4.85,480328,2339657,,90
94/04/01,4.85,4.85,4.80,4.82,521445,2504533,-0.03,51
94/04/04,4.82,4.84,4.71,4.71,134212,638511,-0.11,43
94/04/06,4.70,4.75,4.70,4.74,173000,816130,0.03,64
94/04/07,4.70,4.74,4.66,4.66,241000,1130030,-0.08,64
94/04/08,4.70,4.72,4.66,4.72,206000,967450,0.06,42
94/04/11,4.67,4.75,4.52,4.60,650001,3002424,-0.12,75
94/04/12,4.60,4.60,4.41,4.43,670755,3029138,-0.17,105
94/04/13,4.43,4.53,4.42,4.53,334001,1505034,0.10,75
94/04/14,4.42,4.55,4.41,4.45,289000,1298970,-0.08,42
94/04/15,4.40,4.45,4.36,4.37,300000,1315500,-0.08,57
94/04/18,4.29,4.41,4.20,4.25,232001,991864,-0.12,47
94/04/19,4.30,4.35,4.21,4.35,151004,645356,0.10,44
94/04/20,4.35,4.39,4.23,4.32,247000,1065720,-0.03,49
94/04/21,4.30,4.39,4.21,4.39,199000,861100,0.07,29
94/04/22,4.41,4.48,4.36,4.40,123000,541750,0.01,33
94/04/25,4.26,4.44,4.26,4.37,197000,857600,-0.03,26
94/04/26,4.45,4.55,4.40,4.42,159000,711780,0.05,30
94/04/27,4.42,4.42,4.35,4.40,164495,720733,-0.02,28
94/04/28,4.45,4.45,4.38,4.45,71000,312780,0.05,19
94/04/29,4.45,4.45,4.31,4.40,112003,490242,-0.05,24
94/05/03,4.40,4.40,4.26,4.29,131000,564940,-0.11,29
94/05/04,4.35,4.35,4.20,4.29,150010,637412,,26
94/05/05,4.25,4.29,4.15,4.25,456011,1933166,-0.04,69
94/05/06,4.20,4.29,4.17,4.20,273051,1155414,-0.05,47
94/05/09,4.15,4.26,4.11,4.20,164011,686405,,33
94/05/10,4.18,4.25,4.18,4.18,99010,418101,-0.02,21
94/05/11,4.23,4.23,4.15,4.20,218105,913561,0.02,63
94/05/12,4.20,4.20,4.01,4.05,593372,2423857,-0.15,104
94/05/13,4.10,4.13,4.07,4.10,186702,764258,0.05,194
94/05/16,4.08,4.08,4.06,4.06,74861,305081,-0.04,30
94/05/17,4.13,4.13,4.01,4.03,247816,1002244,-0.03,217
94/05/18,4.06,4.11,4.05,4.05,119016,483154,0.02,33
94/05/19,4.06,4.15,4.05,4.09,225621,925855,0.04,44
94/05/20,4.08,4.18,4.08,4.13,229056,948087,0.04,43
94/05/23,4.10,4.15,4.04,4.04,107000,435200,-0.09,33
94/05/24,4.15,4.15,4.06,4.14,106035,436300,0.10,32
94/05/25,4.14,4.14,4.08,4.08,95006,390844,-0.06,30
94/05/26,4.14,4.14,4.10,4.10,44010,180970,0.02,18
94/05/27,4.19,4.19,4.07,4.07,80232,327391,-0.03,31
94/05/30,4.09,4.14,4.09,4.09,155810,638921,0.02,30
94/05/31,4.07,4.08,4.06,4.06,105002,427728,-0.03,23
94/06/01,4.06,4.11,4.05,4.09,177009,721756,0.03,30
94/06/02,4.09,4.28,4.09,4.21,272015,1144010,0.12,62
94/06/03,4.26,4.49,4.26,4.49,808000,3572870,0.28,109
94/06/06,4.55,4.80,4.50,4.80,1402001,6638674,0.31,185
94/06/07,5.08,5.08,4.72,4.72,1087994,5295435,-0.08,189
94/06/08,4.78,4.82,4.66,4.67,279663,1318144,-0.05,64
94/06/09,4.70,4.99,4.70,4.82,1618009,7906729,0.15,226
94/06/10,4.82,4.88,4.75,4.75,288019,1376327,-0.07,58
94/06/13,4.76,4.83,4.73,4.77,404004,1921478,0.02,50
94/06/14,4.77,4.77,4.60,4.61,275800,1288890,-0.16,64
94/06/15,4.63,4.74,4.63,4.73,144000,678150,0.12,31
94/06/16,4.84,4.84,4.71,4.76,190000,901770,0.03,44
94/06/17,4.74,4.80,4.70,4.70,196810,930760,-0.06,58
94/06/20,4.70,4.74,4.64,4.67,90001,421844,-0.03,17
94/06/21,4.75,4.76,4.61,4.75,243124,1139821,0.08,54
94/06/22,4.75,4.80,4.72,4.79,172000,821980,0.04,54
94/06/23,4.81,4.85,4.77,4.79,216000,1039400,,43
94/06/24,4.75,4.80,4.67,4.75,266401,1260628,-0.04,51
94/06/27,4.69,4.79,4.69,4.72,124782,590589,-0.03,68
94/06/28,4.80,4.80,4.70,4.75,138671,654590,0.03,36
94/06/29,4.79,4.80,4.70,4.70,283000,1349160,-0.05,36
94/06/30,4.79,4.79,4.68,4.72,111001,525414,0.02,29
94/07/01,4.70,4.76,4.69,4.69,119000,559730,-0.03,28
94/07/04,4.70,4.75,4.68,4.73,105527,496925,0.04,27
94/07/05,4.70,4.72,4.62,4.65,253000,1186850,-0.08,30
94/07/06,4.60,4.72,4.60,4.70,181995,845048,0.05,55
94/07/07,4.61,4.68,4.61,4.63,83055,385118,-0.07,38
94/07/08,4.63,4.66,4.53,4.58,146998,675769,-0.05,43
94/07/11,4.68,4.68,4.58,4.59,196981,910021,0.01,28
94/07/12,4.58,4.63,4.57,4.60,221645,1023115,0.01,34
94/07/13,4.59,4.68,4.59,4.60,666215,3082719,,65
94/07/14,4.69,4.69,4.60,4.60,143401,663511,,27
94/07/15,4.67,4.67,4.59,4.62,291840,1349287,0.02,57
94/07/19,4.65,4.65,4.60,4.60,424000,1961180,-0.02,61
94/07/20,4.64,4.68,4.57,4.58,271757,1249615,-0.02,72
94/07/21,4.50,4.60,4.50,4.54,275268,1245634,-0.04,67
94/07/22,4.59,4.64,4.52,4.61,139031,636178,0.07,31
94/07/25,4.57,4.66,4.57,4.62,181118,835109,0.01,35
94/07/26,4.65,4.65,4.55,4.59,192002,882289,-0.03,49
94/07/27,4.55,4.58,4.51,4.56,217846,987574,-0.03,47
94/07/28,4.51,4.64,4.51,4.60,167000,763970,0.04,24
94/07/29,4.56,4.57,4.50,4.51,322000,1463650,-0.09,50
94/08/01,4.49,4.50,4.41,4.50,204705,909675,-0.01,35
94/08/02,4.46,4.46,4.41,4.41,243009,1077066,-0.09,37
94/08/03,4.52,4.53,4.41,4.50,319380,1434512,0.09,38
94/08/04,4.50,4.50,4.44,4.47,27005,120722,-0.03,8
94/08/08,4.42,4.46,4.27,4.27,165916,718505,-0.20,28
94/08/09,4.32,4.45,4.32,4.40,83000,365140,0.13,33
94/08/10,4.47,4.49,4.40,4.46,61000,270160,0.06,14
94/08/11,4.38,4.47,4.38,4.47,35000,154570,0.01,23
94/08/12,4.41,4.48,4.41,4.48,64004,284946,0.01,30
94/08/15,4.40,4.47,4.40,4.47,24100,106405,-0.01,13
94/08/16,4.43,4.43,4.38,4.43,44000,193440,-0.04,13
94/08/17,4.40,4.41,4.32,4.40,73001,318334,-0.03,20
94/08/18,4.31,4.43,4.31,4.43,113000,493480,0.03,41
94/08/19,4.43,4.43,4.33,4.33,34011,149024,-0.10,22
94/08/22,4.27,4.35,4.27,4.35,118000,504620,0.02,18
94/08/23,4.35,4.35,4.27,4.28,74000,317580,-0.07,14
94/08/24,4.30,4.30,4.15,4.20,140000,591500,-0.08,23
94/08/25,4.17,4.21,4.14,4.14,118997,498522,-0.06,38
94/08/26,4.01,4.15,4.01,4.15,257544,1053729,0.01,36
94/08/29,4.10,4.15,4.06,4.15,93000,381070,,22
94/08/30,4.15,4.18,4.10,4.12,58999,243275,-0.03,17
94/08/31,4.10,4.18,4.07,4.07,68050,279674,-0.05,21
94/09/02,4.18,4.24,4.10,4.19,55627,232763,0.12,20
94/09/05,4.10,4.20,4.10,4.20,31051,128172,0.01,12
94/09/06,4.19,4.31,4.19,4.30,54884,232053,0.10,22
94/09/07,4.32,4.43,4.21,4.26,56050,241562,-0.04,30
94/09/08,4.16,4.19,4.15,4.16,64052,266799,-0.10,26
94/09/09,4.06,4.27,4.02,4.27,286050,1176896,0.11,54
94/09/12,4.24,4.24,4.10,4.19,862071,3563640,-0.08,47
94/09/13,4.19,4.19,4.05,4.16,119050,488898,-0.03,16
94/09/14,4.08,4.11,4.08,4.10,202054,828032,-0.06,55
94/09/15,4.10,4.10,4.07,4.10,162050,662453,,23
94/09/16,4.15,4.15,4.05,4.08,120050,491903,-0.02,28
94/09/19,4.08,4.12,4.07,4.11,109060,444802,0.03,26
94/09/20,3.91,4.13,3.91,4.13,136050,550934,0.02,43
94/09/21,4.03,4.06,4.00,4.03,162054,651281,-0.10,39
94/09/22,3.98,4.04,3.96,4.01,280791,1120124,-0.02,50
94/09/23,3.81,4.02,3.81,4.01,73060,289248,,22
94/09/26,4.01,4.05,3.92,4.03,61050,243669,0.02,19
94/09/27,3.98,4.04,3.98,4.04,134050,537140,0.01,20
94/09/28,4.00,4.07,3.98,3.98,176062,705378,-0.06,40
94/09/29,3.96,4.05,3.96,4.05,130053,520757,0.07,27
94/09/30,4.04,4.11,4.04,4.07,160052,650349,0.02,26
94/10/03,4.10,4.13,4.08,4.11,101050,414332,0.04,18
94/10/04,4.08,4.11,4.02,4.10,177050,717254,-0.01,28
94/10/05,4.05,4.07,3.98,4.05,348827,1400044,-0.05,38
94/10/06,4.00,4.04,3.95,4.00,373050,1491021,-0.05,40
94/10/07,3.99,4.03,3.98,4.03,142050,568819,0.03,24
94/10/11,3.98,4.07,3.98,4.05,138379,556366,0.02,26
94/10/12,4.00,4.04,4.00,4.03,170052,681689,-0.02,33
94/10/13,4.03,4.04,3.96,4.04,191050,764820,0.01,27
94/10/14,4.04,4.05,3.98,4.03,119666,479869,-0.01,33
94/10/17,4.00,4.03,3.98,4.02,189348,758702,-0.01,43
94/10/18,3.96,4.04,3.95,4.04,307208,1225219,0.02,36
94/10/19,3.93,4.01,3.90,4.00,561050,2205940,-0.04,38
94/10/20,3.96,4.04,3.92,4.00,600052,2372625,,85
94/10/21,4.00,4.01,3.95,4.01,121051,483731,0.01,33
94/10/24,3.95,4.02,3.95,4.00,214327,849739,-0.01,44
94/10/25,4.03,4.05,3.98,4.05,556050,2238829,0.05,57
94/10/26,4.04,4.06,3.98,4.03,167065,671841,-0.02,46
94/10/27,4.00,4.05,4.00,4.05,228060,919710,0.02,50
94/10/28,4.04,4.04,3.90,4.03,438510,1742800,-0.02,43
94/10/31,4.03,4.03,3.96,4.02,258052,1037428,-0.01,39
94/11/01,4.04,4.04,4.00,4.02,159050,637928,,26
94/11/02,4.00,4.02,3.93,4.02,532050,2114897,,32
94/11/03,4.00,4.00,3.96,4.00,92052,366625,-0.02,30
94/11/04,4.00,4.00,3.96,4.00,157995,630118,,50
94/11/07,3.97,3.98,3.90,3.98,174050,686019,-0.02,37
94/11/08,3.97,3.97,3.86,3.97,138040,542157,-0.01,33
94/11/09,3.91,3.96,3.82,3.93,189050,734227,-0.04,24
94/11/10,3.87,3.92,3.82,3.90,230050,893205,-0.03,60
94/11/11,3.91,3.99,3.90,3.98,165274,650862,0.08,38
94/11/14,4.00,4.00,3.94,3.99,116050,461458,0.01,37
94/11/15,4.00,4.01,3.95,3.97,60090,239064,-0.02,27
94/11/16,3.95,3.96,3.92,3.93,309050,1215717,-0.04,31
94/11/17,3.92,3.96,3.90,3.90,181273,712266,-0.03,29
94/11/18,3.90,4.04,3.90,3.92,358050,1419474,0.02,52
94/11/21,3.92,3.98,3.92,3.92,118050,463845,,20
94/11/22,3.92,3.95,3.92,3.92,117050,459135,,22
94/11/23,3.96,3.96,3.91,3.94,54257,213054,0.02,55
94/11/24,3.92,3.95,3.92,3.92,81050,318086,-0.02,14
94/11/25,3.90,3.94,3.90,3.91,73857,289351,-0.01,28
94/11/28,3.91,3.98,3.91,3.98,100962,398275,0.07,40
94/11/29,3.94,3.98,3.94,3.97,59330,234486,-0.01,17
94/11/30,3.98,4.00,3.95,3.99,314313,1248066,0.02,46
94/12/01,3.96,3.97,3.93,3.93,182429,721372,-0.06,21
94/12/02,3.94,3.97,3.93,3.97,107999,427276,0.04,19
94/12/05,3.98,4.00,3.92,3.94,299846,1183539,-0.03,61
94/12/06,3.95,4.07,3.95,4.03,267999,1074925,0.09,67
94/12/07,4.01,4.04,3.93,4.02,431202,1719088,-0.01,49
94/12/08,3.95,4.05,3.95,4.02,80293,322946,,43
94/12/09,4.00,4.02,3.97,4.01,206000,824170,-0.01,25
94/12/12,4.00,4.05,3.96,4.01,60401,241384,,27
94/12/13,4.00,4.00,3.97,3.97,131830,525941,-0.04,25
94/12/14,4.00,4.00,3.96,3.96,131001,520553,-0.01,30
94/12/15,3.93,3.98,3.93,3.95,127001,502443,-0.01,26
94/12/16,4.00,4.04,4.00,4.03,480000,1930440,0.08,76
94/12/19,4.05,4.31,4.05,4.31,2389000,10062510,0.28,297
94/12/20,4.32,4.48,4.27,4.37,1293056,5660158,0.06,173
94/12/21,4.37,4.39,4.29,4.37,391126,1691175,,78
94/12/22,4.37,4.37,4.28,4.29,267005,1151188,-0.08,55
94/12/23,4.30,4.30,4.24,4.27,263505,1125380,-0.02,55
94/12/26,4.27,4.29,4.25,4.29,322938,1379599,0.02,81
94/12/27,4.30,4.34,4.26,4.28,149762,642562,-0.01,50
94/12/28,4.28,4.29,4.23,4.23,182031,774514,-0.05,41
94/12/29,4.25,4.33,4.21,4.30,289111,1235784,0.07,72
94/12/30,4.30,4.34,4.25,4.25,264045,1130495,-0.05,64
95/01/02,4.22,4.22,4.16,4.16,282946,1186426,-0.09,54
95/01/03,4.18,4.23,4.15,4.18,281091,1175411,0.02,60
95/01/04,4.22,4.28,4.15,4.15,374047,1572130,-0.03,63
95/01/05,4.17,4.23,4.12,4.17,690580,2880119,0.02,104
95/01/06,4.19,4.25,4.17,4.23,259201,1086656,0.06,68
95/01/09,4.25,4.38,4.22,4.29,506130,2161718,0.06,81
95/01/10,4.33,4.38,4.22,4.29,463802,1984026,,82
95/01/11,4.26,4.29,4.23,4.27,356630,1513830,-0.02,66
95/01/12,4.26,4.30,4.22,4.23,523211,2230646,-0.04,99
95/01/13,4.25,4.27,4.18,4.18,194657,821943,-0.05,52
95/01/16,4.21,4.21,4.16,4.16,243638,1018441,-0.02,40
95/01/17,4.12,4.18,4.12,4.13,248150,1032075,-0.03,46
95/01/18,4.12,4.16,4.07,4.08,453542,1855939,-0.05,78
95/01/19,4.08,4.09,4.02,4.05,276469,1125669,-0.03,49
95/01/20,4.08,4.08,4.00,4.03,160100,645204,-0.02,46
95/01/23,3.90,4.05,3.90,3.98,141496,559163,-0.05,28
95/01/24,4.00,4.00,3.94,3.96,75550,299734,-0.02,15
95/01/25,4.00,4.01,3.91,3.92,342565,1347599,-0.04,53
95/02/03,3.95,3.98,3.90,3.92,491423,1929477,,69
95/02/06,3.98,4.07,3.95,4.06,304999,1218116,0.14,65
95/02/07,4.06,4.12,4.02,4.03,98995,402486,-0.03,34
95/02/08,4.06,4.13,4.00,4.05,107493,434562,0.02,32
95/02/09,4.05,4.08,4.03,4.07,88470,357920,0.02,28
95/02/10,4.03,4.03,3.97,3.99,97166,387317,-0.08,27
95/02/13,3.98,4.00,3.93,3.94,57448,227295,-0.05,37
95/02/14,3.92,3.97,3.90,3.96,345218,1357906,0.02,65
95/02/15,3.94,3.97,3.91,3.92,165810,650835,-0.04,37
95/02/16,3.95,3.97,3.91,3.92,282646,1110445,,43
95/02/17,3.93,4.00,3.93,3.97,182544,723797,0.05,41
95/02/20,3.97,3.97,3.91,3.91,242747,952029,-0.06,34
95/02/21,3.91,3.92,3.90,3.90,156845,613059,-0.01,27
95/02/22,3.90,3.96,3.81,3.82,281169,1084719,-0.08,73
95/02/23,3.82,3.88,3.79,3.87,239463,917198,0.05,48
95/02/24,3.87,3.87,3.81,3.81,257536,986644,-0.06,32
95/02/27,3.81,3.84,3.77,3.81,340820,1295431,,43
95/03/01,3.75,3.80,3.72,3.78,583300,2185574,-0.03,70
95/03/02,3.73,3.79,3.70,3.71,341999,1278354,-0.07,78
95/03/03,3.71,3.74,3.68,3.71,500744,1858413,,71
95/03/06,3.66,3.70,3.66,3.68,284343,1044114,-0.03,37
95/03/07,3.66,3.72,3.65,3.67,372665,1373560,-0.01,65
95/03/08,3.76,3.76,3.65,3.69,249500,914900,0.02,43
95/03/09,3.69,3.75,3.69,3.74,223959,835896,0.05,46
95/03/10,3.76,3.79,3.70,3.72,300720,1131116,-0.02,34
95/03/13,3.70,3.74,3.66,3.66,250846,922912,-0.06,42
95/03/14,3.65,3.69,3.54,3.54,213615,772792,-0.12,36
95/03/15,3.58,3.62,3.54,3.54,250275,899465,,49
95/03/16,3.60,3.60,3.55,3.56,216500,776505,0.02,36
95/03/17,3.56,3.59,3.55,3.56,184002,655276,,28
95/03/20,3.60,3.60,3.51,3.57,88599,313406,0.01,28
95/03/21,3.53,3.58,3.51,3.56,290110,1026942,-0.01,33
95/03/22,3.52,3.56,3.50,3.52,391836,1377279,-0.04,53
95/03/23,3.52,3.52,3.45,3.48,130255,453736,-0.04,28
95/03/24,3.45,3.49,3.45,3.47,194435,674888,-0.01,39
95/03/27,3.48,3.48,3.40,3.43,559234,1921598,-0.04,68
95/03/28,3.43,3.47,3.42,3.43,227140,781156,,34
95/03/29,3.43,3.44,3.41,3.44,154492,529267,0.01,30
95/03/30,3.47,3.50,3.43,3.49,256610,889971,0.05,51
95/03/31,3.50,3.50,3.44,3.46,140595,486639,-0.03,35
95/04/03,3.50,3.52,3.45,3.50,159364,553784,0.04,52
95/04/04,3.49,3.54,3.48,3.52,368126,1287525,0.02,42
95/04/06,3.55,3.68,3.54,3.60,339042,1225142,0.08,67
95/04/07,3.63,3.69,3.60,3.65,305117,1111524,0.05,73
95/04/10,3.62,3.69,3.57,3.60,323958,1177658,-0.05,64
95/04/11,3.65,3.68,3.57,3.63,492163,1779516,0.03,66
95/04/12,3.60,3.83,3.60,3.81,1416727,5343788,0.18,159
95/04/13,3.81,3.94,3.81,3.90,1143119,4447932,0.09,171
95/04/14,3.93,3.99,3.82,3.99,1241328,4876175,0.09,145
95/04/17,4.00,4.03,3.88,3.99,670641,2678240,,88
95/04/18,4.04,4.05,3.90,4.00,1008558,4039320,0.01,114
95/04/19,4.05,4.05,4.00,4.00,280970,1128916,,95
95/04/20,4.00,4.09,3.90,3.98,485399,1943666,-0.02,89
95/04/21,3.98,4.04,3.98,4.00,848691,3412617,0.02,138
95/04/24,4.00,4.18,4.00,4.14,1122998,4623788,0.14,144
95/04/25,4.15,4.27,4.10,4.22,839211,3521240,0.08,135
95/04/26,4.22,4.24,4.13,4.22,891065,3720649,,108
95/04/27,4.25,4.28,4.20,4.25,1410772,5978315,0.03,157
95/04/28,4.30,4.37,4.19,4.27,933504,4003220,0.02,126
95/05/02,4.35,4.56,4.30,4.56,2336728,10531849,0.29,263
95/05/03,4.79,4.81,4.60,4.75,2136520,10031459,0.19,294
95/05/04,4.85,4.85,4.62,4.80,1209883,5761073,0.05,159
95/05/05,4.80,5.08,4.80,4.83,1953569,9734440,0.03,262
95/05/08,4.95,5.16,4.90,5.16,2440227,12430952,0.33,269
95/05/09,5.37,5.52,5.27,5.52,5476310,29895800,0.36,589
95/05/10,5.68,5.90,5.59,5.70,6528902,37899356,0.18,720
95/05/11,5.69,5.69,5.31,5.39,2282224,12265021,-0.31,296
95/05/12,5.29,5.57,5.29,5.51,2039966,11128659,0.12,269
95/05/15,5.45,5.89,5.45,5.89,4725455,27459864,0.38,498
95/05/16,6.04,6.05,5.48,5.48,3778375,21938842,-0.41,442
95/05/17,5.25,5.48,5.10,5.17,2878668,14915128,-0.31,290
95/05/18,4.90,5.24,4.83,5.08,1022001,5126215,-0.09,152
95/05/19,5.00,5.14,4.95,4.97,772599,3875124,-0.11,105
95/05/22,4.96,4.97,4.70,4.70,1463474,7073193,-0.27,161
95/05/23,4.70,4.86,4.52,4.52,636300,3001058,-0.18,103
95/05/24,4.68,4.75,4.61,4.74,499127,2346526,0.22,97
95/05/25,4.79,4.96,4.77,4.94,769208,3761197,0.20,147
95/05/26,5.00,5.07,4.84,4.84,838202,4162817,-0.10,135
95/05/29,4.84,4.86,4.70,4.73,609523,2909386,-0.11,127
95/05/30,4.75,4.90,4.60,4.60,416315,1955302,-0.13,99
95/06/01,4.61,4.75,4.56,4.62,364360,1706657,0.02,60
95/06/02,4.69,4.69,4.53,4.62,218008,1000970,,62
95/06/05,4.64,4.68,4.43,4.50,503508,2309228,-0.12,59
95/06/06,4.40,4.58,4.40,4.52,535741,2427959,0.02,52
95/06/07,4.53,4.62,4.45,4.61,180001,815264,0.09,39
95/06/08,4.49,4.49,4.29,4.29,454000,1978810,-0.32,61
95/06/09,4.30,4.49,4.20,4.48,216541,936209,0.19,63
95/06/12,4.48,4.48,4.20,4.47,346000,1494890,-0.01,67
95/06/13,4.40,4.40,4.28,4.31,155000,674260,-0.16,39
95/06/14,4.40,4.45,4.32,4.40,455221,2007132,0.09,69
95/06/15,4.45,4.45,4.35,4.36,190400,834999,-0.04,45
95/06/16,4.40,4.64,4.40,4.50,436786,1971097,0.14,98
95/06/19,4.53,4.59,4.45,4.50,489150,2208355,,51
95/06/20,4.50,4.52,4.32,4.33,281522,1240310,-0.17,58
95/06/21,4.35,4.39,4.30,4.34,274625,1185480,0.01,66
95/06/22,4.34,4.46,4.34,4.45,278545,1228993,0.11,59
95/06/23,4.38,4.40,4.28,4.39,315774,1372068,-0.06,47
95/06/26,4.40,4.52,4.40,4.40,470400,2092864,0.01,64
95/06/27,4.40,4.58,4.40,4.48,220349,986158,0.08,45
95/06/28,4.42,4.50,4.42,4.50,95004,422346,0.02,24
95/06/29,4.52,4.68,4.50,4.59,598245,2739223,0.09,86
95/06/30,4.75,4.91,4.68,4.91,2254350,10913852,0.32,319
95/07/03,5.09,5.24,5.09,5.20,3019895,15604975,0.29,568
95/07/04,5.26,5.29,5.08,5.08,1320315,6824269,-0.12,248
95/07/05,5.08,5.43,4.98,5.43,2489208,12943413,0.35,384
95/07/06,5.57,5.58,5.39,5.50,2917722,16080811,0.07,519
95/07/07,5.78,5.80,5.30,5.45,2006887,11091306,-0.05,328
95/07/10,5.25,5.74,5.25,5.72,1670508,9131762,0.27,257
95/07/11,5.73,5.75,5.54,5.68,1692500,9532549,-0.04,278
95/07/12,5.55,5.67,5.51,5.51,1091980,6098910,-0.17,168
95/07/13,5.45,5.79,5.40,5.78,1675000,9369020,0.27,274
95/07/14,5.75,5.78,5.55,5.65,2373462,13393797,-0.13,352
95/07/17,5.65,5.65,5.26,5.31,2542326,13695434,-0.34,313
95/07/18,5.36,5.53,5.35,5.53,1930112,10507180,0.22,339
95/07/19,5.63,5.71,5.60,5.60,3142984,17789199,0.07,483
95/07/20,5.70,5.71,5.51,5.53,1844174,10301081,-0.07,300
95/07/21,5.53,5.59,5.47,5.54,1558617,8597152,0.01,183
95/07/24,5.50,5.51,5.40,5.40,1303926,7074262,-0.14,160
95/07/25,5.55,5.55,5.43,5.46,942613,5196150,0.06,157
95/07/26,5.46,5.51,5.41,5.42,466695,2550161,-0.04,103
95/07/27,5.41,5.46,5.40,5.42,443148,2400033,,99
95/07/28,5.50,5.50,5.40,5.44,641183,3486704,0.02,137
95/07/31,5.42,5.49,5.41,5.41,613342,3339350,-0.03,107
95/08/01,5.46,5.55,5.46,5.46,1064470,5862190,0.05,284
95/08/02,5.42,5.52,5.42,5.45,467525,2557672,-0.01,101
95/08/03,5.45,5.55,5.45,5.55,424907,2329457,0.10,91
95/08/04,5.58,5.60,5.47,5.47,329300,1816306,-0.08,65
95/08/07,5.47,5.68,5.47,5.68,783380,4353949,0.21,126
95/08/08,5.71,5.84,5.68,5.68,1474753,8463729,,250
95/08/09,5.73,5.73,5.51,5.55,620587,3488458,-0.13,102
95/08/10,5.58,5.60,5.50,5.60,561098,3112861,0.05,114
95/08/11,5.63,5.63,5.50,5.54,674686,3742171,-0.06,116
95/08/14,5.53,5.58,5.49,5.52,332571,1837881,-0.02,72
95/08/15,5.58,5.60,5.42,5.57,379239,2101498,0.05,84
95/08/16,5.59,5.75,5.50,5.73,1255173,7079586,0.16,211
95/08/17,5.80,5.85,5.74,5.78,1154175,6689258,0.05,199
95/08/18,5.82,5.96,5.80,5.88,2346996,13815394,0.10,396
95/08/21,5.90,5.90,5.70,5.80,1310036,7588086,-0.08,239
95/08/22,5.80,5.99,5.80,5.92,2842101,16793192,0.12,449
95/08/23,5.89,5.89,5.75,5.77,1045436,6055033,-0.15,274
95/08/24,5.76,5.76,5.53,5.55,1542577,8687063,-0.22,289
95/08/25,5.63,5.67,5.55,5.58,834570,4695691,0.03,190
95/08/28,5.60,5.62,5.40,5.59,1246006,6829372,0.01,173
95/08/29,5.68,5.79,5.60,5.79,1252727,7140521,0.20,209
95/08/30,5.97,5.97,5.86,5.94,1437538,8498338,0.15,247
95/08/31,6.00,6.05,5.88,5.94,1651500,9855545,,297
95/09/01,5.96,5.97,5.85,5.90,717343,4237324,-0.04,153
95/09/04,5.91,5.98,5.88,5.90,675313,3990519,,132
95/09/05,5.89,5.93,5.49,5.89,1130501,6492715,-0.01,208
95/09/06,5.85,5.85,5.71,5.78,461768,2658024,-0.11,106
95/09/07,5.75,5.89,5.75,5.86,960135,5577915,0.08,151
95/09/08,5.83,5.86,5.78,5.80,635202,3691129,-0.06,109
95/09/11,5.75,5.89,5.75,5.85,708693,4111266,0.05,180
95/09/12,5.85,5.85,5.77,5.82,388004,2256202,-0.03,77
95/09/13,5.82,5.85,5.72,5.78,308100,1784751,-0.04,78
95/09/14,5.78,5.78,5.52,5.65,579315,3269075,-0.13,132
95/09/15,5.42,5.65,5.42,5.65,194246,1083443,,49
95/09/18,5.65,5.79,5.65,5.77,365687,2100977,0.12,78
95/09/19,5.85,6.17,5.85,6.17,2895478,17678578,0.40,524
95/09/20,6.18,6.50,6.17,6.22,2856335,17996643,0.05,506
95/09/21,6.30,6.32,6.18,6.20,1322047,8235425,-0.02,245
95/09/22,6.17,6.21,6.12,6.12,559001,3436536,-0.08,111
95/09/25,6.13,6.24,6.02,6.04,1357113,8267099,-0.08,262
95/09/26,6.10,6.10,5.92,5.92,865498,5207898,-0.12,155
95/09/27,5.99,6.08,5.98,6.01,1087476,6555270,0.09,193
95/09/28,6.02,6.02,5.90,5.90,618849,3680954,-0.11,134
95/09/29,5.95,5.95,5.85,5.87,461101,2716926,-0.03,87
95/10/02,5.87,6.20,5.87,6.10,1362434,8300268,0.23,272
95/10/03,6.08,6.12,5.68,5.68,939084,5544646,-0.42,161
95/10/04,5.79,5.88,5.75,5.77,1121245,6524121,0.09,207
95/10/05,6.10,6.10,5.96,5.99,1225231,7394059,0.22,216
95/10/11,5.99,6.17,5.99,6.13,1226682,7482573,0.14,221
95/10/12,6.19,6.19,6.01,6.04,567175,3451124,-0.09,121
95/10/13,6.15,6.18,6.06,6.07,700092,4288692,0.03,146
95/10/14,6.08,6.16,6.03,6.13,1114291,6790064,0.06,185
95/10/16,6.15,6.16,6.09,6.10,1202605,7350957,-0.03,166
95/10/17,6.10,6.10,5.95,5.96,827159,4969554,-0.14,138
95/10/18,5.90,6.08,5.85,5.86,517122,3046766,-0.10,106
95/10/19,5.86,5.96,5.86,5.86,649885,3825938,,107
95/10/20,5.86,5.93,5.86,5.87,582800,3428363,0.01,89
95/10/23,5.88,5.90,5.81,5.88,375918,2194820,0.01,89
95/10/24,5.90,6.14,5.90,6.04,1409119,8555232,0.16,289
95/10/25,6.15,6.37,6.14,6.32,2285525,14306149,0.28,434
95/10/26,6.40,6.40,6.23,6.32,1408531,8904811,,227
95/10/27,6.39,6.64,6.34,6.37,3970075,25674429,0.05,617
95/10/30,6.37,6.48,6.20,6.39,1449790,9149105,0.02,256
95/10/31,6.50,6.54,6.42,6.47,1322229,8557795,0.08,221
95/11/01,6.53,6.65,6.44,6.55,2145544,14009295,0.08,299
95/11/02,6.50,6.65,6.46,6.58,1459184,9598734,0.03,248
95/11/03,6.58,6.76,6.57,6.61,1555050,10366906,0.03,292
95/11/06,6.55,6.65,6.42,6.53,1492772,9771852,-0.08,187
95/11/07,6.70,6.98,6.70,6.98,4896363,34027442,0.45,414
95/11/08,7.10,7.17,6.82,7.00,2617622,18233364,0.02,441
95/11/09,7.05,7.39,6.85,7.00,3018471,21687840,,439
95/11/10,7.48,7.48,7.28,7.38,4543206,33573188,0.38,571
95/11/13,7.42,7.66,7.23,7.50,3946703,29433999,0.12,515
95/11/14,7.59,7.62,7.24,7.26,4002766,29943915,-0.24,565
95/11/15,7.26,7.29,6.98,7.00,3068925,21715177,-0.26,500
95/11/16,7.00,7.03,6.85,7.03,2052515,14252236,0.03,340
95/11/17,7.14,7.14,6.96,6.98,1117606,7857512,-0.05,220
95/11/20,7.01,7.07,6.91,6.91,995156,6939791,-0.07,217
95/11/21,6.92,6.94,6.82,6.86,1130474,7781510,-0.05,212
95/11/22,6.90,7.25,6.90,7.25,3343876,23768017,0.39,499
95/11/23,7.45,7.45,7.26,7.37,2533088,18632978,0.12,383
95/11/24,7.45,7.50,7.30,7.47,2224645,16433692,0.10,348
95/11/27,7.50,7.50,7.35,7.50,1481463,11015371,0.03,236
95/11/28,7.47,7.58,7.37,7.58,2079160,15590031,0.08,259
95/11/29,7.57,7.69,7.50,7.60,2896565,22020917,0.02,422
95/11/30,7.60,7.88,7.60,7.88,3704795,28661642,0.28,483
95/12/01,7.98,8.43,7.98,8.10,11466588,94969540,0.22,1435
95/12/04,8.25,8.25,8.00,8.20,6318236,51364020,0.10,923
95/12/05,8.20,8.25,7.63,7.63,3931999,31183600,-0.57,641
95/12/06,7.50,8.00,7.50,8.00,2800131,21530179,0.37,431
95/12/07,8.24,8.55,8.21,8.25,7407717,61926686,0.25,1357
95/12/08,8.33,8.35,8.09,8.20,3594978,29457466,-0.05,640
95/12/11,8.25,8.33,8.10,8.16,2972369,24383748,-0.04,484
95/12/12,8.22,8.24,7.90,7.93,3193115,25735963,-0.23,491
95/12/13,7.95,8.00,7.38,7.45,2724236,20505809,-0.48,478
95/12/14,7.50,7.58,7.36,7.49,1117441,8374664,0.04,250
95/12/15,7.78,7.78,7.60,7.76,1158241,8930194,0.27,254
95/12/18,7.89,8.08,7.85,8.02,1746701,13938210,0.26,317
95/12/19,8.14,8.16,7.81,7.88,1644970,13175193,-0.14,317
95/12/20,7.98,8.15,7.88,8.04,2048966,16535773,0.16,390
95/12/21,8.10,8.12,7.71,7.84,1407289,11118154,-0.20,284
95/12/22,7.60,7.89,7.60,7.76,989332,7665701,-0.08,161
95/12/25,7.80,8.02,7.80,7.90,1764814,13996740,0.14,321
95/12/26,8.02,8.15,8.02,8.05,2227845,17989890,0.15,413
95/12/27,8.15,8.25,7.95,7.95,2456411,19984847,-0.10,485
95/12/28,8.05,8.10,7.86,7.90,1552228,12308617,-0.05,259
95/12/29,7.95,8.09,7.93,8.09,2096275,16817910,0.19,322
96/01/02,8.42,8.55,8.31,8.47,8164579,68690130,0.38,1158
96/01/03,8.50,8.55,8.20,8.36,2916020,24385992,-0.11,436
96/01/04,8.30,8.45,8.21,8.24,2622527,21847649,-0.12,302
96/01/05,8.25,8.25,8.00,8.09,2534426,20536521,-0.15,293
96/01/08,8.01,8.10,8.00,8.01,698999,5614180,-0.08,135
96/01/09,8.01,8.13,8.01,8.12,1359454,10988481,0.11,213
96/01/10,8.12,8.22,8.02,8.02,891248,7218219,-0.10,187
96/01/11,8.10,8.10,7.52,7.63,1983796,15518837,-0.39,298
96/01/12,7.63,7.95,7.63,7.77,1229143,9605731,0.14,203
96/01/15,7.78,7.90,7.71,7.73,779623,6066401,-0.04,119
96/01/16,7.74,7.89,7.74,7.88,597812,4682900,0.15,124
96/01/17,7.78,8.02,7.65,7.85,1908081,14920428,-0.03,256
96/01/18,7.87,7.90,7.78,7.84,715295,5607428,-0.01,145
96/01/19,7.90,7.90,7.78,7.80,672345,5249223,-0.04,117
96/01/22,7.80,7.80,7.70,7.70,1098117,8492488,-0.10,140
96/01/23,7.68,7.81,7.68,7.80,495026,3839445,0.10,109
96/01/24,7.83,7.88,7.81,7.81,535111,4198623,0.01,125
96/01/25,7.75,7.82,7.71,7.71,706461,5479250,-0.10,114
96/01/26,7.53,7.75,7.53,7.66,386256,2956446,-0.05,84
96/01/29,7.68,7.78,7.61,7.67,555355,4262577,0.01,92
96/01/30,7.67,7.81,7.67,7.75,971479,7562184,0.08,164
96/01/31,7.78,7.78,7.62,7.75,325002,2502994,,73
96/02/01,7.74,7.81,7.71,7.78,912100,7074731,0.03,102
96/02/02,7.72,7.81,7.72,7.76,548602,4272511,-0.02,110
96/02/05,7.78,7.79,7.71,7.71,382386,2966324,-0.05,84
96/02/06,7.75,7.80,7.72,7.79,699570,5426493,0.08,97
96/02/07,7.79,7.80,7.75,7.80,504813,3927559,0.01,73
96/02/08,7.80,7.80,7.72,7.72,526692,4081982,-0.08,73
96/02/09,7.79,7.88,7.71,7.75,1228395,9601426,0.03,233
96/02/12,7.79,7.79,7.74,7.75,330434,2567461,,113
96/02/13,7.76,8.11,7.76,7.89,803114,6357154,0.14,171
96/02/14,7.95,7.99,7.81,7.92,648477,5153861,0.03,135
96/02/26,8.00,8.08,7.95,8.05,1400221,11234908,0.13,324
96/02/27,8.11,8.17,8.07,8.11,1705335,13862230,0.06,279
96/03/01,7.97,8.08,7.93,8.00,1051901,8383192,-0.11,152
96/03/02,7.95,8.30,7.94,8.20,2790600,22657258,0.20,356
96/03/03,8.11,8.21,8.07,8.17,1294773,10569372,-0.03,219
96/03/05,8.10,8.15,7.75,7.88,1069623,8590487,-0.29,166
96/03/06,7.91,8.04,7.89,7.98,756368,6049583,0.10,122
96/03/07,7.96,8.06,7.96,8.03,825245,6626500,0.05,128
96/03/08,8.08,8.20,8.08,8.18,1033357,8408367,0.15,186
96/03/09,8.45,8.45,8.13,8.13,1949428,16123761,-0.05,260
96/03/12,8.10,8.24,8.10,8.16,1398814,11462277,0.03,168
96/03/13,8.20,8.20,8.15,8.15,888554,7262043,-0.01,114
96/03/14,8.03,8.15,7.94,8.09,599911,4828075,-0.06,121
96/03/15,8.10,8.17,8.08,8.09,709097,5753316,,138
96/03/16,8.09,8.14,8.06,8.09,553791,4471555,,85
96/03/19,8.09,8.15,8.07,8.07,338572,2743281,-0.02,108
96/03/20,8.18,8.23,8.11,8.13,1273888,10440701,0.06,216
96/03/21,8.15,8.21,8.11,8.11,712177,5807552,-0.02,125
96/03/22,8.15,8.20,8.11,8.11,706164,5755907,,147
96/03/23,8.11,8.20,8.11,8.11,518271,4231093,,100
96/03/26,8.20,8.67,8.20,8.58,7786821,66564131,0.47,1112
96/03/27,8.58,8.63,8.37,8.44,2582784,21910678,-0.14,442
96/03/28,8.44,8.44,8.31,8.32,972083,8133303,-0.12,175
96/03/29,8.23,8.52,8.23,8.43,1215315,10246174,0.11,199
96/03/30,8.49,8.55,8.35,8.39,1673300,14148537,-0.04,240
96/04/02,8.46,8.54,8.42,8.44,701912,5937170,0.05,139
96/04/03,8.45,8.58,8.39,8.44,934360,7898629,,167
96/04/04,8.45,8.67,8.45,8.55,2785380,23895084,0.11,355
96/04/09,9.00,9.14,8.99,9.14,2365097,21527599,0.59,295
96/04/10,9.45,9.60,9.16,9.48,11733463,109792109,0.34,1647
96/04/11,9.60,9.80,9.30,9.50,5757236,55067731,0.02,986
96/04/12,9.50,9.60,9.40,9.50,3100483,29495854,,520
96/04/13,9.55,9.67,9.11,9.15,4672688,43527462,-0.35,677
96/04/14,9.15,9.28,9.15,9.17,1547134,14234458,0.02,296
96/04/16,9.19,9.33,9.17,9.21,1409838,13015602,0.04,298
96/04/17,9.27,9.30,8.71,8.73,2933681,26480737,-0.48,500
96/04/18,8.83,8.90,8.73,8.90,1509196,13298991,0.17,329
96/04/19,8.90,8.95,8.69,8.76,1700598,14912936,-0.14,316
96/04/20,8.80,8.88,8.76,8.78,1086816,9568915,0.02,192
96/04/23,8.87,9.04,8.60,8.72,4256685,37559640,-0.06,502
96/04/24,8.72,8.72,8.62,8.62,1305609,11305700,-0.10,222
96/04/25,8.62,8.75,8.62,8.64,1003656,8706451,0.02,180
96/04/26,8.72,8.72,8.57,8.58,1118533,9655091,-0.06,183
96/04/27,8.74,8.74,8.58,8.59,884485,7668459,0.01,248
96/04/30,8.62,8.70,8.40,8.64,1411110,12106658,0.05,244
96/05/02,8.74,8.87,8.68,8.69,2835113,24866942,0.05,405
96/05/03,8.73,8.73,8.20,8.40,1697125,14384269,-0.29,219
96/05/04,8.49,8.78,8.42,8.67,1720559,14811946,0.27,211
96/05/07,8.79,8.86,8.67,8.81,2306208,20232244,0.14,296
96/05/08,8.85,8.94,8.82,8.82,2120492,18840177,0.01,379
96/05/09,8.85,8.85,8.70,8.70,1077289,9441325,-0.12,172
96/05/10,8.76,8.79,8.69,8.75,1432942,12509714,0.05,188
96/05/11,8.73,9.10,8.73,9.03,4331271,38769442,0.28,662
96/05/14,9.50,9.50,9.17,9.22,5181567,48330012,0.19,878
96/05/15,9.30,9.30,9.10,9.10,2143300,19651994,-0.12,412
96/05/16,9.11,9.28,9.11,9.18,1332553,12233773,0.08,267
96/05/17,9.20,9.28,9.18,9.18,2593303,23903104,,411
96/05/18,9.20,9.26,9.19,9.21,1550567,14284309,0.03,285
96/05/21,9.24,9.36,9.17,9.35,2019494,18673620,0.14,356
96/05/22,9.37,9.41,9.28,9.29,1991715,18619703,-0.06,380
96/05/23,9.29,9.51,9.29,9.51,3094043,29071200,0.22,522
96/05/24,9.54,9.54,9.40,9.50,2557699,24211143,-0.01,502
96/05/25,9.50,9.51,9.41,9.43,2123433,20069790,-0.07,380
96/05/28,9.42,9.50,9.40,9.40,1117350,10528716,-0.03,239
96/05/29,9.41,9.48,9.34,9.34,1130400,10622368,-0.06,206
96/05/30,9.35,9.38,9.20,9.20,1588515,14745937,-0.14,291
96/05/31,9.25,9.32,9.20,9.20,1307646,12096319,,207
96/06/01,9.20,9.28,9.17,9.24,784765,7224596,0.04,142
96/06/04,9.32,9.32,9.18,9.20,832622,7664127,-0.04,136
96/06/05,9.18,9.20,9.00,9.00,2034721,18495931,-0.20,268
96/06/06,9.10,9.14,9.05,9.12,1060443,9646364,0.12,188
96/06/07,9.10,9.17,9.06,9.13,804429,7315847,0.01,160
96/06/08,9.09,9.14,9.05,9.07,736511,6685728,-0.06,151
96/06/11,9.10,9.12,9.02,9.05,734302,6655458,-0.02,145
96/06/12,9.02,9.08,9.01,9.06,942145,8507164,0.01,145
96/06/13,9.06,9.06,9.00,9.02,1032022,9315806,-0.04,140
96/06/14,9.05,9.10,9.03,9.03,1558868,14112240,0.01,183
96/06/15,9.04,9.11,9.03,9.05,1030040,9342425,0.02,182
96/06/20,9.12,9.12,9.06,9.07,1435760,13046920,0.02,264
96/06/21,9.07,9.07,8.81,8.87,2439863,21749038,-0.20,434
96/06/22,9.09,9.09,8.93,9.02,1298507,11700535,0.15,247
96/06/23,9.02,9.07,8.95,9.03,1060514,9561867,0.01,190
96/06/25,9.08,9.15,9.05,9.15,1564455,14277437,0.12,271
96/06/26,9.17,9.18,9.00,9.04,981027,8915149,-0.11,167
96/06/27,9.04,9.49,9.04,9.31,3771868,34956673,0.27,553
96/06/28,9.40,9.44,9.25,9.25,1790004,16696816,-0.06,277
96/06/29,9.25,9.40,9.20,9.20,1615059,14996149,-0.05,243
96/07/02,9.30,9.44,9.28,9.40,2794576,26174120,0.20,410
96/07/03,9.70,10.00,9.70,9.78,6558382,64520002,0.38,994
96/07/04,9.94,10.35,9.90,9.97,6674158,67429820,0.19,1050
96/07/05,10.20,10.20,9.90,9.94,3990471,40003849,-0.03,567
96/07/06,9.90,10.25,9.90,10.05,3854447,38950447,0.11,603
96/07/09,10.25,10.45,10.05,10.05,4365058,44733280,,615
96/07/10,10.15,10.20,9.96,10.10,3131767,31520690,0.05,507
96/07/11,9.99,10.40,9.92,10.40,4758423,48620201,0.30,747
96/07/12,10.50,10.60,10.30,10.30,5053970,52893590,-0.10,725
96/07/13,10.40,10.55,10.15,10.15,3434225,35412568,-0.15,471
96/07/16,10.25,10.70,10.20,10.20,4789437,49980961,0.05,676
96/07/17,10.30,10.90,10.30,10.90,8409600,90009128,0.70,1054
96/07/18,11.00,11.60,10.70,11.35,10974004,123415389,0.45,1818
96/07/19,11.60,11.65,10.85,10.85,7235461,81781146,-0.50,1099
96/07/20,10.90,11.10,10.40,10.50,5120054,54355307,-0.35,699
96/07/23,10.50,11.15,10.50,10.70,3773403,41070725,0.20,572
96/07/24,10.80,10.95,10.55,10.70,3059022,32815176,,529
96/07/25,10.55,10.75,10.50,10.55,2126075,22529579,-0.15,344
96/07/26,10.55,10.75,10.10,10.20,3296095,34426103,-0.35,497
96/07/27,9.80,10.10,9.80,9.84,1788320,17750106,-0.36,308
96/07/30,9.80,9.95,9.63,9.73,1103536,10787134,-0.11,223
96/07/31,9.81,10.10,9.81,9.93,2034888,20306543,0.20,315
96/08/01,9.76,10.30,9.76,9.90,3629002,36440313,-0.03,481
96/08/02,10.05,10.10,9.50,9.70,2464806,24234006,-0.20,358
96/08/03,9.76,10.00,9.75,9.81,1393372,13772690,0.11,240
96/08/06,9.80,9.90,9.71,9.78,763201,7466391,-0.03,161
96/08/07,9.91,10.10,9.82,9.85,1356572,13483103,0.07,278
96/08/08,9.87,10.00,9.87,9.97,1050067,10451139,0.12,230
96/08/09,10.00,10.15,9.90,9.92,1503374,14993381,-0.05,271
96/08/10,9.73,9.78,9.60,9.72,1039100,10086821,-0.20,219
96/08/13,9.75,9.79,9.69,9.74,832010,8092147,0.02,139
96/08/14,9.72,9.84,9.63,9.63,1298799,12629114,-0.11,169
96/08/15,9.62,9.62,9.02,9.03,1845071,17298259,-0.60,244
96/08/16,8.95,8.95,8.40,8.45,1523901,13066666,-0.58,312
96/08/17,8.30,8.52,7.86,7.90,2373702,19203916,-0.55,276
96/08/20,8.35,8.45,8.16,8.45,1209474,10076710,0.55,207
96/08/21,8.50,8.50,8.21,8.22,848145,7033146,-0.23,151
96/08/22,8.31,8.40,8.26,8.40,481583,4012275,0.18,101
96/08/23,8.70,8.75,8.51,8.69,864807,7479409,0.29,143
96/08/24,8.69,9.00,8.60,8.83,498005,4377463,0.14,123
96/08/27,9.00,9.44,8.95,9.44,1766442,16385912,0.61,239
96/08/28,10.10,10.10,10.10,10.10,2158138,21797192,0.66,274
96/08/29,10.10,10.65,9.90,10.55,6561582,67894960,0.45,1317
96/08/30,10.75,10.90,10.45,10.70,5488908,58472322,0.15,1005
96/08/31,10.80,10.85,10.55,10.70,2324160,24802644,,489
96/09/03,10.75,11.30,10.70,11.30,7900040,87348593,0.60,1225
96/09/04,11.30,11.30,10.80,11.15,3775767,41784772,-0.15,820
96/09/05,11.45,11.50,11.05,11.05,5656552,63977341,-0.10,938
96/09/06,11.00,11.05,10.60,10.95,2589199,28063317,-0.10,484
96/09/07,11.30,11.35,10.75,11.25,4100775,45669387,0.30,698
96/09/10,11.25,12.00,11.20,12.00,9247758,107102166,0.75,1604
96/09/11,12.00,12.80,11.75,12.00,20353146,250614483,,2963
96/09/12,12.00,12.35,11.75,11.85,7365220,88667934,-0.15,1291
96/09/13,11.95,12.15,11.80,12.00,3911802,46779997,0.15,661
96/09/14,12.15,12.20,11.50,11.50,4470662,52427410,-0.50,752
96/09/17,11.50,11.70,11.40,11.50,3311703,38153534,,482
96/09/19,11.60,11.75,11.50,11.50,1610353,18674322,,353
96/09/20,11.70,11.80,11.30,11.30,2835616,32812278,-0.20,485
96/09/21,11.50,11.80,11.30,11.55,2261431,26158705,0.25,426
96/09/26,11.70,12.15,11.60,12.05,3452259,41070208,0.50,630
96/09/27,12.15,12.25,11.90,12.00,3357969,40525528,-0.05,596
96/09/28,12.00,12.20,11.85,11.85,1906346,22974877,-0.15,395
96/09/29,11.85,12.10,11.80,12.00,3217895,38493798,0.15,490
96/10/01,12.20,12.60,12.00,12.35,7038052,86972133,0.35,1074
96/10/02,12.40,12.50,12.05,12.05,3439628,42082200,-0.30,543
96/10/03,12.10,12.20,11.85,11.85,2612997,31308310,-0.20,446
96/10/04,11.85,12.05,11.70,11.85,4538004,53940642,,634
96/10/05,11.85,11.95,11.80,11.95,1548200,18390280,0.10,271
96/10/08,12.00,12.00,11.75,11.75,1500270,17768693,-0.20,301
96/10/09,11.80,11.90,11.40,11.55,2682156,31191335,-0.20,442
96/10/11,11.40,11.50,10.80,10.80,4323127,47601612,-0.75,813
96/10/12,10.80,11.05,10.80,10.95,1822306,19912583,0.15,382
96/10/15,11.00,11.05,10.80,10.85,1363917,14860850,-0.10,198
96/10/16,10.80,11.20,10.75,11.20,1308357,14380509,0.35,275
96/10/17,11.20,11.20,10.70,10.70,1639679,17827095,-0.50,341
96/10/18,10.75,10.85,10.55,10.65,1127912,12065015,-0.05,235
96/10/19,10.50,10.70,10.45,10.50,963377,10151368,-0.15,196
96/10/22,10.20,10.25,10.05,10.10,974769,9873727,-0.40,263
96/10/23,10.15,10.45,10.15,10.25,696400,7170699,0.15,189
96/10/24,10.35,10.50,10.20,10.25,825217,8545510,,185
96/10/25,10.25,10.30,10.15,10.15,599293,6135723,-0.10,131
96/10/26,10.20,10.50,10.20,10.50,824146,8503418,0.35,191
96/10/29,11.05,11.15,10.85,10.85,3102106,34170893,0.35,633
96/10/30,11.00,11.00,10.80,10.90,846888,9229838,0.05,226
96/10/31,11.00,11.10,10.80,10.80,871133,9547236,-0.10,218
96/11/01,11.05,11.15,10.70,10.85,2025618,22111328,0.05,360
96/11/02,10.70,10.85,10.55,10.70,1336288,14324700,-0.15,228
96/11/05,10.60,10.65,10.40,10.55,1021000,10749950,-0.15,193
96/11/06,10.60,10.65,10.35,10.50,788487,8232212,-0.05,177
96/11/07,10.65,10.65,10.45,10.45,472522,4968427,-0.05,136
96/11/08,10.20,10.20,9.83,9.90,1622007,16195141,-0.55,324
96/11/09,9.98,10.10,9.71,10.00,1015133,10107814,0.10,230
96/11/12,9.50,9.98,9.50,9.66,569416,5499973,-0.34,143
96/11/13,9.90,9.90,9.66,9.85,744119,7286565,0.19,193
96/11/14,9.91,10.20,9.91,10.10,831192,8396489,0.25,171
96/11/15,10.05,10.20,10.00,10.05,286875,2886000,-0.05,89
96/11/16,10.00,10.00,9.80,10.00,411001,4079010,-0.05,126
96/11/19,10.10,10.20,9.90,9.91,819100,8219059,-0.09,184
96/11/20,9.90,9.90,9.62,9.76,496001,4838329,-0.15,148
96/11/21,9.76,9.95,9.76,9.88,491001,4858269,0.12,130
96/11/22,9.85,9.88,9.77,9.88,166363,1634289,,57
96/11/23,9.90,9.90,9.52,9.85,180802,1770487,-0.03,68
96/11/26,9.90,9.90,9.73,9.74,435002,4252329,-0.11,91
96/11/27,9.70,9.74,9.31,9.48,326005,3080806,-0.26,107
96/11/28,9.59,9.59,9.35,9.35,794442,7523630,-0.13,111
96/11/29,9.50,9.50,9.33,9.40,328233,3097436,0.05,90
96/11/30,9.50,9.60,9.40,9.50,764510,7264553,0.10,162
96/12/03,9.60,9.65,9.51,9.56,425731,4078832,0.06,88
96/12/04,9.51,9.59,9.48,9.59,254511,2428604,0.03,64
96/12/05,9.50,9.60,9.50,9.60,419577,4012381,0.01,93
96/12/06,9.65,9.85,9.63,9.66,800320,7804322,0.06,198
96/12/07,9.79,9.80,9.67,9.72,538466,5235492,0.06,139
96/12/10,9.75,9.79,9.71,9.72,242846,2364906,,64
96/12/11,9.72,9.80,9.69,9.76,589852,5740341,0.04,118
96/12/12,9.68,9.75,9.61,9.67,155900,1511569,-0.09,55
96/12/13,9.64,9.71,9.42,9.42,696984,6706968,-0.25,115
96/12/14,9.35,9.42,8.96,9.05,888445,8152492,-0.37,175
96/12/17,9.00,9.16,8.44,8.50,843008,7338862,-0.55,228
96/12/18,8.20,8.30,8.07,8.10,1180251,9651592,-0.40,213
96/12/19,8.16,8.38,8.15,8.33,739548,6109377,0.23,135
96/12/20,8.40,8.40,7.77,7.77,498719,4035480,-0.56,153
96/12/21,7.80,8.09,7.75,7.80,1378969,10835898,0.03,257
96/12/24,7.98,8.10,7.89,8.05,584866,4680285,0.25,124
96/12/25,8.10,8.20,7.90,8.20,799819,6449633,0.15,151
96/12/26,8.20,8.20,8.03,8.10,444571,3597599,-0.10,88
96/12/27,8.10,8.28,8.10,8.25,757255,6217219,0.15,157
96/12/28,8.25,8.49,8.20,8.49,1007099,8392723,0.24,204
96/12/31,8.50,9.06,8.50,9.06,1515410,13381410,0.57,291
97/01/02,9.39,9.39,9.07,9.10,1190204,10975576,0.04,317
97/01/03,8.80,8.96,8.69,8.96,772985,6833186,-0.14,147
97/01/04,8.85,9.10,8.85,8.98,640033,5761964,0.02,164
97/01/07,8.77,9.00,8.72,8.73,775003,6838627,-0.25,167
97/01/08,8.75,8.97,8.73,8.90,535000,4736190,0.17,125
97/01/09,8.70,8.88,8.65,8.85,590756,5193622,-0.05,124
97/01/10,8.90,8.90,8.80,8.81,844827,7488270,-0.04,144
97/01/11,9.00,9.07,8.83,8.88,1119559,10042139,0.07,191
97/01/14,9.06,9.28,9.00,9.27,1125756,10243674,0.39,232
97/01/15,9.37,9.87,9.25,9.85,1813032,17350092,0.58,364
97/01/16,10.00,10.45,10.00,10.20,7528799,76984919,0.35,1516
97/01/17,10.30,10.30,9.61,9.61,1522328,15061602,-0.59,418
97/01/18,9.45,9.79,9.20,9.73,1218524,11577779,0.12,250
97/01/21,9.73,10.15,9.73,9.80,1210609,12019622,0.07,329
97/01/22,9.20,9.47,9.12,9.12,892220,8185186,-0.68,193
97/01/23,9.20,9.21,8.49,8.49,1064245,9325480,-0.63,269
97/01/24,8.73,8.80,8.51,8.57,601201,5220136,0.08,182
97/01/25,8.66,8.88,8.66,8.85,437000,3824630,0.28,125
97/01/28,8.79,8.88,8.53,8.53,459001,4000669,-0.32,97
97/01/29,8.65,8.65,8.35,8.43,431000,3647650,-0.10,133
97/01/30,8.63,8.63,8.42,8.50,456500,3876409,0.07,124
97/01/31,8.55,8.55,8.40,8.44,253100,2148062,-0.06,78
97/02/01,8.50,8.94,8.50,8.75,675000,5884120,0.31,185
97/02/12,8.70,9.10,8.70,9.03,515151,4593555,0.28,155
97/02/13,9.10,9.30,9.01,9.02,690492,6322777,-0.01,177
97/02/14,9.20,9.23,9.10,9.10,377001,3453089,0.08,109
97/02/15,9.00,9.10,8.87,8.98,436210,3900611,-0.12,108
97/02/18,8.88,9.09,8.71,9.00,749099,6718091,0.02,193
97/02/19,9.00,9.19,9.00,9.09,652000,5939360,0.09,146
97/02/20,9.04,9.15,8.90,8.94,265228,2384720,-0.15,92
97/02/21,8.95,9.54,8.95,9.54,1608000,14861900,0.60,357
97/02/22,9.58,10.00,9.41,10.00,2324000,22475460,0.46,434
97/02/25,10.40,10.70,10.35,10.70,10312576,109279409,0.70,1637
97/02/26,11.00,11.10,10.40,10.55,5931000,63875450,-0.15,1142
97/02/27,10.55,10.65,10.40,10.55,2973491,31273705,,492
97/02/29,10.50,10.70,10.45,10.55,1869977,19777707,,404
97/03/03,10.45,10.50,10.35,10.40,1877002,19568172,-0.15,359
97/03/04,10.50,11.05,10.40,10.90,7378068,79586732,0.50,1225
97/03/05,10.90,11.10,10.80,10.95,4208408,46100340,0.05,857
97/03/06,11.00,11.15,10.55,10.55,3339900,35981742,-0.40,635
97/03/07,10.50,10.55,10.25,10.30,1674010,17412952,-0.25,339
97/03/10,10.30,10.45,9.97,9.98,1235236,12507742,-0.32,290
97/03/11,10.00,10.25,10.00,10.20,922693,9345499,0.22,223
97/03/12,10.40,10.75,10.40,10.60,4215104,44684038,0.40,717
97/03/13,10.50,10.65,10.35,10.50,2418643,25427065,-0.10,429
97/03/14,10.60,10.95,10.40,10.85,5164757,55258725,0.35,721
97/03/17,10.85,10.85,10.45,10.50,3255582,34469950,-0.35,618
97/03/18,10.40,10.75,10.15,10.70,2520245,26378996,0.20,446
97/03/19,10.70,10.75,10.35,10.35,2381642,25114761,-0.35,473
97/03/20,10.30,10.50,10.25,10.50,1616000,16751400,0.15,318
97/03/21,10.50,10.60,10.40,10.55,2320046,24284582,0.05,461
97/03/24,11.25,11.25,10.75,11.00,6893099,75456620,0.45,1067
97/03/25,11.20,11.55,11.10,11.30,14198768,161052600,0.30,2399
97/03/26,11.20,11.40,11.10,11.35,4922519,55503589,0.05,914
97/03/27,11.10,11.45,11.10,11.20,2489707,27983117,-0.15,500
97/03/28,11.20,11.30,11.15,11.20,1585673,17763719,,334
97/03/31,11.30,11.30,11.00,11.00,1264462,14033157,-0.20,336
97/04/01,11.05,11.15,10.70,10.80,1669786,18130609,-0.20,360
97/04/02,11.00,11.00,10.70,10.75,1415577,15297322,-0.05,291
97/04/03,10.70,10.70,10.55,10.55,977052,10370246,-0.20,207
97/04/07,10.55,10.85,10.55,10.80,846219,9118701,0.25,256
97/04/08,10.80,10.80,10.65,10.70,865577,9300535,-0.10,184
97/04/09,10.75,11.10,10.65,10.90,2404164,26220867,0.20,542
97/04/10,10.95,10.95,10.75,10.75,1382112,14947747,-0.15,263
97/04/11,10.85,10.90,10.75,10.90,1672025,18091119,0.15,308
97/04/14,10.85,10.90,10.70,10.80,1121749,12093098,-0.10,243
97/04/15,10.90,10.95,10.75,10.95,1528126,16569812,0.15,304
97/04/16,11.00,11.35,10.95,11.20,4584005,51386605,0.25,951
97/04/17,11.35,11.40,11.15,11.20,3692356,41458968,,576
97/04/18,11.20,11.25,11.05,11.15,2107777,23519224,-0.05,348
97/04/21,11.25,11.35,11.05,11.05,2350976,26248936,-0.10,349
97/04/22,11.10,11.10,10.80,10.90,1637438,17920373,-0.15,240
97/04/23,10.90,11.00,10.90,10.90,1173806,12809785,,162
97/04/24,10.90,11.05,10.90,10.90,1054925,11539740,,156
97/04/25,10.95,11.00,10.75,10.85,969377,10556371,-0.05,190
97/04/28,10.85,11.05,10.70,10.70,2895129,31532491,-0.15,270
97/04/29,10.70,10.85,10.55,10.70,1440000,15368500,,241
97/04/30,10.65,10.80,10.45,10.45,1255583,13260610,-0.25,210
97/05/02,10.45,10.60,10.30,10.35,1148794,11987076,-0.10,168
97/05/05,10.40,10.45,10.10,10.20,1389189,14239667,-0.15,187
97/05/06,10.05,10.20,10.05,10.10,783093,7914830,-0.10,160
97/05/07,10.10,10.25,10.05,10.05,724929,7331090,-0.05,178
97/05/08,10.00,10.15,9.90,10.00,1028537,10263663,-0.05,248
97/05/09,10.20,10.20,9.92,10.10,1156795,11669800,0.10,254
97/05/12,10.20,10.25,10.10,10.20,1003647,10214037,0.10,154
97/05/13,10.20,10.30,10.20,10.30,826241,8477407,0.10,124
97/05/14,10.30,10.35,10.25,10.35,622066,6413477,0.05,111
97/05/15,10.35,10.40,10.30,10.40,831277,8609662,0.05,161
97/05/16,10.40,10.45,10.30,10.30,596905,6193228,-0.10,107
97/05/19,10.35,10.40,10.30,10.40,778437,8045442,0.10,167
97/05/20,10.45,10.50,10.30,10.35,1530899,15956508,-0.05,250
97/05/21,10.35,10.40,10.30,10.40,625114,6485976,0.05,149
97/05/22,10.35,10.50,10.30,10.50,1267011,13193812,0.10,243
97/05/23,10.95,11.20,10.90,11.10,10523663,117537943,0.60,1544
97/05/26,10.90,10.90,10.35,10.35,3423247,35897406,-0.75,677
97/05/27,10.35,10.45,10.10,10.35,975891,10023324,,251
97/05/28,10.35,10.40,10.00,10.00,1053048,10704526,-0.35,172
97/05/29,10.10,10.25,9.91,10.00,1102003,11040266,,230
97/05/30,10.00,10.10,9.76,9.81,849800,8368466,-0.19,173
97/06/02,9.82,9.94,9.63,9.81,438232,4273777,,127
97/06/03,9.73,9.79,9.51,9.62,795003,7655347,-0.19,166
97/06/04,9.62,9.71,9.60,9.71,456582,4402191,0.09,149
97/06/05,9.62,9.75,9.52,9.75,764410,7377533,0.04,216
97/06/06,9.76,9.81,9.73,9.75,525000,5126220,,124
97/06/09,9.52,9.52,9.11,9.36,728001,6806229,-0.39,175
97/06/10,9.00,9.33,9.00,9.06,616025,5614415,-0.30,176
97/06/11,9.04,9.10,8.81,8.82,704085,6285985,-0.24,160
97/06/12,8.60,8.75,8.21,8.35,1503055,12529020,-0.47,300
97/06/13,8.36,8.40,8.20,8.35,916057,7607637,,170
97/06/16,8.45,8.45,8.33,8.35,358365,3003705,,103
97/06/17,8.35,8.38,8.20,8.35,297488,2466060,,80
97/06/18,8.30,8.47,8.23,8.43,576190,4819246,0.08,137
97/06/19,8.27,8.33,8.21,8.26,435000,3588940,-0.17,112
97/06/20,8.25,8.36,8.25,8.30,468622,3891009,0.04,106
97/06/23,8.10,8.30,8.10,8.30,247471,2025302,,69
97/06/24,8.20,8.30,8.01,8.01,234192,1908936,-0.29,64
97/06/25,7.80,8.27,7.80,8.27,325222,2612829,0.26,97
97/06/26,8.12,8.40,8.12,8.32,264514,2197755,0.05,62
97/06/27,8.00,8.00,7.79,7.85,728160,5710196,-0.47,131
97/06/30,7.85,7.91,7.50,7.69,612000,4732380,-0.16,114
97/07/01,7.70,7.78,7.16,7.16,1317168,9576419,-0.53,246
97/07/02,7.10,7.16,6.85,7.10,1382000,9775560,-0.06,179
97/07/03,6.95,7.29,6.90,7.27,733748,5171055,0.17,150
97/07/04,7.27,7.30,7.10,7.14,439065,3170048,-0.13,91
97/07/07,7.05,7.28,7.05,7.23,329133,2355127,0.09,75
97/07/08,7.22,7.22,7.00,7.13,548005,3901855,-0.10,118
97/07/09,7.20,7.28,7.00,7.13,422000,3016840,,149
97/07/10,7.01,7.16,7.00,7.12,323212,2287295,-0.01,78
97/07/11,7.06,7.22,7.06,7.20,424067,3033499,0.08,110
97/07/14,7.15,7.20,7.05,7.11,302028,2153340,-0.09,61
97/07/15,7.06,7.06,6.70,6.70,478040,3292908,-0.41,136
97/07/16,6.71,6.87,6.68,6.68,489905,3298912,-0.02,129
97/07/17,6.80,6.87,6.73,6.82,717479,4881125,0.14,118
97/07/18,6.85,6.94,6.52,6.59,1039500,7060509,-0.23,223
97/07/21,6.60,6.79,6.60,6.77,427365,2849235,0.18,89
97/07/22,6.71,6.88,6.71,6.84,476968,3250872,0.07,124
97/07/23,6.90,7.31,6.90,7.31,1596000,11551260,0.47,269
97/07/24,7.00,7.07,6.68,6.81,1013495,6937306,X,162
97/07/25,6.71,6.76,6.60,6.75,432161,2876524,-0.06,125
97/07/29,6.70,6.70,6.51,6.53,304541,1993918,-0.22,90
97/07/30,6.70,6.70,6.55,6.58,433000,2855250,0.05,92
97/07/31,6.74,6.74,6.55,6.57,220249,1452468,-0.01,62
97/08/01,6.49,6.61,6.45,6.50,211669,1380264,-0.07,57
97/08/04,6.58,6.58,6.40,6.43,108688,704562,-0.07,44
97/08/05,6.58,6.58,6.28,6.40,512474,3266816,-0.03,120
97/08/06,6.40,6.43,6.28,6.40,289245,1841525,,71
97/08/07,6.43,6.49,6.38,6.49,217674,1399930,0.09,66
97/08/08,6.44,6.55,6.44,6.50,193000,1256320,0.01,57
97/08/11,6.58,6.69,6.46,6.58,777000,5083750,0.08,104
97/08/12,6.50,6.60,6.48,6.51,180417,1178480,-0.07,49
97/08/13,6.49,6.58,6.49,6.52,221500,1447800,0.01,43
97/08/14,6.58,6.65,6.50,6.56,339000,2223990,0.04,79
97/08/15,6.60,6.60,6.45,6.46,103156,674731,-0.10,43
97/08/18,6.52,6.52,6.20,6.51,182100,1154770,0.05,46
97/08/19,6.39,6.40,6.32,6.33,153080,972954,-0.18,45
97/08/20,6.24,6.37,6.24,6.36,139000,876700,0.03,62
97/08/21,6.35,6.44,6.21,6.40,525270,3312211,0.04,110
97/08/22,6.27,6.40,6.27,6.40,185156,1176552,,44
97/08/25,6.51,6.51,6.50,6.51,140102,911113,0.11,44
97/08/26,6.45,6.49,6.33,6.49,93000,599060,-0.02,20
97/08/27,6.49,6.51,6.38,6.47,263745,1710582,-0.02,51
97/08/28,6.47,6.50,6.41,6.50,395452,2549931,0.03,72
97/08/29,6.51,6.53,6.44,6.44,188030,1220982,-0.06,39
97/09/01,6.38,6.48,6.27,6.33,367493,2334530,-0.11,63
97/09/02,6.01,6.32,6.01,6.28,380056,2381547,-0.05,52
97/09/03,6.00,6.27,5.85,5.85,1082469,6535612,-0.43,177
97/09/04,5.86,5.98,5.45,5.64,1527000,8641690,-0.21,176
97/09/05,5.30,5.53,5.25,5.25,1059001,5568095,-0.39,113
97/09/08,5.25,5.61,5.25,5.61,589200,3250800,0.36,140
97/09/09,5.42,5.46,5.30,5.40,332000,1795170,-0.21,76
97/09/10,5.16,5.50,5.16,5.50,436512,2347465,0.10,124
97/09/11,5.50,5.50,5.30,5.45,351002,1887720,-0.05,73
97/09/12,5.39,5.44,5.28,5.43,379002,2030620,-0.02,93
97/09/15,5.43,5.43,5.05,5.15,490200,2535782,-0.28,104
97/09/16,4.79,4.90,4.79,4.90,1122990,5390508,-0.25,151
97/09/17,4.65,5.04,4.56,4.86,1126250,5251684,-0.04,178
97/09/18,4.52,4.61,4.52,4.52,416000,1880610,-0.34,75
97/09/19,4.21,4.66,4.21,4.59,2062470,9038374,0.07,273
97/09/22,4.27,4.58,4.27,4.57,770200,3417729,-0.02,140
97/09/23,4.35,4.79,4.32,4.79,831105,3779865,0.22,124
97/09/24,4.70,5.12,4.64,5.09,1229133,6080706,0.30,178
97/09/25,5.00,5.17,4.97,5.03,362000,1832890,-0.06,68
97/09/26,5.25,5.25,4.76,4.85,1125000,5564030,-0.18,114
97/09/30,4.52,4.52,4.52,4.52,263012,1188813,-0.33,16
97/10/01,4.52,4.71,4.44,4.65,417001,1900954,0.13,87
97/10/02,4.80,4.80,4.51,4.76,153300,706100,0.11,44
97/10/03,4.57,4.76,4.53,4.74,162003,755484,-0.02,42
97/10/06,4.53,4.69,4.52,4.58,182006,836298,-0.16,46
97/10/07,4.45,4.50,4.31,4.50,286000,1266190,-0.08,55
97/10/08,4.31,4.36,4.19,4.19,886110,3747494,-0.31,131
97/10/09,4.20,4.20,3.92,3.95,936494,3767413,-0.24,115
97/10/13,3.82,3.94,3.82,3.89,1215002,4660807,-0.06,98
97/10/14,4.15,4.16,4.01,4.16,1080000,4467810,0.27,101
97/10/15,4.09,4.18,4.03,4.15,288489,1174724,-0.01,66
97/10/16,4.01,4.08,4.01,4.01,582010,2334880,-0.14,57
97/10/17,4.01,4.07,3.92,3.99,319001,1273073,-0.02,67
97/10/20,3.92,4.03,3.86,4.00,292762,1138230,0.01,64
97/10/21,4.03,4.10,3.98,4.05,637800,2581620,0.05,109
97/10/22,3.93,4.05,3.92,4.00,187001,743863,-0.05,56
97/10/23,3.86,3.89,3.86,3.89,534671,2064049,-0.11,62
97/10/24,3.91,3.91,3.76,3.76,501001,1890043,-0.13,71
97/10/27,3.53,3.74,3.50,3.58,753723,2680505,-0.18,100
97/10/28,3.41,3.63,3.33,3.63,862287,2943543,0.05,121
97/10/29,3.85,3.85,3.64,3.65,496380,1857128,0.02,72
97/10/30,3.40,3.89,3.40,3.85,1042129,3751748,0.20,168
97/10/31,3.79,4.03,3.73,4.00,714001,2785864,0.15,136
97/11/03,4.00,4.06,3.85,4.01,584890,2326350,0.01,82
97/11/04,3.97,4.00,3.84,4.00,412100,1628240,-0.01,75
97/11/05,4.00,4.15,3.97,4.01,516230,2094690,0.01,87
97/11/06,3.80,3.88,3.74,3.80,226226,858482,-0.21,47
97/11/07,3.61,3.90,3.60,3.81,103902,395225,0.01,40
97/11/10,3.88,3.97,3.81,3.97,406130,1576880,0.16,79
97/11/11,3.85,3.94,3.78,3.78,189000,728350,-0.19,48
97/11/12,3.77,3.81,3.63,3.80,125000,465320,0.02,27
97/11/13,3.54,3.69,3.54,3.57,342000,1225040,-0.23,60
97/11/14,3.68,3.77,3.57,3.70,207000,758500,0.13,41
97/11/17,3.59,3.83,3.59,3.80,146000,544350,0.10,45
97/11/18,3.75,3.79,3.64,3.69,228510,846155,-0.11,48
97/11/19,3.69,3.73,3.52,3.59,231000,835280,-0.10,48
97/11/20,3.55,3.56,3.34,3.34,340000,1160310,-0.25,71
97/11/21,3.33,3.40,3.15,3.40,263000,855070,0.06,59
97/11/24,3.40,3.42,3.30,3.40,165003,555149,,48
97/11/25,3.50,3.51,3.37,3.43,193014,666862,0.03,53
97/11/26,3.31,3.48,3.31,3.45,163500,561065,0.02,68
97/11/27,3.50,3.69,3.50,3.66,562200,2012466,0.21,124
97/11/28,3.66,3.71,3.64,3.67,555417,2032739,0.01,93
97/12/01,3.66,3.80,3.66,3.80,427137,1594850,0.13,115
97/12/02,3.58,3.66,3.55,3.66,233179,835714,-0.14,58
97/12/03,3.66,3.71,3.62,3.66,149130,545515,,38
97/12/04,3.66,3.70,3.56,3.63,235004,855424,-0.03,43
97/12/05,3.60,3.63,3.56,3.63,160313,576025,,27
97/12/08,3.63,3.75,3.63,3.74,672026,2478805,0.11,112
97/12/09,3.74,3.74,3.65,3.70,207250,762401,-0.04,48
97/12/10,3.68,3.80,3.68,3.80,510003,1921569,0.10,79
97/12/11,3.80,3.85,3.71,3.75,411328,1562759,-0.05,76
97/12/12,3.74,3.85,3.65,3.73,483000,1819680,-0.02,117
97/12/15,3.75,3.88,3.75,3.86,591000,2274030,0.13,146
97/12/16,3.86,3.86,3.78,3.85,316001,1207554,-0.01,59
97/12/17,3.85,3.93,3.80,3.83,563006,2179948,-0.02,100
97/12/18,3.89,3.93,3.83,3.92,479452,1858276,0.09,101
97/12/19,3.92,4.04,3.88,3.90,542236,2142956,-0.02,114
97/12/22,3.95,3.98,3.70,3.70,288507,1116438,-0.20,62
97/12/23,3.70,3.71,3.52,3.59,442008,1586494,-0.11,81
97/12/24,3.58,3.67,3.58,3.67,61002,221866,0.08,21
97/12/25,3.69,3.75,3.69,3.74,196267,731326,0.07,36
97/12/26,3.75,3.75,3.70,3.73,71080,264627,-0.01,26
97/12/29,3.75,3.75,3.75,3.75,55054,206445,0.02,20
97/12/30,3.70,3.88,3.70,3.85,411004,1567572,0.10,67
97/12/31,3.90,3.90,3.78,3.84,125108,476438,-0.01,27
98/01/05,3.85,3.94,3.83,3.94,425213,1651339,0.10,79
98/01/06,3.92,3.95,3.90,3.90,62000,242690,-0.04,21
98/01/07,3.90,3.95,3.88,3.94,459600,1805880,0.04,74
98/01/08,3.88,3.88,3.77,3.80,253005,966065,-0.14,43
98/01/09,3.74,3.82,3.74,3.80,35682,135246,,21
98/01/10,3.74,3.80,3.72,3.72,102002,384236,-0.08,24
98/01/12,3.70,3.75,3.70,3.71,95119,354609,-0.01,29
98/01/13,3.70,3.74,3.70,3.74,137102,508815,0.03,29
98/01/14,3.72,3.79,3.71,3.73,283165,1059771,-0.01,58
98/01/15,3.69,3.69,3.61,3.62,246004,897092,-0.11,44
98/01/16,3.65,3.65,3.45,3.56,205038,717855,-0.06,32
98/01/17,3.56,3.58,3.54,3.56,99000,352270,,22
98/01/19,3.59,3.60,3.56,3.59,148101,530641,0.03,26
98/01/20,3.57,3.57,3.47,3.50,51003,178759,-0.09,18
98/01/21,3.45,3.49,3.30,3.45,257101,868327,-0.05,61
98/02/02,3.45,3.45,3.36,3.38,76000,259590,-0.07,24
98/02/03,3.40,3.52,3.40,3.50,220100,765230,0.12,40
98/02/04,3.51,3.51,3.44,3.49,95020,331016,-0.01,26
98/02/05,3.45,3.47,3.40,3.47,45000,154500,-0.02,11
98/02/06,3.47,3.53,3.42,3.50,196000,680460,0.03,44
98/02/09,3.55,3.57,3.48,3.48,113000,397150,-0.02,22
98/02/10,3.50,3.55,3.48,3.48,205003,720689,,42
98/02/11,3.40,3.50,3.39,3.43,292011,1004447,-0.05,42
98/02/12,3.43,3.53,3.42,3.44,499017,1722057,0.01,55
98/02/13,3.43,3.52,3.43,3.46,311941,1082888,0.02,53
98/02/16,3.53,3.53,3.48,3.50,187210,656316,0.04,44
98/02/17,3.50,3.50,3.42,3.48,53003,183559,-0.02,15
98/02/18,3.45,3.48,3.43,3.48,69058,238097,,39
98/02/19,3.43,3.48,3.37,3.44,200001,686243,-0.04,48
98/02/20,3.41,3.42,3.32,3.37,203019,684172,-0.07,60
98/02/23,3.37,3.39,3.32,3.37,166235,558243,,48
98/02/24,3.36,3.38,3.33,3.35,173959,583120,-0.02,54
98/02/25,3.35,3.44,3.35,3.42,312143,1063035,0.07,65
98/02/26,3.48,3.48,3.40,3.44,171641,593729,0.02,32
98/02/27,3.45,3.47,3.42,3.47,160374,553384,0.03,32
98/03/02,3.45,3.45,3.41,3.45,194031,667626,-0.02,44
98/03/03,3.40,3.45,3.40,3.45,65200,223558,,19
98/03/04,3.44,3.55,3.44,3.52,422463,1483887,0.07,74
98/03/05,3.51,3.59,3.51,3.55,288100,1024763,0.03,66
98/03/06,3.55,3.60,3.50,3.60,330101,1178393,0.05,49
98/03/09,3.60,3.75,3.56,3.71,469101,1724382,0.11,94
98/03/10,3.71,3.80,3.71,3.77,190160,712902,0.06,52
98/03/11,3.84,3.87,3.81,3.82,560005,2150568,0.05,90
98/03/12,3.83,3.89,3.81,3.85,317030,1221064,0.03,71
98/03/13,3.88,3.92,3.85,3.85,332030,1288915,,89
98/03/16,3.85,4.08,3.85,4.04,1170137,4662868,0.19,160
98/03/17,4.04,4.18,4.00,4.15,581256,2375774,0.11,132
98/03/18,4.20,4.29,4.13,4.19,1396389,5864162,0.04,194
98/03/19,4.04,4.40,4.04,4.22,926104,3979661,0.03,207
98/03/20,4.24,4.38,4.13,4.18,665310,2823984,-0.04,120
98/03/23,4.18,4.29,4.18,4.25,344171,1447915,0.07,53
98/03/24,4.30,4.40,4.21,4.21,823671,3536787,-0.04,148
98/03/25,4.20,4.34,4.20,4.34,800536,3431858,0.13,130
98/03/26,4.35,4.52,4.35,4.44,827340,3680126,0.10,151
98/03/27,4.50,4.75,4.50,4.65,2757000,12906270,0.21,318
98/03/30,4.68,4.68,4.33,4.34,712090,3192839,-0.31,144
98/03/31,4.25,4.38,4.23,4.25,439000,1880040,-0.09,75
98/04/01,4.25,4.45,4.25,4.44,614180,2691807,0.19,160
98/04/02,4.50,4.73,4.50,4.70,1294506,5938969,0.26,242
98/04/03,4.79,4.96,4.78,4.91,1458099,7102988,0.21,238
98/04/06,5.00,5.00,4.70,4.71,1121580,5436248,-0.20,203
98/04/07,4.63,4.82,4.61,4.82,737005,3485534,0.11,141
98/04/08,4.75,5.09,4.75,5.04,2089604,10340600,0.22,387
98/04/09,5.15,5.35,5.12,5.35,2795932,14719447,0.31,442
98/04/10,5.40,5.49,5.25,5.42,3130269,16950260,0.07,506
98/04/13,5.70,5.70,5.42,5.49,1570058,8680867,0.07,369
98/04/14,5.42,5.50,5.40,5.48,848896,4630721,-0.01,178
98/04/15,5.48,5.80,5.41,5.80,1956534,10769736,0.32,303
98/04/16,6.00,6.11,5.95,6.00,4625302,27818290,0.20,619
98/04/17,6.09,6.10,5.58,5.58,2701116,15982767,-0.42,450
98/04/20,5.40,5.44,5.19,5.19,1163920,6074470,-0.39,250
98/04/21,4.91,5.29,4.91,5.25,1217100,6216140,0.06,212
98/04/22,5.33,5.35,5.15,5.25,854000,4479260,,136
98/04/23,5.19,5.24,5.10,5.10,1055553,5421947,-0.15,173
98/04/24,5.18,5.21,5.08,5.09,697000,3586370,-0.01,156
98/04/27,5.09,5.11,4.74,4.80,1097100,5365264,-0.29,191
98/04/28,4.70,4.73,4.48,4.48,748100,3432526,-0.32,162
98/04/29,4.51,4.79,4.51,4.79,1055986,4962511,0.31,209
98/04/30,4.91,5.12,4.91,5.12,800101,4039954,0.33,194
98/05/04,5.13,5.47,5.13,5.47,1438637,7807872,0.35,259
98/05/05,5.50,5.68,5.20,5.30,1046491,5627670,-0.17,213
98/05/06,5.20,5.53,5.17,5.45,948873,5154490,0.15,176
98/05/07,5.58,5.70,5.45,5.50,1206408,6721430,0.05,236
98/05/08,5.50,5.70,5.42,5.68,1353158,7518764,0.18,170
98/05/11,5.61,5.75,5.57,5.67,1319500,7515383,-0.01,157
98/05/12,5.65,5.65,5.29,5.30,662020,3597616,-0.37,125
98/05/13,5.29,5.64,5.29,5.53,558802,3049329,0.23,109
98/05/14,5.20,5.51,5.20,5.31,464003,2492725,-0.22,102
98/05/15,5.35,5.67,5.34,5.56,732944,4058450,0.25,139
98/05/18,5.41,5.73,5.41,5.51,730067,4124446,-0.05,137
98/05/19,5.62,5.79,5.51,5.51,1379636,7768017,,236
98/05/20,5.63,5.69,5.52,5.61,372525,2086268,0.10,94
98/05/21,5.55,5.87,5.55,5.80,2233677,12892007,0.19,297
98/05/22,5.78,5.92,5.75,5.78,1214002,7063240,-0.02,208
98/05/25,5.87,6.04,5.78,5.95,1451105,8514718,0.17,225
98/05/26,5.90,6.02,5.70,5.73,1519917,8892656,-0.22,224
98/05/27,5.76,5.91,5.73,5.90,1325899,7731246,0.17,193
98/06/01,5.90,6.15,5.86,6.02,2961229,17850144,0.12,374
98/06/02,6.10,6.28,6.03,6.03,1526063,9355399,0.01,289
98/06/03,6.00,6.00,5.74,5.78,985944,5739728,-0.25,172
98/06/04,5.77,5.88,5.65,5.72,516652,2960106,-0.06,100
98/06/05,5.74,5.90,5.74,5.78,360000,2091910,0.06,73
98/06/06,5.72,5.92,5.72,5.87,614503,3619640,0.09,128
98/06/08,5.95,6.09,5.77,5.77,594274,3518274,-0.10,119
98/06/09,5.75,5.75,5.41,5.45,831456,4652470,-0.32,145
98/06/10,5.49,5.51,5.40,5.43,369023,2006176,-0.02,53
98/06/11,5.43,5.55,5.25,5.54,425096,2314068,0.11,145
98/06/12,5.40,5.64,5.40,5.49,369111,2036152,-0.05,89
98/06/15,5.36,5.40,5.11,5.24,567286,2949077,-0.25,99
98/06/16,5.19,5.27,5.06,5.15,396000,2038090,-0.09,47
98/06/17,5.19,5.20,5.15,5.15,110336,571214,,38
98/06/18,5.16,5.26,5.14,5.21,353056,1830291,0.06,77
98/06/19,5.21,5.21,5.02,5.13,220069,1122231,-0.08,32
98/06/22,5.11,5.24,5.05,5.24,212111,1093396,0.11,56
98/06/23,5.19,5.38,5.09,5.24,395410,2048872,,70
98/06/24,5.21,5.45,5.16,5.35,685001,3628535,0.11,108
98/06/25,5.30,5.47,5.22,5.35,741000,3941710,,97
98/06/26,5.31,5.40,5.30,5.30,332549,1778075,-0.05,77
98/06/29,5.25,5.56,5.25,5.41,931891,5046020,0.11,110
98/06/30,5.40,5.59,5.33,5.44,419020,2272268,0.03,74
98/07/01,5.48,5.55,5.33,5.48,613211,3329257,0.04,93
98/07/02,5.50,5.53,5.42,5.44,223346,1222381,-0.04,64
98/07/03,5.55,5.56,5.39,5.43,139543,761031,-0.01,39
98/07/06,5.40,5.55,5.33,5.51,505288,2768137,0.08,88
98/07/07,5.55,5.60,5.46,5.56,535778,2981673,0.05,87
98/07/08,5.49,5.59,5.43,5.50,450031,2469949,-0.06,111
98/07/09,5.50,5.63,5.50,5.60,399558,2225652,0.10,68
98/07/10,5.59,5.75,5.59,5.65,772450,4381833,0.05,153
98/07/13,5.58,5.77,5.40,5.47,387681,2139782,-0.18,74
98/07/14,5.47,5.51,5.33,5.51,579000,3128180,0.04,91
98/07/15,5.40,5.58,5.40,5.46,252894,1390165,-0.05,56
98/07/16,5.48,5.57,5.46,5.46,295574,1622980,,64
98/07/17,5.47,5.50,5.40,5.43,464236,2521110,-0.03,96
98/07/20,5.43,5.54,5.43,5.50,237991,1308378,0.07,51
98/07/21,5.55,5.56,5.45,5.46,494100,2711756,-0.04,88
98/07/22,5.48,5.59,5.46,5.52,541807,2991547,0.06,186
98/07/23,5.58,5.64,5.50,5.50,267135,1487178,-0.02,74
98/07/24,5.53,5.70,5.53,5.56,481864,2707916,0.06,86
98/07/27,5.51,5.79,5.51,5.72,994728,5667288,0.16,182
98/07/28,5.78,5.80,5.71,5.78,1084500,6245178,0.06,175
98/07/29,5.78,5.80,5.70,5.76,389607,2244040,-0.02,83
98/07/30,5.77,5.77,5.65,5.71,584214,3335389,-0.05,64
98/07/31,5.81,5.90,5.76,5.82,751025,4374845,0.11,163
98/08/03,5.80,6.09,5.80,6.04,1277408,7554733,0.22,247
98/08/04,6.06,6.28,5.90,6.05,3194201,19526647,0.01,397
98/08/05,6.07,6.10,5.84,5.86,819256,4875346,-0.19,136
98/08/06,5.86,5.99,5.66,5.99,668310,3880333,0.13,133
98/08/10,5.81,5.95,5.78,5.87,808890,4739007,-0.12,113
98/08/11,5.85,5.91,5.77,5.88,342000,2006680,0.01,65
98/08/12,5.88,5.97,5.83,5.88,583441,3433596,,110
98/08/13,5.91,5.95,5.87,5.91,712043,4211501,0.03,116
98/08/14,5.92,6.05,5.91,5.92,380052,2266026,0.01,84
98/08/17,5.90,5.92,5.82,5.85,511301,2994932,-0.07,93
98/08/18,5.82,5.85,5.61,5.65,543000,3122150,-0.20,94
98/08/19,5.66,5.79,5.65,5.67,373242,2134399,0.02,62
98/08/20,5.65,5.66,5.51,5.56,449551,2503970,-0.11,73
98/08/21,5.60,5.75,5.50,5.56,483846,2718637,,84
98/08/24,5.58,5.69,5.58,5.68,226642,1275382,0.12,49
98/08/25,5.68,5.69,5.60,5.62,226970,1281792,-0.06,62
98/08/26,5.61,5.61,5.41,5.50,269003,1481605,-0.12,58
98/08/27,5.45,5.54,5.45,5.48,130010,713844,-0.02,38
98/08/28,5.50,5.59,5.48,5.53,208250,1150815,0.05,54
98/08/31,5.58,5.58,5.50,5.55,242456,1341688,0.02,58
98/09/01,5.51,5.74,5.51,5.74,777266,4399477,0.19,111
98/09/02,5.69,5.72,5.62,5.67,428671,2434007,-0.07,66
98/09/03,5.66,5.82,5.66,5.79,703000,4060510,0.12,112
98/09/04,6.00,6.00,5.80,5.94,819090,4839289,0.15,165
98/09/07,5.99,5.99,5.90,5.96,723609,4293863,0.02,110
98/09/08,5.96,6.10,5.96,6.01,1784458,10767068,0.05,232
98/09/09,6.05,6.08,5.84,5.86,943125,5607453,-0.15,131
98/09/10,5.94,5.96,5.86,5.88,758680,4490208,0.02,150
98/09/11,5.90,6.08,5.90,6.03,1167265,7006584,0.15,171
98/09/14,6.00,6.05,5.90,5.95,661260,3953175,-0.08,121
98/09/15,6.01,6.05,5.93,6.05,439411,2636356,0.10,104
98/09/16,6.05,6.18,6.05,6.16,832789,5088869,0.11,166
98/09/17,6.16,6.28,6.13,6.20,1225490,7624536,0.04,217
98/09/18,6.20,6.55,6.14,6.42,2534824,16185553,0.22,367
98/09/21,6.48,6.79,6.40,6.75,2556177,16825321,0.33,404
98/09/22,6.75,6.94,6.61,6.68,1693501,11514785,-0.07,346
98/09/23,6.65,6.78,6.36,6.36,1979146,12974716,-0.32,304
98/09/24,6.31,6.42,6.31,6.36,433055,2755339,,104
98/09/25,6.37,6.55,6.36,6.46,682000,4383020,0.10,115
98/09/28,6.47,6.54,6.41,6.42,544150,3511792,-0.04,90
98/09/29,6.42,6.50,6.40,6.44,1329540,8534330,0.02,165
98/09/30,6.45,6.50,6.42,6.43,467076,3014913,-0.01,98
98/10/01,6.50,6.57,6.42,6.46,1542767,10014936,0.03,279
98/10/02,6.33,6.43,6.33,6.42,350914,2234338,-0.04,88
98/10/05,6.40,6.46,6.29,6.42,1004151,6392065,,139
98/10/06,6.43,6.56,6.41,6.48,841879,5460231,0.06,176
98/10/07,6.56,6.56,6.49,6.55,937551,6115873,0.07,156
98/10/08,6.59,6.72,6.56,6.56,1384620,9207002,0.01,309
98/10/09,6.69,7.01,6.69,7.01,5508503,38342791,0.45,858
98/10/12,7.21,7.50,7.20,7.50,6826050,50569094,0.49,1192
98/10/13,7.49,7.50,6.98,7.30,3947810,28672406,-0.20,728
98/10/14,7.25,7.45,7.25,7.34,1256894,9235152,0.04,319
98/10/15,7.48,7.48,7.12,7.25,1645173,11986011,-0.09,329
98/10/16,7.39,7.39,7.13,7.23,1179999,8519522,-0.02,245
98/10/19,7.23,7.47,7.20,7.42,1460822,10801041,0.19,317
98/10/20,7.46,7.68,7.46,7.47,1528989,11558756,0.05,357
98/10/21,7.50,7.56,7.34,7.38,1147669,8541542,-0.09,208
98/10/22,7.37,7.46,7.22,7.27,598300,4374499,-0.11,144
98/10/23,7.29,7.32,7.22,7.24,777202,5650931,-0.03,164
98/10/26,7.24,7.38,7.12,7.13,976022,7053164,-0.11,198
98/10/27,7.00,7.19,7.00,7.11,500181,3533055,-0.02,121
98/10/28,7.11,7.20,7.01,7.01,1239680,8801090,-0.10,209
98/10/29,6.95,6.95,6.60,6.80,1021248,6897844,-0.21,184
98/10/30,6.94,7.05,6.80,6.90,1329601,9231085,0.10,190
98/11/02,6.42,6.80,6.42,6.75,558607,3702036,-0.15,125
98/11/03,6.79,7.00,6.71,6.90,332560,2299580,0.15,86
98/11/04,6.93,7.10,6.93,7.01,759350,5333450,0.11,177
98/11/05,7.09,7.09,6.91,6.93,724216,5047676,-0.08,143
98/11/06,7.10,7.10,6.94,6.96,869390,6075162,0.03,128
98/11/09,7.00,7.18,7.00,7.15,1424425,10145881,0.19,291
98/11/10,7.24,7.60,7.20,7.35,2592083,19306980,0.20,490
98/11/11,7.15,7.24,7.14,7.17,1046281,7508902,-0.18,184
98/11/12,7.20,7.27,7.20,7.20,810599,5850148,0.03,144
98/11/13,7.22,7.25,7.18,7.18,991456,7145773,-0.02,166
98/11/16,7.18,7.35,7.18,7.35,1173466,8559808,0.17,236
98/11/17,7.40,7.46,7.25,7.36,1271674,9364913,0.01,294
98/11/18,7.38,7.49,7.32,7.42,1363985,10120386,0.06,324
98/11/19,7.45,7.45,7.30,7.33,601133,4442837,-0.09,130
98/11/20,7.33,7.70,7.29,7.50,2209907,16600075,0.17,373
98/11/23,7.59,7.59,7.45,7.45,661845,4976213,-0.05,164
98/11/24,7.49,7.55,7.45,7.49,1083793,8136175,0.04,184
98/11/25,7.48,7.53,7.36,7.50,1420766,10577946,0.01,244
98/11/26,7.50,7.55,7.44,7.52,1239007,9304784,0.02,212
98/11/27,7.40,7.49,7.30,7.32,1167368,8625244,-0.20,222
98/11/30,7.32,7.44,7.32,7.42,383382,2832354,0.10,76
98/12/01,7.45,7.45,7.35,7.38,451990,3347066,-0.04,86
98/12/02,7.38,7.47,7.33,7.35,654100,4829360,-0.03,106
98/12/03,7.43,7.43,7.33,7.35,450203,3308882,,94
98/12/04,7.38,7.50,7.31,7.38,841137,6232898,0.03,155
98/12/07,7.38,7.52,7.38,7.47,849473,6332999,0.09,154
98/12/08,7.48,7.65,7.47,7.56,1648758,12488979,0.09,359
98/12/09,7.55,7.65,7.47,7.55,607472,4587777,-0.01,134
98/12/10,7.54,7.77,7.50,7.55,1583791,12089999,,292
98/12/11,7.60,7.75,7.58,7.62,1297597,9954316,0.07,212
98/12/14,7.73,8.15,7.66,8.15,4767728,38368699,0.53,590
98/12/15,8.15,8.36,8.07,8.07,4479650,36896390,-0.08,731
98/12/16,8.15,8.20,7.90,8.05,2131833,17122144,-0.02,418
98/12/17,8.18,8.18,7.70,7.72,2596012,20545422,-0.33,404
98/12/18,7.75,7.95,7.52,7.95,1769654,13814063,0.23,356
98/12/21,7.95,8.18,7.95,8.05,3330515,26963135,0.10,610
98/12/22,8.07,8.10,7.87,7.90,1274675,10146986,-0.15,279
98/12/23,7.95,7.95,7.85,7.87,1242200,9816060,-0.03,194
98/12/24,7.89,7.91,7.76,7.77,1155255,9049730,-0.10,194
98/12/25,7.80,7.85,7.73,7.79,977480,7621898,0.02,163
98/12/28,7.79,7.89,7.79,7.86,739465,5807421,0.07,152
98/12/29,7.95,7.95,7.83,7.88,595421,4694329,0.02,121
98/12/30,7.90,8.16,7.90,8.01,1948300,15744406,0.13,487
98/12/31,8.27,8.27,8.01,8.03,1321013,10673884,0.02,294
99/01/04,8.08,8.23,7.90,8.06,3094045,25061957,0.03,522
99/01/05,8.16,8.16,8.00,8.03,928999,7489062,-0.03,233
99/01/06,8.03,8.32,8.03,8.30,3533677,28983222,0.27,549
99/01/07,8.30,8.43,8.13,8.25,3138174,26100794,-0.05,675
99/01/08,8.30,8.37,8.26,8.35,1588183,13225907,0.10,368
99/01/11,8.39,8.93,8.36,8.93,6285433,54891213,0.58,988
99/01/12,8.93,9.30,8.75,9.08,6009260,54440588,0.15,1185
99/01/13,9.25,9.25,8.90,9.05,3371626,30688335,-0.03,532
99/01/14,9.05,9.05,8.88,8.91,1746511,15604377,-0.14,365
99/01/15,8.88,9.09,8.86,8.98,2346342,21124594,0.07,356
99/01/18,8.83,9.05,8.83,9.05,1474268,13235802,0.07,293
99/01/19,9.00,9.13,8.84,8.88,1256114,11232860,-0.17,292
99/01/20,8.95,9.00,8.60,8.60,1338656,11803594,-0.28,241
99/01/21,8.52,8.79,8.51,8.66,1744691,14980937,0.06,332
99/01/22,8.37,8.60,8.10,8.55,1371098,11516339,-0.11,262
99/01/25,8.48,8.53,8.27,8.53,710100,6007199,-0.02,141
99/01/26,8.55,8.60,7.94,7.95,1289097,10516545,-0.58,284
99/01/27,7.78,7.98,7.65,7.67,977234,7626191,-0.28,163
99/01/28,7.70,8.05,7.70,8.00,671058,5291668,0.33,160
99/01/29,7.90,7.99,7.70,7.99,349202,2748242,-0.01,94
99/02/01,8.04,8.15,7.80,7.99,1846002,14886324,,218
99/02/02,8.05,8.10,7.77,7.83,721024,5747152,-0.16,141
99/02/03,7.89,7.93,7.78,7.85,228195,1794461,0.02,76
99/02/04,7.80,7.90,7.78,7.85,256015,2000475,,78
99/02/05,7.50,7.79,7.31,7.31,855439,6313516,-0.54,169
99/02/06,7.11,7.31,6.85,7.24,600999,4261310,-0.07,126
99/02/08,7.25,7.36,7.02,7.27,1588559,11592480,0.03,155
99/02/09,7.14,7.42,7.14,7.39,1026671,7525195,0.12,148
99/02/10,7.40,7.63,7.40,7.50,707372,5299802,0.11,159
99/02/22,7.61,7.68,7.50,7.50,447946,3387093,,97
99/02/23,7.48,7.58,7.42,7.58,275003,2058511,0.08,69
99/02/24,7.31,7.58,7.31,7.58,163095,1219874,,48
99/02/25,7.56,7.60,7.48,7.56,314001,2365007,-0.02,62
99/02/26,7.51,7.59,7.48,7.50,246081,1855607,-0.06,60
99/03/01,7.55,7.66,7.55,7.64,284071,2161851,0.14,73
99/03/02,7.67,7.68,7.46,7.53,571473,4286083,-0.11,123
99/03/03,7.57,7.61,7.49,7.61,362105,2737364,0.08,98
99/03/04,7.61,7.62,7.47,7.61,855261,6468058,,154
99/03/05,7.62,7.70,7.56,7.62,542521,4139345,0.01,147
99/03/08,7.72,7.72,7.56,7.61,415170,3164803,-0.01,121
99/03/09,7.61,7.67,7.50,7.61,1882215,14212021,,300
99/03/10,7.62,7.72,7.50,7.61,1457664,11047501,,269
99/03/11,7.61,7.90,7.53,7.73,3709002,28788314,0.12,417
99/03/12,7.78,7.80,7.64,7.74,458668,3533322,0.01,115
99/03/15,7.70,7.76,7.62,7.76,486268,3741281,0.02,114
99/03/16,7.66,7.77,7.66,7.74,504539,3901168,-0.02,96
99/03/17,7.75,7.80,7.72,7.73,501005,3884658,-0.01,130
99/03/19,7.99,7.99,7.81,7.90,417047,3275059,0.10,103
99/03/22,7.90,7.99,7.80,7.92,331621,2625493,0.02,131
99/03/23,7.90,8.13,7.90,7.93,464854,3708755,0.01,130
99/03/24,7.99,8.00,7.86,7.91,481930,3823918,-0.02,96
99/03/25,7.85,8.07,7.82,7.99,865753,6839241,0.08,139
99/03/26,7.86,8.08,7.86,8.05,825540,6561770,0.06,93
99/03/29,8.08,8.08,8.00,8.05,164965,1326340,,80
99/03/30,8.09,8.09,7.97,7.97,359919,2883505,-0.08,94
99/03/31,8.05,8.06,7.98,8.00,552550,4427981,0.03,115
99/04/01,8.00,8.13,8.00,8.05,642172,5177216,0.05,150
99/04/02,8.06,8.09,8.01,8.02,406666,3272388,-0.03,80
99/04/06,8.02,8.13,8.02,8.02,437181,3527502,,137
99/04/07,8.05,8.08,8.02,8.08,363713,2923688,0.06,73
99/04/08,8.08,8.13,8.04,8.10,458514,3714006,0.02,105
99/04/09,8.12,8.13,8.06,8.12,538995,4369786,0.02,121
99/04/12,8.16,8.26,8.14,8.26,897473,7352010,0.14,205
99/04/13,8.45,8.50,8.26,8.33,1638118,13765893,0.07,331
99/04/14,8.35,8.45,8.25,8.40,597001,4979098,0.07,147
99/04/15,8.50,8.65,8.50,8.51,987032,8445910,0.11,221
99/04/16,8.52,8.70,8.45,8.57,1412446,12151334,0.06,283
99/04/19,8.35,8.70,8.10,8.20,1356471,11415551,-0.37,319
99/04/20,8.22,8.38,8.14,8.24,1183290,9754136,0.04,190
99/04/21,8.47,8.47,8.25,8.33,564811,4690000,0.09,119
99/04/22,8.28,8.43,8.13,8.43,370962,3073990,0.10,111
99/04/23,8.41,8.70,8.26,8.70,1122651,9613540,0.27,250
99/04/26,8.97,9.00,8.73,8.85,1402671,12449950,0.15,324
99/04/27,8.92,8.98,8.78,8.88,1457695,12932702,0.03,263
99/04/28,8.51,8.90,8.51,8.90,983943,8647344,0.02,219
99/04/29,8.90,9.52,8.85,9.39,5031150,46853199,0.49,1010
99/04/30,9.39,9.42,8.80,8.80,1760000,16115168,-0.59,418
99/05/03,8.75,8.88,8.50,8.60,665031,5752817,-0.20,145
99/05/04,8.65,8.73,8.38,8.38,967721,8276209,-0.22,188
99/05/05,8.00,8.18,7.86,7.99,1215020,9697668,-0.39,250
99/05/06,7.91,8.20,7.91,7.99,517244,4156599,,144
99/05/07,7.87,8.08,7.50,8.08,1418000,10969080,0.09,306
99/05/10,8.06,8.15,8.02,8.15,660897,5335214,0.07,132
99/05/11,8.18,8.23,8.08,8.16,672949,5483806,0.01,134
99/05/12,8.20,8.20,8.09,8.16,87892,716644,,40
99/05/13,8.20,8.33,8.16,8.27,1766440,14513826,0.11,237
99/05/14,8.26,8.48,8.26,8.38,1313301,10959775,0.11,299
99/05/17,8.21,8.29,8.02,8.16,460423,3735949,-0.22,129
99/05/18,8.14,8.16,7.93,8.00,553101,4443196,-0.16,101
99/05/19,7.80,8.48,7.80,8.45,1270775,10328667,0.45,322
99/05/20,8.45,8.55,8.11,8.20,511331,4257698,-0.25,156
99/05/21,7.90,8.00,7.80,8.00,441001,3462538,-0.20,115
99/05/24,8.00,8.16,8.00,8.00,292745,2349802,,93
99/05/25,8.00,8.00,7.44,7.50,943000,7092810,-0.50,159
99/05/26,7.51,7.58,7.22,7.53,294047,2201421,0.03,97
99/05/27,7.37,7.73,7.37,7.59,416308,3157277,0.06,110
99/05/28,7.78,7.78,7.62,7.66,438577,3378239,0.07,109
99/05/31,7.67,7.78,7.66,7.75,321216,2478542,0.09,74
99/06/01,7.75,7.79,7.68,7.68,219050,1694343,-0.07,56
99/06/02,7.66,7.72,7.58,7.67,330000,2527170,-0.01,82
99/06/03,7.71,7.87,7.71,7.77,169101,1312975,0.10,73
99/06/04,7.84,8.20,7.70,7.95,284015,2246239,0.18,115
99/06/07,7.71,7.85,7.67,7.78,62000,482350,-0.17,23
99/06/08,7.83,7.83,7.72,7.82,103000,803100,0.04,38
99/06/09,7.85,7.85,7.66,7.79,338005,2614568,-0.03,130
99/06/10,7.82,8.00,7.69,7.97,165400,1295260,0.18,60
99/06/11,8.01,8.09,7.97,8.07,413544,3326247,0.10,156
99/06/14,8.14,8.15,8.07,8.09,258644,2094780,0.02,87
99/06/15,8.09,8.12,8.01,8.08,320144,2576424,-0.01,106
99/06/17,8.10,8.14,8.01,8.08,178858,1441759,,71
99/06/18,8.05,8.10,7.95,8.02,297287,2378393,-0.06,69
99/06/21,8.10,8.20,7.81,7.84,1410001,11210827,-0.18,281
99/06/22,7.88,7.92,7.86,7.90,257300,2029089,0.06,95
99/06/23,7.89,7.98,7.88,7.91,334966,2653456,0.01,100
99/06/24,7.92,8.10,7.92,8.05,754951,6051678,0.14,217
99/06/25,7.99,7.99,7.85,7.89,349579,2757541,-0.16,90
99/06/28,7.89,7.95,7.89,7.93,291798,2309812,0.04,78
99/06/29,7.93,7.94,7.79,7.79,491013,3861450,-0.14,89
99/06/30,7.80,7.80,7.58,7.67,653058,4983280,-0.12,99
99/07/01,7.61,7.69,7.55,7.60,411005,3124398,-0.07,54
99/07/02,7.71,7.71,7.59,7.62,396099,3016151,0.02,69
99/07/05,7.63,7.68,7.54,7.59,392185,2973847,-0.03,102
99/07/06,7.59,7.71,7.58,7.65,214010,1641126,0.06,66
99/07/07,7.61,7.69,7.61,7.65,192000,1470720,,50
99/07/08,7.66,7.73,7.65,7.65,421901,3240127,,125
99/07/09,7.72,7.73,7.66,7.68,255459,1968058,0.03,87
99/07/12,7.70,7.74,7.64,7.71,967017,7409100,0.03,98
99/07/13,7.72,7.77,7.65,7.67,591206,4553089,-0.04,93
99/07/14,7.71,7.74,7.70,7.73,225655,1741503,0.06,59
99/07/15,7.73,7.74,7.68,7.73,140040,1079795,,53
99/07/16,7.73,7.74,7.69,7.73,125594,969213,,56
99/07/19,7.69,7.72,7.65,7.67,218100,1673865,-0.06,62
99/07/20,7.67,7.73,7.63,7.73,984990,7551091,0.06,138
99/07/21,7.73,7.74,7.68,7.68,490272,3776290,-0.05,82
99/07/22,7.67,7.72,7.67,7.68,158334,1216743,,49
99/07/23,7.72,7.76,7.70,7.75,397067,3071001,0.07,123
99/07/26,7.75,7.78,7.70,7.77,311922,2414865,0.02,112
99/07/27,7.76,7.78,7.72,7.72,260650,2022353,-0.05,58
99/07/28,7.76,8.26,7.70,8.26,3797395,30948162,0.54,350
99/07/29,8.39,8.46,8.24,8.30,3805834,31703198,0.04,714
99/07/30,8.26,8.36,8.18,8.18,1005605,8306260,-0.12,237
99/08/02,8.24,8.35,8.22,8.29,1674325,13872364,0.11,277
99/08/03,8.34,8.37,8.19,8.23,1001408,8265835,-0.06,192
99/08/04,8.24,8.33,8.21,8.31,1001258,8280478,0.08,226
99/08/05,8.34,8.58,8.34,8.37,2206305,18678629,0.06,442
99/08/06,8.42,8.54,8.37,8.52,1269183,10751237,0.15,256
99/08/09,8.55,8.78,8.55,8.55,2480365,21465271,0.03,486
99/08/10,8.60,8.64,8.48,8.55,1373701,11749726,,274
99/08/11,8.55,8.58,8.46,8.46,1343349,11444231,-0.09,185
99/08/12,8.44,8.44,8.36,8.38,1526982,12832019,-0.08,162
99/08/13,8.37,8.54,8.37,8.47,1559563,13147494,0.09,184
99/08/16,8.46,8.67,8.46,8.65,2003201,17227576,0.18,363
99/08/17,8.67,9.03,8.67,8.76,3417728,30217456,0.11,682
99/08/18,8.80,8.90,8.64,8.73,1316311,11536523,-0.03,329
99/08/19,8.78,8.78,8.59,8.59,1346254,11676448,-0.14,231
99/08/20,8.59,8.68,8.56,8.59,1258054,10832999,,206
99/08/23,8.56,8.79,8.56,8.65,1453890,12636080,0.06,267
99/08/24,8.65,8.70,8.52,8.55,2044962,17579933,-0.10,349
99/08/25,8.54,8.54,8.28,8.28,1564874,13147665,-0.27,246
99/08/26,8.28,8.31,8.24,8.25,653100,5405643,-0.03,115
99/08/27,8.24,8.28,8.14,8.14,791401,6488158,-0.11,129
99/08/30,8.21,8.21,8.09,8.10,614722,4997867,-0.04,134
99/08/31,8.10,8.13,7.95,7.99,1277549,10249977,-0.11,203
99/09/01,8.05,8.08,8.00,8.02,305015,2451110,0.03,70
99/09/02,8.03,8.14,8.02,8.07,318733,2570047,0.05,81
99/09/03,8.07,8.15,8.05,8.05,267071,2156648,-0.02,78
99/09/06,8.05,8.16,8.05,8.06,341173,2765354,0.01,89
99/09/07,8.06,8.12,8.06,8.07,361417,2921832,0.01,85
99/09/08,8.06,8.10,8.05,8.07,341964,2762819,,65
99/09/09,8.08,8.10,8.00,8.06,234035,1880952,-0.01,45
99/09/10,8.07,8.08,7.98,8.05,658202,5275718,-0.01,92
99/09/13,8.05,8.07,8.02,8.05,346977,2792946,,72
99/09/14,8.05,8.18,8.05,8.14,544398,4430202,0.09,107
99/09/15,8.15,8.17,8.08,8.10,274682,2232642,-0.04,55
99/09/16,8.10,8.14,8.08,8.08,265273,2152313,-0.02,69
99/09/17,8.10,8.24,8.10,8.19,671673,5486743,0.11,127
99/09/20,8.17,8.19,8.12,8.13,418790,3414408,-0.06,86
99/09/21,8.13,8.19,8.13,8.18,585754,4779136,0.05,109
99/09/23,8.18,8.18,8.10,8.14,271402,2209005,-0.04,56
99/09/24,8.10,8.12,8.08,8.10,202990,1644147,-0.04,58
99/09/27,8.15,8.25,8.15,8.16,699192,5713593,0.06,118
99/09/28,8.15,8.22,8.15,8.19,517214,4224640,0.03,71
99/09/29,8.19,8.23,8.19,8.21,613438,5034668,0.02,123
99/09/30,8.20,8.20,8.15,8.18,173657,1420973,-0.03,46
99/10/01,8.18,8.24,8.16,8.18,814237,6673255,,130
99/10/04,8.18,8.38,8.18,8.35,1799237,14927705,0.17,334
99/10/05,8.35,8.59,8.35,8.43,3752369,31908837,0.08,735
99/10/06,8.50,8.63,8.49,8.55,1962349,16781415,0.12,390
99/10/07,8.65,8.65,8.51,8.55,1829978,15666161,,247
99/10/08,8.55,8.60,8.45,8.46,742680,6308789,-0.09,154
99/10/11,8.53,8.53,8.30,8.40,466751,3928330,-0.06,146
99/10/12,8.45,8.56,8.31,8.39,887996,7505791,-0.01,220
99/10/13,8.45,8.97,8.45,8.85,4700217,41626359,0.46,1035
99/10/14,8.85,9.20,8.81,8.92,5396002,48861619,0.07,1019
99/10/15,9.15,9.54,9.10,9.54,11879860,112632549,0.62,2074
99/10/18,9.78,9.78,9.11,9.30,7948176,75497387,-0.24,1599
99/10/19,9.28,9.33,8.97,9.01,2350444,21432955,-0.29,577
99/10/20,8.97,9.34,8.93,9.16,2359960,21532253,0.15,602
99/10/21,9.16,9.45,9.14,9.40,4709246,44002418,0.24,900
99/10/22,9.40,9.41,9.17,9.17,2824047,26199509,-0.23,499
99/10/25,9.27,9.40,9.17,9.22,1809290,16786191,0.05,423
99/10/26,9.25,9.29,9.16,9.18,1942064,17858573,-0.04,346
99/10/27,9.20,9.28,9.14,9.14,3670856,33740242,-0.04,454
99/10/28,9.15,9.21,9.13,9.14,1424510,13039430,,197
99/10/29,9.14,9.20,9.02,9.03,812400,7373100,-0.11,228
99/11/01,9.03,9.12,8.94,8.94,1119329,10087797,-0.09,254
99/11/02,9.00,9.00,8.60,8.61,1802681,15761792,-0.33,355
99/11/03,8.62,8.80,8.61,8.61,1466059,12775171,,362
99/11/04,8.62,8.74,8.62,8.70,741707,6439329,0.09,186
99/11/05,8.75,8.85,8.73,8.77,1714764,15070937,0.07,363
99/11/08,8.85,9.29,8.85,9.22,2838429,25999393,0.45,742
99/11/09,9.24,9.27,9.07,9.12,2054018,18840172,-0.10,376
99/11/10,9.12,9.19,9.02,9.05,2017162,18332019,-0.07,335
99/11/11,9.00,9.12,9.00,9.08,587471,5317086,0.03,164
99/11/12,9.08,9.11,8.80,8.93,942775,8373966,-0.15,204
99/11/15,8.93,8.93,8.60,8.70,742839,6468425,-0.23,166
99/11/16,8.70,8.70,8.60,8.70,504237,4363307,,131
99/11/17,8.56,8.66,8.45,8.50,618788,5284806,-0.20,172
99/11/18,8.50,8.66,8.50,8.66,386101,3323994,0.16,124
99/11/19,8.70,8.72,8.60,8.60,357645,3090001,-0.06,112
99/11/22,8.60,8.72,8.60,8.61,298612,2578423,0.01,108
99/11/23,8.60,8.67,8.45,8.48,226589,1929991,-0.13,87
99/11/24,8.31,8.42,8.23,8.30,682231,5677924,-0.18,152
99/11/25,8.35,8.37,8.27,8.31,656813,5478755,0.01,109
99/11/26,8.27,8.35,8.20,8.20,370556,3055664,-0.11,122
99/11/29,8.21,8.36,8.21,8.35,402002,3328263,0.15,113
99/11/30,8.25,8.47,8.25,8.40,494599,4160199,0.05,136
99/12/01,8.40,8.97,8.40,8.77,1468719,12890615,0.37,349
99/12/02,8.80,8.89,8.58,8.67,554904,4815524,-0.10,181
99/12/03,8.72,8.83,8.63,8.67,398001,3473428,,135
99/12/06,8.67,8.82,8.67,8.80,737876,6469067,0.13,189
99/12/07,8.80,8.82,8.71,8.72,262402,2295724,-0.08,113
99/12/08,8.75,8.78,8.66,8.68,288037,2505787,-0.04,93
99/12/09,8.69,8.83,8.68,8.74,627035,5474633,0.06,129
99/12/10,8.75,8.75,8.58,8.60,494963,4272169,-0.14,119
99/12/13,8.61,8.69,8.55,8.61,511159,4403363,0.01,122
99/12/14,8.63,8.67,8.55,8.67,508711,4377542,0.06,152
99/12/15,8.66,8.80,8.66,8.67,996800,8678124,,186
99/12/16,8.67,8.80,8.67,8.71,467198,4087424,0.04,141
99/12/17,8.75,8.78,8.66,8.72,671864,5861036,0.01,145
99/12/20,8.75,8.79,8.65,8.71,545417,4743365,-0.01,125
99/12/21,8.66,8.85,8.66,8.76,952492,8352202,0.05,215
99/12/22,8.80,8.95,8.80,8.83,712001,6304106,0.07,189
99/12/23,8.92,8.93,8.83,8.83,623905,5523792,,155
99/12/24,8.83,8.88,8.71,8.79,1027120,9028097,-0.04,161
99/12/27,8.74,8.84,8.74,8.84,766636,6750785,0.05,131
99/12/28,8.84,8.84,8.79,8.82,400650,3531700,-0.02,89
99/12/29,8.82,8.83,8.77,8.79,669995,5902320,-0.03,145
99/12/30,8.79,8.84,8.77,8.78,433212,3807051,-0.01,99
99/12/31,8.78,8.91,8.78,8.91,2114826,18738817,0.13,218
100/01/03,8.95,9.30,8.93,9.17,3232973,29503950,0.26,648
100/01/04,9.30,9.30,9.05,9.06,1714570,15604530,-0.11,344
100/01/05,9.07,9.16,8.90,8.98,1388751,12530343,-0.08,227
100/01/06,8.98,9.09,8.91,9.03,424436,3817306,0.05,122
100/01/07,8.98,9.03,8.73,8.85,886957,7885900,-0.18,137
100/01/10,8.80,8.97,8.76,8.95,383553,3387338,0.10,94
100/01/11,8.89,8.96,8.85,8.92,635747,5666412,-0.03,134
100/01/12,8.88,8.93,8.84,8.92,657582,5842364,,148
100/01/13,8.92,8.94,8.84,8.91,822397,7316639,-0.01,171
100/01/14,8.92,8.97,8.90,8.93,899889,8033968,0.02,181
100/01/17,9.00,9.12,8.94,8.98,761503,6876695,0.05,196
100/01/18,9.02,9.07,8.91,8.92,389582,3482746,-0.06,94
100/01/19,8.30,8.82,8.30,8.81,1515153,13172348,-0.11,236
100/01/20,8.82,8.83,8.74,8.81,680340,5984462,,111
100/01/21,8.74,8.81,8.74,8.79,332130,2917769,-0.02,60
100/01/24,8.79,8.90,8.79,8.87,478315,4226400,0.08,109
100/01/25,8.92,8.99,8.80,8.82,729819,6502813,-0.05,159
100/01/26,8.82,8.91,8.82,8.86,495228,4402197,0.04,117
100/01/27,8.88,8.90,8.86,8.90,535482,4756181,0.04,92
100/01/28,8.90,8.92,8.83,8.92,450298,3994641,0.02,91
100/02/08,8.99,9.00,8.92,8.96,507335,4553796,0.04,183
100/02/09,8.92,8.96,8.88,8.93,437296,3894493,-0.03,84
100/02/10,8.95,8.99,8.88,8.88,279652,2491243,-0.05,70
100/02/11,8.90,9.05,8.74,8.88,1095015,9746842,,238
100/02/14,8.92,8.92,8.78,8.83,592689,5239631,-0.05,111
100/02/15,8.83,8.90,8.77,8.82,374100,3293897,-0.01,86
100/02/16,8.80,8.82,8.77,8.80,193399,1700754,-0.02,61
100/02/17,8.80,8.82,8.70,8.80,368655,3219741,,91
100/02/18,8.80,8.90,8.80,8.83,474338,4202933,0.03,103
100/02/21,8.90,8.97,8.83,8.89,345642,3069036,0.06,85
100/02/22,8.89,8.89,8.73,8.75,539775,4735325,-0.14,98
100/02/23,8.71,8.90,8.65,8.71,670010,5875626,-0.04,109
100/02/24,8.71,8.79,8.50,8.59,333712,2876285,-0.12,113
100/02/25,8.60,8.70,8.25,8.35,738023,6201370,-0.24,169
100/03/01,8.36,8.42,8.36,8.38,260765,2185712,0.03,89
100/03/02,8.38,8.41,8.33,8.40,404824,3391020,0.02,83
100/03/03,8.50,8.57,8.42,8.56,437755,3723423,0.16,108
100/03/04,8.56,8.60,8.40,8.53,360842,3067585,-0.03,63
100/03/07,8.50,8.56,8.43,8.48,184741,1567883,-0.05,49
100/03/08,8.50,8.60,8.42,8.50,312161,2654300,0.02,59
100/03/09,8.55,8.76,8.51,8.54,665435,5737676,0.04,143
100/03/10,8.62,8.62,8.48,8.52,276717,2355974,-0.02,54
100/03/11,8.46,8.49,8.41,8.49,368002,3106876,-0.03,81
100/03/14,8.52,8.55,8.28,8.35,263998,2210012,-0.14,63
100/03/15,8.37,8.40,7.77,7.78,866110,6956795,-0.57,120
100/03/16,7.88,7.88,7.56,7.80,230000,1775790,0.02,71
100/03/17,7.80,7.80,7.50,7.74,248002,1898034,-0.06,83
100/03/18,7.74,7.92,7.74,7.88,639433,5024316,0.14,95
100/03/21,7.87,8.02,7.87,7.98,525732,4183704,0.10,93
100/03/22,8.02,8.10,8.02,8.03,396688,3192584,0.05,88
100/03/23,8.03,8.15,8.03,8.12,227286,1838866,0.09,65
100/03/24,8.12,8.18,8.07,8.14,571002,4642876,0.02,77
100/03/25,8.15,8.15,8.10,8.14,119814,974212,,32
100/03/28,8.07,8.15,8.07,8.15,549337,4461142,0.01,59
100/03/29,8.14,8.15,8.08,8.14,190645,1546253,-0.01,53
100/03/30,8.14,8.15,8.07,8.12,243344,1972248,-0.02,52
100/03/31,8.13,8.15,8.09,8.14,119311,970448,0.02,40
100/04/01,8.10,8.15,8.06,8.14,475493,3859712,,54
100/04/06,8.14,8.17,8.10,8.17,477884,3884686,0.03,67
100/04/07,8.15,8.33,8.11,8.32,512725,4184185,0.15,82
100/04/08,8.32,8.46,8.26,8.31,337835,2819384,-0.01,94
100/04/11,8.34,8.45,8.31,8.31,367152,3066296,,80
100/04/12,8.35,8.35,8.21,8.28,315593,2615947,-0.03,67
100/04/13,8.28,8.38,8.23,8.34,329565,2739267,0.06,77
100/04/14,8.39,8.39,8.30,8.36,383936,3207006,0.02,61
100/04/15,8.44,8.44,8.30,8.36,200868,1688831,,48
100/04/18,8.36,8.40,8.30,8.40,416970,3490658,0.04,91
100/04/19,8.40,8.40,8.23,8.23,169284,1401003,-0.17,57
100/04/20,8.30,8.38,8.30,8.36,107072,894224,0.13,53
100/04/21,8.38,8.48,8.36,8.48,510049,4290491,0.12,108
100/04/22,8.54,8.67,8.50,8.65,793508,6796967,0.17,177
100/04/25,8.80,8.86,8.65,8.82,923705,8067368,0.17,187
100/04/26,8.80,8.85,8.61,8.75,610175,5295591,-0.07,85
100/04/27,8.75,8.89,8.75,8.78,648400,5694595,0.03,124
100/04/28,8.85,8.87,8.65,8.70,859094,7477087,-0.08,80
100/04/29,8.70,8.82,8.62,8.64,428252,3735246,-0.06,94
100/05/03,8.70,8.77,8.61,8.69,383589,3319861,0.05,85
100/05/04,8.60,8.80,8.60,8.74,537124,4679746,0.05,136
100/05/05,8.66,8.79,8.66,8.77,342048,2990205,0.03,85
100/05/06,8.76,8.85,8.72,8.78,469980,4121855,0.01,119
100/05/09,8.82,8.90,8.77,8.77,709478,6254066,-0.01,258
100/05/10,8.79,8.89,8.77,8.86,365100,3214420,0.09,84
100/05/11,8.90,9.30,8.81,9.30,1096544,9845083,0.44,176
100/05/12,9.26,9.26,9.00,9.05,947999,8633531,-0.25,202
100/05/13,9.05,9.15,8.94,8.94,399612,3609676,-0.11,100
100/05/16,8.96,9.08,8.90,9.00,318620,2868376,0.06,72
100/05/17,8.98,9.00,8.88,8.90,399222,3558986,-0.10,71
100/05/18,8.88,8.94,8.86,8.90,454000,4031180,,74
100/05/19,8.92,8.98,8.85,8.85,258197,2305132,-0.05,71
100/05/20,8.85,8.91,8.80,8.80,310737,2753625,-0.05,69
100/05/23,8.80,8.80,8.55,8.61,298515,2579727,-0.19,58
100/05/24,8.60,8.60,8.50,8.56,359900,3075817,-0.05,36
100/05/25,8.52,8.62,8.45,8.55,198069,1682601,-0.01,42
100/05/26,8.58,8.76,8.54,8.66,951768,8236327,0.11,132
100/05/27,8.68,8.70,8.56,8.67,244200,2109064,0.01,60
100/05/30,8.62,8.90,8.62,8.77,499246,4375073,0.10,107
100/05/31,8.77,8.92,8.77,8.91,485774,4313657,0.14,71
100/06/01,8.95,8.98,8.84,8.90,443483,3940417,-0.01,87
100/06/02,8.82,9.04,8.80,8.94,1287014,11506020,0.04,174
100/06/03,9.00,9.17,8.92,9.10,1478680,13391602,0.16,226
100/06/07,9.11,9.30,9.06,9.17,1580582,14499810,0.07,239
100/06/08,9.17,9.20,9.10,9.19,686064,6271902,0.02,132
100/06/09,9.20,9.25,9.16,9.19,594078,5470303,,110
100/06/10,9.20,9.23,9.02,9.20,745152,6829361,0.01,144
100/06/13,9.19,9.20,8.98,9.00,569595,5160568,-0.20,103
100/06/14,8.98,9.17,8.98,9.07,494257,4479372,0.07,86
100/06/15,9.07,9.07,8.80,8.92,442313,3959631,-0.15,111
100/06/16,8.90,8.90,8.80,8.85,178809,1577509,-0.07,43
100/06/17,8.75,8.89,8.71,8.85,397383,3485159,,70
100/06/20,8.85,8.90,8.75,8.75,165412,1454553,-0.10,36
100/06/21,8.79,8.79,8.70,8.76,472488,4123884,0.01,80
100/06/22,8.80,8.86,8.72,8.73,129375,1132771,-0.03,42
100/06/23,8.72,8.83,8.71,8.78,90006,786780,0.05,23
100/06/24,8.78,8.82,8.77,8.78,51557,452914,,18
100/06/27,8.77,8.80,8.70,8.71,85430,745865,-0.07,40
100/06/28,8.71,8.87,8.71,8.82,208553,1828742,0.11,47
100/06/29,8.82,8.89,8.75,8.78,146979,1293964,-0.04,33
100/06/30,8.85,8.85,8.76,8.81,107012,940885,0.03,29
100/07/01,8.78,8.86,8.78,8.81,145909,1285699,,41
100/07/04,8.90,8.90,8.83,8.83,177002,1569686,0.02,32
100/07/05,8.81,8.93,8.81,8.89,424532,3769246,0.06,62
100/07/06,8.90,8.95,8.89,8.89,98171,874359,,28
100/07/07,8.89,8.92,8.83,8.91,187170,1662235,0.02,38
100/07/08,8.90,8.99,8.90,8.99,579977,5194177,0.08,89
100/07/11,9.08,9.28,9.00,9.13,752125,6883106,0.14,195
100/07/12,9.18,9.18,8.98,9.00,248782,2246698,-0.13,67
100/07/13,9.00,9.08,8.81,8.83,206002,1836706,-0.17,54
100/07/14,8.90,9.03,8.81,8.99,173662,1543091,0.16,42
100/07/15,8.98,9.05,8.88,9.01,326055,2939460,0.02,79
100/07/18,9.01,9.01,8.93,8.96,242446,2177345,-0.05,47
100/07/19,9.00,9.17,8.95,9.17,599658,5431730,0.21,131
100/07/20,9.21,9.26,9.15,9.19,619341,5689838,0.02,172
100/07/21,9.19,9.21,9.11,9.16,515999,4741480,-0.03,122
100/07/22,9.18,9.55,9.16,9.46,1996102,18659067,0.30,433
100/07/25,9.49,9.49,9.25,9.38,585103,5485427,-0.08,154
100/07/26,9.50,9.50,9.32,9.33,388383,3659061,-0.05,97
100/07/27,9.45,9.45,9.31,9.33,384812,3594291,,92
100/07/28,9.38,9.38,9.08,9.20,498000,4564820,-0.13,132
100/07/29,9.17,9.17,9.04,9.05,871753,7913487,-0.15,147
100/08/01,9.10,9.19,9.08,9.19,413853,3785726,0.14,111
100/08/02,9.09,9.19,9.08,9.14,436150,3964980,-0.05,62
100/08/03,9.06,9.06,8.80,9.00,551300,4912010,-0.14,432
100/08/04,9.05,9.10,8.90,9.00,209550,1883740,,66
100/08/05,8.80,8.80,8.37,8.37,849413,7188785,-0.63,172
100/08/08,8.36,8.36,7.80,7.89,1030720,8212863,-0.48,852
100/08/09,7.36,7.86,7.36,7.71,633002,4779834,-0.18,144
100/08/10,7.85,8.12,7.77,7.98,699014,5523042,0.27,147
100/08/11,7.80,7.94,7.72,7.81,461111,3595746,-0.17,105
100/08/12,7.84,8.00,7.84,7.97,751000,5946320,0.16,88
100/08/15,7.91,8.38,7.91,8.38,1063090,8748316,0.41,156
100/08/16,8.44,8.46,8.29,8.39,385000,3214050,0.01,98
100/08/17,8.35,8.35,8.27,8.34,256999,2135269,-0.05,50
100/08/18,8.31,8.50,8.31,8.44,416800,3491209,0.10,82
100/08/19,8.10,8.18,7.96,8.10,375050,3026789,-0.34,70
100/08/22,8.10,8.30,8.01,8.14,89115,721280,0.04,35
100/08/23,8.30,8.33,8.03,8.25,122263,998425,0.11,40
100/08/24,8.20,8.49,8.15,8.27,103575,851054,0.02,28
100/08/25,8.40,8.42,8.20,8.21,278620,2319471,-0.06,68
100/08/26,8.26,8.30,8.20,8.20,67000,552720,-0.01,33
100/08/29,8.24,8.49,8.24,8.30,210980,1765054,0.10,71
100/08/30,8.36,8.53,8.36,8.53,349741,2968338,0.23,80
100/08/31,8.58,8.63,8.43,8.43,266665,2282886,-0.10,69
100/09/01,8.45,8.63,8.39,8.63,359001,3047728,0.20,81
100/09/02,8.65,8.72,8.54,8.70,374000,3233500,0.07,82
100/09/05,9.30,9.30,9.25,9.30,11537907,107300302,0.60,1386
100/09/06,9.40,9.40,9.01,9.01,5434499,50553985,-0.29,1018
100/09/07,9.29,9.29,9.00,9.00,1429410,13026040,-0.01,314
100/09/08,9.18,9.18,9.01,9.01,990117,8971075,0.01,240
100/09/09,9.01,9.01,8.80,8.84,1076459,9576044,-0.17,237
100/09/13,8.80,8.80,8.53,8.54,1137310,9765215,-0.30,213
100/09/14,8.55,8.55,8.15,8.16,824399,6830291,-0.38,182
100/09/15,8.24,8.38,8.22,8.23,426131,3518396,0.07,120
100/09/16,8.28,8.38,8.26,8.33,330492,2752152,0.10,104
100/09/19,8.38,8.38,8.10,8.10,433236,3555637,-0.23,102
100/09/20,8.32,8.32,8.08,8.13,529010,4305891,0.03,120
100/09/21,8.18,8.23,8.11,8.15,172000,1408510,0.02,42
100/09/22,8.07,8.14,7.98,8.10,776105,6240300,-0.05,154
100/09/23,7.85,7.85,7.68,7.70,551000,4254960,-0.40,140
100/09/26,7.82,7.82,7.56,7.56,515242,3931427,-0.14,85
100/09/27,7.66,7.75,7.52,7.52,685000,5200630,-0.04,99
100/09/28,7.60,7.63,7.56,7.57,451118,3424087,0.05,56
100/09/29,7.56,7.66,7.56,7.65,152310,1159464,0.08,28
100/09/30,7.73,7.73,7.66,7.73,80001,615597,0.08,39
100/10/03,7.70,7.72,7.53,7.57,191115,1463535,-0.16,50
100/10/04,7.45,7.54,7.45,7.54,226055,1693642,-0.03,45
100/10/05,7.55,7.64,7.48,7.57,103001,776007,0.03,32
100/10/06,7.57,7.82,7.57,7.70,805808,6203458,0.13,87
100/10/07,7.89,7.89,7.70,7.80,183000,1419360,0.10,57
100/10/11,7.85,7.90,7.82,7.83,180002,1412624,0.03,49
100/10/12,7.80,7.83,7.75,7.82,176101,1375977,-0.01,46
100/10/13,7.85,7.92,7.81,7.84,211270,1660473,0.02,44
100/10/14,7.73,7.84,7.73,7.82,84250,654380,-0.02,33
100/10/17,7.84,7.85,7.75,7.85,150587,1175623,0.03,44
100/10/18,7.60,7.80,7.60,7.78,75424,583414,-0.07,29
100/10/19,7.79,7.80,7.74,7.77,97215,756130,-0.01,27
100/10/20,7.77,7.77,7.60,7.60,228000,1739580,-0.17,49
100/10/21,7.65,7.65,7.49,7.55,89020,672291,-0.05,32
100/10/24,7.64,7.73,7.55,7.66,180000,1384470,0.11,73
100/10/25,7.67,7.79,7.67,7.77,162197,1257551,0.11,40
100/10/26,7.79,7.79,7.66,7.78,213159,1653978,0.01,48
100/10/27,7.80,7.94,7.80,7.92,273001,2149717,0.14,78
100/10/28,8.00,8.02,7.86,7.86,480380,3826656,-0.06,131
100/10/31,7.86,7.97,7.86,7.90,284088,2253527,0.04,66
100/11/01,7.89,7.99,7.86,7.98,284411,2253008,0.08,66
100/11/02,7.89,8.09,7.89,8.05,189001,1515078,0.07,60
100/11/03,8.12,8.12,7.90,7.92,184500,1471289,-0.13,43
100/11/04,7.97,8.02,7.94,8.02,277693,2218284,0.10,71
100/11/07,8.05,8.09,8.00,8.01,78457,631381,-0.01,28
100/11/08,8.02,8.20,8.02,8.06,207853,1679399,0.05,72
100/11/09,8.07,8.16,8.01,8.03,370003,2998542,-0.03,74
100/11/10,7.86,7.92,7.61,7.73,430000,3346260,-0.30,81
100/11/11,7.73,7.80,7.73,7.75,178295,1383404,0.02,41
100/11/14,7.80,7.86,7.80,7.81,171031,1337490,0.06,44
100/11/15,7.80,7.80,7.75,7.75,87000,675810,-0.06,22
100/11/16,7.75,7.88,7.71,7.71,172000,1331890,-0.04,38
100/11/17,7.74,7.74,7.64,7.73,39219,301496,0.02,18
100/11/18,7.67,7.67,7.50,7.61,180000,1359040,-0.12,52
100/11/21,7.60,7.60,7.31,7.44,106000,779800,-0.17,40
100/11/22,7.29,7.40,7.22,7.34,148005,1082736,-0.10,39
100/11/23,7.20,7.43,7.01,7.08,221436,1566302,-0.26,58
100/11/24,6.90,7.19,6.89,7.13,262609,1836053,0.05,73
100/11/25,7.10,7.22,7.04,7.09,125232,891328,-0.04,40
100/11/28,7.20,7.20,7.04,7.16,105000,748800,0.07,33
100/11/29,7.16,7.27,7.16,7.22,73000,525290,0.06,29
100/11/30,7.16,7.18,6.96,7.10,62015,439135,-0.12,37
100/12/01,7.40,7.40,7.14,7.35,363615,2641597,0.25,85
100/12/02,7.35,7.44,7.25,7.35,145386,1065097,,45
100/12/05,7.35,7.45,7.22,7.29,63010,459301,-0.06,27
100/12/06,7.27,7.27,7.15,7.24,88002,636194,-0.05,32
100/12/07,7.25,7.36,7.23,7.30,230500,1682439,0.06,35
100/12/08,7.25,7.29,7.17,7.29,39000,282690,-0.01,17
100/12/09,7.25,7.44,7.09,7.35,89000,646200,0.06,43
100/12/12,7.47,7.47,7.25,7.25,53757,392380,-0.10,20
100/12/13,7.18,7.29,7.02,7.25,56711,406179,,31
100/12/14,7.27,7.27,7.24,7.25,40007,290039,,19
100/12/15,7.13,7.22,7.10,7.22,41000,294510,-0.03,15
100/12/16,7.05,7.30,7.05,7.23,84115,610698,0.01,34
100/12/19,7.08,7.36,6.86,7.18,120656,862917,-0.05,46
100/12/20,7.00,7.18,6.81,7.00,250000,1746370,-0.18,64
100/12/21,7.10,7.22,7.10,7.13,353000,2524750,0.13,84
100/12/22,7.13,7.20,7.09,7.16,57716,412223,0.03,27
100/12/23,7.23,7.30,7.18,7.25,387432,2805287,0.09,85
100/12/26,7.25,7.30,7.20,7.23,50071,362440,-0.02,30
100/12/27,7.06,7.24,7.06,7.20,52063,371150,-0.03,21
100/12/28,7.10,7.20,7.10,7.12,199336,1425235,-0.08,53
100/12/29,7.14,7.18,7.14,7.18,20000,143310,0.06,11
100/12/30,7.19,7.19,7.10,7.18,200200,1430963,,30
101/01/02,7.08,7.20,7.08,7.15,65245,467094,-0.03,19
101/01/03,7.19,7.38,7.19,7.22,420789,3049580,0.07,85
101/01/04,7.26,7.26,7.19,7.25,68002,491174,0.03,26
101/01/05,7.29,7.36,7.18,7.36,1085300,7916635,0.11,237
101/01/06,7.35,7.35,7.21,7.30,191079,1388693,-0.06,75
101/01/09,7.22,7.30,7.20,7.26,151000,1095580,-0.04,20
101/01/10,7.20,7.24,7.10,7.20,125038,896401,-0.06,56
101/01/11,7.15,7.20,7.10,7.19,94513,676976,-0.01,37
101/01/12,7.10,7.18,7.10,7.16,144001,1028717,-0.03,35
101/01/13,7.15,7.16,7.02,7.05,134003,949821,-0.11,45
101/01/16,7.14,7.14,7.02,7.11,212055,1503670,0.06,50
101/01/17,7.11,7.16,7.06,7.16,234210,1671750,0.05,38
101/01/18,7.18,7.27,7.16,7.25,416539,3006629,0.09,99
101/01/30,7.44,7.44,7.28,7.39,139097,1024961,0.14,64
101/01/31,7.39,7.54,7.30,7.48,264004,1965408,0.09,90
101/02/01,7.49,7.68,7.46,7.65,463174,3519540,0.17,116
101/02/02,7.51,7.76,7.51,7.70,254717,1959213,0.05,90
101/02/03,7.70,7.75,7.61,7.72,315001,2423796,0.02,78
101/02/04,7.72,8.05,7.72,8.05,1265122,9999767,0.33,192
101/02/06,8.10,8.14,7.95,8.00,1078202,8665683,-0.05,112
101/02/07,7.95,8.05,7.92,7.98,183001,1458297,-0.02,44
101/02/08,8.05,8.15,8.00,8.10,301098,2424542,0.12,84
101/02/09,8.05,8.15,8.03,8.10,247771,2006035,,63
101/02/10,8.10,8.18,8.08,8.17,267602,2174355,0.07,60
101/02/13,8.14,8.24,8.12,8.22,339201,2768699,0.05,69
101/02/14,8.23,8.23,8.07,8.11,244735,1981371,-0.11,49
101/02/15,8.11,8.28,8.11,8.28,656773,5383355,0.17,160
101/02/16,8.24,8.27,8.05,8.09,309517,2522486,-0.19,89
101/02/17,8.11,8.23,8.04,8.10,284283,2300696,0.01,86
101/02/20,8.10,8.24,8.10,8.19,528792,4330861,0.09,74
101/02/21,8.24,8.24,8.03,8.10,102002,830646,-0.09,35
101/02/22,8.10,8.14,8.08,8.08,151028,1225132,-0.02,44
101/02/23,8.08,8.10,8.03,8.09,397516,3199698,0.01,63
101/02/24,8.10,8.10,7.98,8.06,295400,2377095,-0.03,54
101/02/29,8.06,8.20,8.06,8.14,962351,7787863,0.08,66
101/03/01,8.10,8.19,8.10,8.17,251646,2054502,0.03,55
101/03/02,8.12,8.23,8.12,8.21,598053,4908891,0.04,97
101/03/03,8.23,8.30,8.20,8.27,301202,2482056,0.06,84
101/03/05,8.25,8.26,8.16,8.19,107100,879870,-0.08,32
101/03/06,8.20,8.21,8.01,8.17,329001,2677708,-0.02,60
101/03/07,8.02,8.30,8.02,8.16,364054,2989298,-0.01,112
101/03/08,8.25,8.25,8.16,8.20,122019,999941,0.04,49
101/03/09,8.20,8.24,8.18,8.23,206900,1697639,0.03,46
101/03/12,8.28,8.28,8.11,8.18,225321,1840679,-0.05,43
101/03/13,8.19,8.22,8.13,8.20,96026,786061,0.02,36
101/03/14,8.23,8.26,8.18,8.20,158884,1308042,,34
101/03/15,8.15,8.23,8.13,8.13,108482,888492,-0.07,41
101/03/16,8.13,8.18,8.10,8.15,219200,1778378,0.02,39
101/03/19,8.08,8.15,8.05,8.06,140163,1130674,-0.09,33
101/03/20,8.12,8.14,8.00,8.00,104212,838369,-0.06,35
101/03/21,8.00,8.10,7.95,8.10,117330,938220,0.10,57
101/03/22,8.02,8.24,8.02,8.14,172685,1406876,0.04,46
101/03/23,8.14,8.18,8.02,8.12,29003,233764,-0.02,16
101/03/26,8.03,8.06,7.93,7.93,327230,2620168,-0.19,50
101/03/27,7.94,8.07,7.94,8.00,100215,800638,0.07,24
101/03/28,7.95,8.00,7.87,7.93,56705,447998,-0.07,20
101/03/29,7.76,7.86,7.62,7.70,242732,1872003,-0.23,41
101/03/30,7.67,7.75,7.60,7.68,168167,1280344,-0.02,30
101/04/02,7.50,7.68,7.47,7.57,356286,2684133,-0.11,59
101/04/03,7.60,7.60,7.15,7.40,362299,2666401,-0.17,51
101/04/05,7.16,7.28,7.02,7.19,343000,2447390,-0.21,40
101/04/06,7.20,7.28,7.08,7.28,300286,2151389,0.09,75
101/04/09,7.08,7.22,7.06,7.22,233862,1666253,-0.06,56
101/04/10,7.03,7.50,7.03,7.38,128038,933933,0.16,51
101/04/11,7.29,7.40,7.19,7.40,96163,700686,0.02,48
101/04/12,7.30,7.45,7.21,7.45,67432,494791,0.05,52
101/04/13,7.33,7.72,7.33,7.64,234909,1781886,0.19,53
101/04/16,7.60,7.71,7.58,7.60,1113673,8496885,-0.04,132
101/04/17,7.53,7.66,7.43,7.66,1202245,9023171,0.06,118
101/04/18,7.52,7.70,7.52,7.68,144786,1105540,0.02,42
101/04/19,7.60,7.60,7.50,7.60,75014,565464,-0.08,25
101/04/20,7.45,7.57,7.34,7.38,144002,1063704,-0.22,34
101/04/23,7.50,7.50,7.23,7.45,28002,207364,0.07,18
101/04/24,7.40,7.40,7.38,7.39,15465,114253,-0.06,10
101/04/25,7.30,7.40,7.28,7.40,54187,397714,0.01,21
101/04/26,7.49,7.49,7.30,7.36,241501,1772027,-0.04,56
101/04/27,7.33,7.49,7.31,7.32,108001,792287,-0.04,23
101/04/30,7.21,7.35,7.21,7.34,63001,460457,0.02,23
101/05/02,7.34,7.44,7.34,7.44,320766,2370358,0.10,76
101/05/03,7.40,7.40,7.34,7.38,158253,1168123,-0.06,28
101/05/04,7.39,7.41,7.35,7.41,148002,1093794,0.03,28
101/05/07,7.40,7.40,7.22,7.30,103590,758646,-0.11,27
101/05/08,7.38,7.40,7.33,7.40,71055,523291,0.10,24
101/05/09,7.35,7.35,7.14,7.28,323103,2337931,-0.12,73
101/05/10,7.24,7.28,7.24,7.28,49001,355987,,18
101/05/11,7.21,7.27,7.18,7.18,82001,592397,-0.10,19
101/05/14,7.23,7.23,7.16,7.22,174236,1248428,0.04,23
101/05/15,7.10,7.23,7.10,7.20,35215,252727,-0.02,11
101/05/16,7.10,7.19,7.09,7.14,27845,197949,-0.06,12
101/05/17,7.19,7.23,7.02,7.17,27054,193517,0.03,17
101/05/18,7.01,7.09,6.91,6.96,104054,725887,-0.21,45
101/05/21,6.98,7.00,6.95,6.96,41003,285486,,22
101/05/22,7.04,7.04,6.98,7.03,217773,1525711,0.07,45
101/05/23,7.00,7.00,6.89,7.00,91001,632747,-0.03,33
101/05/24,6.94,6.99,6.88,6.95,44001,305567,-0.05,24
101/05/25,6.99,7.00,6.88,7.00,59003,412219,0.05,19
101/05/28,6.99,7.00,6.92,6.99,14006,97662,-0.01,11
101/05/29,7.05,7.12,7.00,7.10,279404,1975438,0.11,52
101/05/30,7.08,7.11,6.96,7.10,156003,1102691,,48
101/05/31,6.98,7.05,6.86,7.05,21155,147046,-0.05,21
101/06/01,7.05,7.05,6.91,7.03,105001,730127,-0.02,26
101/06/04,6.80,7.09,6.54,6.76,167014,1128222,-0.27,63
101/06/05,6.76,6.94,6.76,6.88,46001,313786,0.12,20
101/06/06,6.98,7.04,6.94,6.98,77000,537770,0.10,22
101/06/07,6.98,6.98,6.90,6.94,60478,419283,-0.04,25
101/06/08,7.01,7.01,6.97,6.97,6497,45282,0.03,14
101/06/11,6.88,7.13,6.88,7.00,16060,112103,0.03,12
101/06/12,7.04,7.04,6.80,6.99,17000,117400,-0.01,11
101/06/13,6.99,6.99,6.96,6.96,9047,63109,-0.03,12
101/06/14,6.99,6.99,6.82,6.92,64188,439865,-0.04,20
101/06/15,6.92,6.96,6.92,6.96,84003,584101,0.04,19
101/06/18,7.18,7.18,7.01,7.10,201883,1430279,0.14,26
101/06/19,7.05,7.05,6.98,6.98,128045,901535,-0.12,21
101/06/20,7.17,7.17,7.00,7.01,58001,407046,0.03,26
101/06/21,7.05,7.11,7.00,7.06,129273,910551,0.05,26
101/06/22,7.01,7.02,7.00,7.00,120141,841885,-0.06,27
101/06/25,6.98,7.06,6.92,7.04,482029,3373385,0.04,58
101/06/26,6.96,7.07,6.93,7.05,996009,6982643,0.01,60
101/06/27,7.04,7.04,6.93,7.00,390005,2723155,-0.05,54
101/06/28,7.00,7.02,6.90,6.97,501005,3480055,-0.03,59
101/06/29,6.97,6.97,6.94,6.95,220406,1532920,-0.02,35
101/07/02,7.00,7.01,6.95,7.00,222273,1552820,0.05,40
101/07/03,6.91,6.99,6.91,6.97,185002,1286113,-0.03,30
101/07/04,6.97,6.97,6.91,6.95,105002,727802,-0.02,28
101/07/05,6.95,6.96,6.92,6.95,171004,1187904,,24
101/07/06,6.96,6.96,6.92,6.96,102002,708092,0.01,21
101/07/09,6.93,6.95,6.90,6.95,102007,706232,-0.01,28
101/07/10,6.90,6.95,6.90,6.94,105020,725859,-0.01,21
101/07/11,6.93,6.99,6.93,6.99,85020,592108,0.05,22
101/07/12,6.94,6.94,6.91,6.93,70120,485687,-0.06,14
101/07/13,6.86,6.87,6.85,6.87,92158,632123,-0.06,31
101/07/16,6.90,6.90,6.84,6.84,48546,333511,-0.03,14
101/07/17,6.85,6.85,6.80,6.83,169001,1151796,-0.01,41
101/07/18,6.66,6.86,6.66,6.82,85000,572160,-0.01,23
101/07/19,6.81,6.84,6.81,6.81,65225,445290,-0.01,19
101/07/20,6.78,6.83,6.74,6.78,25003,169340,-0.03,15
101/07/23,7.20,7.20,6.80,6.87,94202,663271,0.09,36
101/07/24,6.73,6.90,6.73,6.80,91474,620959,-0.07,32
101/07/25,6.76,6.80,6.74,6.75,384530,2598970,-0.05,32
101/07/26,6.75,6.79,6.64,6.68,173001,1159436,-0.07,41
101/07/27,6.68,6.79,6.68,6.79,58370,394739,0.11,30
101/07/30,6.76,6.78,6.74,6.76,203002,1372062,-0.03,30
101/07/31,6.78,6.78,6.70,6.75,69044,464595,-0.01,16
101/08/01,6.78,6.78,6.73,6.77,147000,993070,0.02,23
101/08/03,6.77,6.78,6.75,6.78,55000,372140,0.01,15
101/08/06,6.79,6.83,6.77,6.82,215003,1460330,0.04,41
101/08/07,6.83,6.83,6.80,6.82,148278,1009338,,37
101/08/08,6.83,6.92,6.83,6.88,237003,1628128,0.06,71
101/08/09,6.84,6.96,6.83,6.95,149172,1030092,0.07,45
101/08/10,6.90,6.99,6.90,6.98,152000,1058080,0.03,33
101/08/13,7.02,7.03,6.94,7.02,102431,717877,0.04,31
101/08/14,7.04,7.04,6.96,7.03,48045,336455,0.01,27
101/08/15,7.04,7.07,7.00,7.05,77115,543035,0.02,29
101/08/16,7.03,7.24,7.00,7.21,326422,2331598,0.16,66
101/08/17,7.24,7.36,7.11,7.21,321272,2330178,,78
101/08/20,7.26,7.31,7.21,7.28,319087,2324598,0.07,64
101/08/21,7.28,7.32,7.24,7.31,71539,521609,0.03,29
101/08/22,7.34,7.35,7.21,7.30,71705,522720,-0.01,27
101/08/23,7.22,7.35,7.22,7.35,232000,1697060,0.05,43
101/08/24,7.25,7.45,7.25,7.32,248500,1835239,-0.03,42
101/08/27,7.32,7.35,7.30,7.34,121463,889096,0.02,33
101/08/28,7.31,7.36,7.28,7.32,134163,980939,-0.02,36
101/08/29,7.33,7.33,7.26,7.32,63811,465640,,19
101/08/30,7.26,7.32,7.25,7.28,66331,481793,-0.04,18
101/08/31,7.28,7.28,7.16,7.19,259260,1865227,-0.09,50
101/09/03,7.17,7.26,7.12,7.20,86911,625337,0.01,28
101/09/04,7.15,7.20,7.13,7.13,119999,859641,-0.07,27
101/09/05,7.14,7.15,7.07,7.07,270154,1921908,-0.06,43
101/09/06,7.06,7.15,7.05,7.10,219000,1554740,0.03,47
101/09/07,7.15,7.17,7.10,7.17,503135,3583760,0.07,51
101/09/10,7.15,7.28,7.01,7.26,539514,3878072,0.09,132
101/09/11,7.25,7.25,7.15,7.24,252514,1815460,-0.02,44
101/09/12,7.18,7.27,7.18,7.25,118970,861103,0.01,30
101/09/13,7.25,7.29,7.23,7.25,145019,1052526,,39
101/09/14,7.25,7.35,7.25,7.26,280558,2042518,0.01,51
101/09/17,7.25,7.35,7.20,7.28,324434,2371017,0.02,68
101/09/18,7.27,7.31,7.27,7.31,110055,802260,0.03,26
101/09/19,7.31,7.44,7.31,7.43,326300,2408150,0.12,63
101/09/20,7.49,7.74,7.45,7.70,847296,6409301,0.27,191
101/09/21,7.70,7.84,7.61,7.79,363286,2814113,0.09,97
101/09/24,7.85,7.98,7.63,7.94,557985,4354881,0.15,116
101/09/25,7.90,8.08,7.90,7.94,341562,2729468,,96
101/09/26,7.71,7.87,7.71,7.78,151683,1176096,-0.16,56
101/09/27,7.78,7.83,7.70,7.80,145252,1125406,0.02,53
101/09/28,7.83,7.83,7.64,7.71,374500,2889505,-0.09,64
101/10/01,7.63,7.74,7.63,7.68,99490,763813,-0.03,23
101/10/02,7.75,7.75,7.70,7.72,96005,741228,0.04,23
101/10/03,7.78,7.78,7.61,7.75,45386,349652,0.03,20
101/10/04,7.62,7.82,7.52,7.82,285700,2203420,0.07,49
101/10/05,7.82,7.82,7.69,7.75,187213,1448210,-0.07,32
101/10/08,7.68,7.68,7.59,7.66,115015,880144,-0.09,23
101/10/09,7.56,7.70,7.55,7.70,104626,793707,0.04,28
101/10/11,7.60,7.60,7.30,7.32,205675,1529977,-0.38,40
101/10/12,7.44,7.44,7.20,7.24,107115,778640,-0.08,29
101/10/15,7.18,7.20,7.07,7.20,203365,1445694,-0.04,38
101/10/16,7.26,7.26,7.20,7.20,35011,252998,,13
101/10/17,7.17,7.25,7.13,7.22,87631,628423,0.02,26
101/10/18,7.14,7.21,7.13,7.21,24001,171987,-0.01,8
101/10/19,7.10,7.20,7.10,7.20,11555,82915,-0.01,7
101/10/22,7.12,7.14,7.07,7.10,99280,705116,-0.10,20
101/10/23,7.07,7.16,7.06,7.15,107623,763182,0.05,32
101/10/24,7.04,7.10,7.02,7.05,66002,464254,-0.10,25
101/10/25,7.01,7.08,6.90,7.00,155980,1092700,-0.05,38
101/10/26,6.98,6.99,6.70,6.89,115000,790980,-0.11,28
101/10/29,6.81,6.81,6.71,6.77,126884,860121,-0.12,34
101/10/30,6.80,6.96,6.80,6.88,159236,1096160,0.11,35
101/10/31,6.88,7.00,6.84,6.88,115319,798548,,17
101/11/01,6.85,6.88,6.85,6.87,31680,217427,-0.01,14
101/11/02,6.95,6.95,6.94,6.94,8630,59916,0.07,7
101/11/05,6.58,6.64,6.49,6.64,255539,1681156,-0.30,54
101/11/06,6.62,6.67,6.50,6.67,204030,1346377,0.03,52
101/11/07,6.67,6.72,6.67,6.72,89373,596743,0.05,27
101/11/08,6.58,6.73,6.58,6.73,105966,702430,0.01,30
101/11/09,6.57,6.89,6.57,6.77,122370,825957,0.04,30
101/11/12,6.77,6.84,6.76,6.77,56005,379772,,22
101/11/13,6.71,6.79,6.70,6.75,261883,1762533,-0.02,45
101/11/14,6.80,6.80,6.71,6.78,45001,303326,0.03,14
101/11/15,6.75,6.84,6.62,6.68,107001,718236,-0.10,22
101/11/16,6.61,6.85,6.61,6.68,99000,661790,,11
101/11/19,6.88,6.88,6.63,6.67,32107,213682,-0.01,17
101/11/20,6.68,6.75,6.66,6.75,66396,444093,0.08,28
101/11/21,6.61,6.73,6.61,6.68,16477,110187,-0.07,14
101/11/22,6.75,6.75,6.61,6.70,15850,105720,0.02,10
101/11/23,6.71,6.75,6.66,6.70,111912,750272,,36
101/11/26,6.95,6.95,6.63,6.63,103382,695300,-0.07,37
101/11/27,6.75,6.75,6.70,6.70,56110,377033,0.07,25
101/11/28,6.85,6.85,6.70,6.77,32322,217622,0.07,13
101/11/29,6.78,6.85,6.77,6.83,280841,1910637,0.06,75
101/11/30,6.83,6.93,6.78,6.88,394002,2687941,0.05,95
101/12/03,6.88,6.89,6.83,6.87,175602,1206240,-0.01,47
101/12/04,6.72,6.92,6.72,6.87,120776,821416,,32
101/12/05,6.86,6.94,6.81,6.94,261999,1805951,0.07,64
101/12/06,6.95,6.95,6.88,6.91,142443,986155,-0.03,35
101/12/07,6.93,6.93,6.83,6.89,120261,826419,-0.02,29
101/12/10,6.90,6.90,6.82,6.88,38494,264008,-0.01,16
101/12/11,6.86,6.86,6.77,6.83,74533,507024,-0.05,21
101/12/12,6.76,6.86,6.76,6.86,60657,413456,0.03,27
101/12/13,6.86,6.86,6.78,6.85,68100,465240,-0.01,25
101/12/14,6.85,6.85,6.76,6.85,117187,800221,,41
101/12/17,6.85,6.87,6.81,6.81,132999,909142,-0.04,37
101/12/18,6.85,6.86,6.81,6.84,111001,758146,0.03,31
101/12/19,6.88,6.89,6.82,6.86,111554,765766,0.02,42
101/12/20,6.77,6.90,6.77,6.82,89482,609405,-0.04,27
101/12/21,6.78,6.84,6.72,6.80,48001,324756,-0.02,28
101/12/22,6.75,6.98,6.75,6.98,136001,932016,0.18,41
101/12/24,6.98,7.14,6.95,7.09,433059,3055525,0.11,128
101/12/25,7.09,7.14,6.98,7.08,437839,3080358,-0.01,128
101/12/26,7.08,7.13,7.05,7.12,266970,1894675,0.04,87
101/12/27,7.08,7.15,7.04,7.08,156248,1105874,-0.04,46
101/12/28,7.10,7.12,7.06,7.11,199987,1420187,0.03,44
102/01/02,7.11,7.16,7.09,7.14,162999,1161102,0.03,41
102/01/03,7.16,7.19,7.10,7.10,465352,3310678,-0.04,75
102/01/04,7.09,7.17,7.09,7.11,175104,1244398,0.01,39
102/01/07,7.01,7.15,7.00,7.10,221709,1560973,-0.01,48
102/01/08,7.08,7.09,7.01,7.07,123002,868814,-0.03,26
102/01/09,7.07,7.13,7.03,7.08,68284,482378,0.01,30
102/01/10,7.09,7.12,7.05,7.09,156173,1108261,0.01,46
102/01/11,7.10,7.10,7.01,7.09,271488,1911630,,69
102/01/14,7.09,7.18,7.01,7.18,232003,1649031,0.09,63
102/01/15,7.18,7.18,7.11,7.17,453000,3245750,-0.01,68
102/01/16,7.17,7.20,7.11,7.15,187014,1340139,-0.02,55
102/01/17,7.16,7.16,7.01,7.01,131001,926877,-0.14,32
102/01/18,7.05,7.19,7.05,7.17,105003,746991,0.16,27
102/01/21,7.16,7.16,7.07,7.14,111647,793683,-0.03,20
102/01/22,7.14,7.14,7.08,7.08,116032,824287,-0.06,20
102/01/23,7.08,7.10,7.05,7.09,72466,511456,0.01,31
102/01/24,7.03,7.08,7.02,7.08,152151,1070919,-0.01,21
102/01/25,7.03,7.10,7.00,7.09,182003,1284601,0.01,28
102/01/28,7.05,7.10,7.00,7.08,75477,532459,-0.01,30
102/01/29,7.02,7.07,7.01,7.06,281234,1979188,-0.02,41
102/01/30,7.00,7.07,7.00,7.05,75999,534643,-0.01,39
102/01/31,7.05,7.07,7.02,7.07,130000,915320,0.02,18
102/02/01,7.01,7.08,7.01,7.08,54157,382103,0.01,28
102/02/04,7.05,7.12,7.04,7.12,209247,1480723,0.04,40
102/02/05,7.06,7.10,7.05,7.05,94905,670913,-0.07,28
102/02/06,7.05,7.06,7.01,7.01,271352,1908334,-0.04,46
102/02/18,7.05,7.09,7.03,7.08,145154,1026898,0.07,29
102/02/19,7.05,7.09,7.01,7.07,97007,682299,-0.01,39
102/02/20,7.07,7.09,7.02,7.03,123488,871516,-0.04,36
102/02/21,7.03,7.07,6.97,7.00,77347,542313,-0.03,33
102/02/22,7.00,7.01,6.98,6.98,232003,1623258,-0.02,55
102/02/23,7.00,7.00,6.92,6.97,314563,2190633,-0.01,65
102/02/25,6.99,7.03,6.96,7.01,164029,1149183,0.04,46
102/02/26,7.01,7.01,6.96,6.99,109494,764147,-0.02,24
102/02/27,6.95,7.03,6.95,6.97,208537,1456969,-0.02,30
102/03/01,7.00,7.05,6.98,7.05,392010,2752920,0.08,77
102/03/04,7.04,7.05,7.00,7.03,527014,3703708,-0.02,89
102/03/05,7.01,7.09,7.01,7.06,250006,1763361,0.03,59
102/03/06,7.08,7.12,7.06,7.08,182130,1291296,0.02,45
102/03/07,7.05,7.10,7.04,7.05,61405,433138,-0.03,23
102/03/08,7.05,7.07,7.05,7.07,89338,630329,0.02,31
102/03/11,7.07,7.09,7.05,7.05,186226,1313976,-0.02,40
102/03/12,7.05,7.06,7.04,7.04,221580,1561572,-0.01,34
102/03/13,7.05,7.05,7.01,7.05,520492,3655198,0.01,49
102/03/14,7.04,7.06,7.00,7.02,158007,1107619,-0.03,32
102/03/15,7.00,7.06,6.98,6.98,215002,1503674,-0.04,36
102/03/18,6.99,6.99,6.84,6.99,483711,3359897,0.01,53
102/03/19,6.99,7.01,6.92,6.97,138432,960688,-0.02,54
102/03/20,6.80,6.94,6.80,6.94,77131,531934,-0.03,27
102/03/21,6.90,6.98,6.87,6.98,84737,586422,0.04,24
102/03/22,6.95,6.97,6.90,6.95,141565,981483,-0.03,28
102/03/25,6.95,6.95,6.90,6.95,162005,1119860,,37
102/03/26,6.90,6.97,6.90,6.97,127707,886442,0.02,28
102/03/27,6.97,6.97,6.90,6.95,164056,1136591,-0.02,71
102/03/28,6.97,7.05,6.94,6.96,484201,3380261,0.01,95
102/03/29,7.00,7.00,6.95,6.95,56200,391004,-0.01,43
102/04/01,6.96,6.96,6.94,6.95,46564,323627,,46
102/04/02,6.95,7.00,6.95,6.97,291099,2024601,0.02,36
102/04/03,7.00,7.00,6.94,6.97,96042,668123,,64
102/04/08,6.96,6.98,6.85,6.98,536066,3689910,0.01,101
102/04/09,6.90,6.96,6.86,6.96,94325,651710,-0.02,49
102/04/10,6.90,6.90,6.87,6.90,50039,344548,-0.06,32
102/04/11,6.95,6.95,6.90,6.92,59894,414003,0.02,70
102/04/12,6.90,6.91,6.87,6.90,53094,365763,-0.02,30
102/04/15,6.89,6.90,6.85,6.89,53001,364656,-0.01,27
102/04/16,6.80,6.90,6.80,6.90,77838,533295,0.01,26
102/04/17,6.86,6.90,6.82,6.90,145001,995256,,44
102/04/18,6.88,6.89,6.86,6.88,43000,295710,-0.02,15
102/04/19,6.88,6.90,6.85,6.85,77481,531859,-0.03,27
102/04/22,6.86,6.89,6.85,6.86,560233,3842955,0.01,79
102/04/23,6.86,6.91,6.84,6.91,111343,766425,0.05,35
102/04/24,6.94,6.94,6.85,6.93,294167,2032923,0.02,58
102/04/25,6.90,7.00,6.90,6.97,207035,1442965,0.04,65
102/04/26,6.95,7.07,6.95,7.04,434280,3048190,0.07,79
102/04/29,7.04,7.08,6.98,7.00,173888,1217766,-0.04,44
102/04/30,7.02,7.02,6.96,6.96,191204,1332412,-0.04,38
102/05/02,7.01,7.02,6.95,6.96,84238,588493,,20
102/05/03,6.96,6.98,6.94,6.98,208200,1449117,0.02,34
102/05/06,6.98,6.99,6.96,6.99,82177,573759,0.01,20
102/05/07,6.99,6.99,6.95,6.96,163475,1137036,-0.03,33
102/05/08,6.95,7.05,6.95,7.00,178625,1250599,0.04,36
102/05/09,7.05,7.05,7.00,7.00,32051,224401,,9
102/05/10,7.04,7.04,6.96,7.00,95660,667941,,25
102/05/13,6.99,7.00,6.97,6.97,25000,174670,-0.03,10
102/05/14,7.05,7.05,6.96,6.98,29031,202634,0.01,17
102/05/15,6.97,7.08,6.97,7.08,83557,588125,0.10,60
102/05/16,7.08,7.10,7.00,7.06,266033,1876161,-0.02,76
102/05/17,7.05,7.12,7.02,7.04,216165,1526256,-0.02,76
102/05/20,7.08,7.12,7.05,7.12,148593,1052133,0.08,54
102/05/21,7.12,7.23,7.12,7.23,343507,2466040,0.11,107
102/05/22,7.25,7.34,7.25,7.33,360220,2630386,0.10,105
102/05/23,7.33,7.46,7.26,7.31,606488,4447852,-0.02,131
102/05/24,7.31,7.35,7.19,7.25,394740,2853474,-0.06,68
102/05/27,7.25,7.29,7.23,7.29,219550,1592636,0.04,32
102/05/28,7.24,7.36,7.22,7.28,485000,3526910,-0.01,71
102/05/29,7.30,7.30,7.25,7.26,224583,1634597,-0.02,50
102/05/30,7.25,7.29,7.16,7.25,275415,1986254,-0.01,57
102/05/31,7.26,7.27,7.24,7.27,537005,3896196,0.02,95
102/06/03,7.20,7.28,7.20,7.27,158003,1145201,,54
102/06/04,7.29,7.38,7.29,7.32,405234,2971431,0.05,93
102/06/05,7.32,7.38,7.30,7.33,302001,2216447,0.01,67
102/06/06,7.25,7.71,7.25,7.58,1186357,8879986,0.25,306
102/06/07,7.88,7.88,7.47,7.50,863838,6637151,-0.08,230
102/06/10,7.56,7.57,7.37,7.37,197987,1473443,-0.13,64
102/06/11,7.40,7.42,7.24,7.31,365355,2667670,-0.06,84
102/06/13,7.25,7.25,7.09,7.15,278799,1992492,-0.16,68
102/06/14,7.20,7.20,7.04,7.10,203128,1443321,-0.05,60
102/06/17,7.03,7.11,7.03,7.09,93140,658796,-0.01,31
102/06/18,7.15,7.15,7.06,7.10,212100,1503969,0.01,42
102/06/19,7.10,7.19,7.10,7.10,162109,1155421,,45
102/06/20,7.10,7.10,7.01,7.08,174197,1229459,-0.02,39
102/06/21,6.98,7.08,6.97,7.08,220000,1544140,,49
102/06/24,7.05,7.07,6.99,7.07,404006,2834982,-0.01,55
102/06/25,6.83,7.02,6.83,6.99,172140,1199680,-0.08,46
102/06/26,7.03,7.07,6.98,6.98,308000,2161000,-0.01,84
102/06/27,7.05,7.07,6.99,6.99,91049,640051,0.01,33
102/06/28,7.05,7.14,7.01,7.06,117222,825826,0.07,24
102/07/01,7.01,7.08,7.01,7.07,97150,683859,0.01,16
102/07/02,7.08,7.09,7.03,7.09,175070,1238050,0.02,53
102/07/03,7.06,7.08,7.03,7.08,54263,383236,-0.01,30
102/07/04,7.08,7.09,7.03,7.07,41249,291484,-0.01,36
102/07/05,7.03,7.10,7.03,7.09,103246,730523,0.02,30
102/07/08,7.06,7.12,6.98,7.09,168100,1179432,,38
102/07/09,7.01,7.09,7.00,7.09,33101,234080,,16
102/07/10,7.01,7.11,7.01,7.09,222661,1571670,,49
102/07/11,7.10,7.55,7.05,7.37,1867273,13705606,0.28,191
102/07/12,7.36,7.36,7.28,7.33,200000,1463760,-0.04,56
102/07/15,7.35,7.42,7.32,7.32,172800,1273699,-0.01,47
102/07/16,7.34,7.40,7.25,7.34,231424,1687634,0.02,44
102/07/17,7.35,7.35,7.26,7.33,73042,533076,-0.01,26
102/07/18,7.39,7.40,7.28,7.28,56900,416784,-0.05,29
102/07/19,7.30,7.31,7.23,7.31,51239,372814,0.03,34
102/07/22,7.32,7.33,7.21,7.25,120300,873428,-0.06,32
102/07/23,7.28,7.33,7.26,7.33,120001,873397,0.08,38
102/07/24,7.34,7.34,7.27,7.31,137507,1006590,-0.02,41
102/07/25,7.31,7.32,7.22,7.32,92579,673625,0.01,35
102/07/26,7.25,7.26,7.20,7.25,154541,1117020,-0.07,42
102/07/29,7.27,7.28,7.16,7.16,86370,624451,-0.09,26
102/07/30,7.20,7.28,7.20,7.25,168200,1216581,0.09,36
102/07/31,7.29,7.29,7.23,7.26,33006,239403,0.01,15
102/08/01,7.28,7.28,7.20,7.27,106346,771957,0.01,24
102/08/02,7.29,7.32,7.21,7.28,166004,1206328,0.01,44
102/08/05,7.30,7.30,7.24,7.29,124000,899270,0.01,23
102/08/06,7.29,7.29,7.25,7.25,43171,313493,-0.04,19
102/08/07,7.22,7.27,7.21,7.27,54753,395966,0.02,25
102/08/08,7.25,7.32,7.23,7.30,35118,255691,0.03,13
102/08/09,7.30,7.30,7.20,7.26,62005,448876,-0.04,31
102/08/12,7.20,7.25,7.13,7.23,28003,201541,-0.03,15
102/08/13,7.24,7.30,7.20,7.21,42008,303756,-0.02,19
102/08/14,7.18,7.25,7.10,7.25,101000,722940,0.04,29
102/08/15,7.23,7.23,7.12,7.12,25252,181090,-0.13,13
102/08/16,7.12,7.22,7.12,7.18,107749,774521,0.06,42
102/08/19,7.18,7.18,7.07,7.16,50101,356528,-0.02,19
102/08/20,7.06,7.12,7.04,7.12,64118,453317,-0.04,20
102/08/22,7.03,7.09,7.03,7.04,23614,166413,-0.08,16
102/08/23,7.05,7.10,7.04,7.10,66116,467855,0.06,22
102/08/26,7.10,7.10,7.03,7.04,27232,191976,-0.06,11
102/08/27,7.09,7.09,7.00,7.05,150905,1061695,0.01,29
102/08/28,7.07,7.08,6.99,6.99,149441,1050807,-0.06,32
102/08/29,6.99,7.07,6.99,7.05,163196,1144178,0.06,33
102/08/30,7.09,7.13,7.05,7.11,84100,597608,0.06,26
102/09/02,7.14,7.15,6.97,7.11,125507,891519,,26
102/09/03,7.08,7.14,6.98,7.09,394187,2764761,-0.02,48
102/09/04,7.06,7.06,6.96,7.06,279264,1962220,-0.03,48
102/09/05,7.06,7.08,7.00,7.07,236166,1664283,0.01,47
102/09/06,7.04,7.11,7.03,7.09,307945,2181509,0.02,57
102/09/09,7.07,7.17,7.04,7.07,201359,1434235,-0.02,41
102/09/10,7.18,7.18,7.08,7.11,129999,924592,0.04,37
102/09/11,7.10,7.15,7.04,7.15,186475,1319351,0.04,38
102/09/12,7.11,7.12,7.07,7.12,37271,264463,-0.03,16
102/09/13,7.07,7.20,7.07,7.14,191046,1369486,0.02,45
102/09/14,7.14,7.14,7.11,7.12,66500,473999,-0.02,19
102/09/16,7.13,7.17,7.13,7.17,149480,1068572,0.05,39
102/09/17,7.17,7.18,7.17,7.18,28011,200858,0.01,14
102/09/18,7.18,7.18,7.13,7.17,97000,693660,-0.01,27
102/09/23,7.19,7.19,7.11,7.13,96004,685696,-0.04,37
102/09/24,7.10,7.19,7.10,7.19,235229,1677724,0.06,47
102/09/25,7.19,7.26,7.19,7.24,539003,3891961,0.05,117
102/09/26,7.23,7.74,7.20,7.73,8093782,61987019,0.49,1193
102/09/27,7.70,7.73,7.52,7.53,1932928,14661498,-0.20,510
102/09/30,7.59,8.05,7.53,7.80,4263337,33689982,0.27,916
102/10/01,7.86,7.86,7.65,7.77,1144712,8893223,-0.03,274
102/10/02,7.79,8.03,7.79,7.95,2833382,22455982,0.18,506
102/10/03,8.05,8.08,7.86,7.95,1704797,13613822,,368
102/10/04,7.96,8.50,7.90,8.50,6139474,50691901,0.55,1158
102/10/07,8.69,8.89,8.50,8.65,5446733,47565799,0.15,1166
102/10/08,8.65,8.65,8.33,8.40,2589645,21871126,-0.25,554
102/10/09,8.20,8.47,8.20,8.32,1849895,15470057,-0.08,387
102/10/11,8.36,8.49,8.30,8.31,1442338,12091892,-0.01,288
102/10/14,8.10,8.39,8.10,8.13,835509,6835581,-0.18,199
102/10/15,8.20,8.30,8.16,8.18,1413320,11616327,0.05,292
102/10/16,8.25,8.25,8.14,8.14,898877,7338293,-0.04,206
102/10/17,8.22,8.38,8.20,8.28,1067800,8818647,0.14,230
102/10/18,8.28,8.41,8.26,8.38,934176,7815973,0.10,192
102/10/21,8.38,8.52,8.38,8.46,1688810,14285799,0.08,268
102/10/22,8.46,8.50,8.41,8.45,944411,7986655,-0.01,197
102/10/23,8.48,8.51,8.41,8.43,602274,5090940,-0.02,119
102/10/24,8.45,8.45,8.37,8.40,365214,3072368,-0.03,75
102/10/25,8.40,8.40,8.26,8.26,395130,3289978,-0.14,105
102/10/28,8.26,8.36,8.26,8.28,339550,2819576,0.02,79
102/10/29,8.30,8.33,8.27,8.30,221947,1839810,0.02,71
102/10/30,8.28,8.31,8.09,8.20,700161,5726190,-0.10,176
102/10/31,8.16,8.18,7.98,7.98,624988,5045222,-0.22,138
102/11/01,7.91,8.05,7.91,7.96,682509,5431169,-0.02,136
102/11/04,7.87,8.04,7.87,7.95,195424,1552146,-0.01,71
102/11/05,7.95,7.96,7.83,7.90,267492,2108489,-0.05,92
102/11/06,7.81,7.82,7.60,7.79,842000,6474820,-0.11,187
102/11/07,7.79,7.85,7.68,7.77,274000,2119230,-0.02,72
102/11/08,7.70,7.72,7.51,7.70,300593,2292875,-0.07,72
102/11/11,7.70,7.70,7.60,7.67,87115,664962,-0.03,31
102/11/12,7.67,7.74,7.56,7.67,176248,1351500,,64
102/11/13,7.65,7.71,7.55,7.70,278512,2129133,0.03,78
102/11/14,7.62,7.73,7.62,7.73,212010,1629587,0.03,56
102/11/15,7.75,7.80,7.63,7.72,346480,2674796,-0.01,82
102/11/18,7.77,7.88,7.73,7.84,214295,1677241,0.12,92
102/11/19,7.85,7.94,7.82,7.86,176011,1384935,0.02,49
102/11/20,7.88,7.97,7.88,7.92,378418,3000649,0.06,116
102/11/21,7.92,7.92,7.80,7.84,335000,2626140,-0.08,58
102/11/22,7.84,7.86,7.80,7.85,157000,1230230,0.01,36
102/11/25,7.86,7.91,7.85,7.86,278286,2192528,0.01,82
102/11/26,7.84,7.85,7.74,7.83,132056,1030838,-0.03,46
102/11/27,7.83,7.88,7.82,7.85,294369,2306800,0.02,54
102/11/28,7.86,8.30,7.86,8.20,1957790,15945941,0.35,448
102/11/29,8.21,8.21,8.13,8.16,371300,3028638,-0.04,117
102/12/02,8.16,8.19,8.04,8.04,327417,2648403,-0.12,99
102/12/03,8.01,8.13,8.01,8.04,363580,2931335,,78
102/12/04,8.06,8.11,8.02,8.03,328691,2646658,-0.01,92
102/12/05,8.01,8.07,8.01,8.03,202655,1626900,,63
102/12/06,8.04,8.06,8.00,8.04,408841,3280228,0.01,72
102/12/09,8.05,8.11,7.94,8.04,443488,3566054,,110
102/12/10,8.04,8.05,7.96,8.05,277002,2221266,0.01,90
102/12/11,8.05,8.05,7.94,7.97,738318,5897000,-0.08,167
102/12/12,7.96,7.97,7.90,7.97,94020,746250,,37
102/12/13,7.95,7.99,7.91,7.99,129798,1031703,0.02,46
102/12/16,7.98,7.98,7.91,7.96,55051,437600,-0.03,34
102/12/17,7.98,7.98,7.90,7.97,64078,509341,0.01,30
102/12/18,7.94,7.98,7.93,7.97,101100,804208,,37
102/12/19,7.98,8.02,7.94,7.99,220166,1757633,0.02,69
102/12/20,8.00,8.03,7.96,8.03,127683,1022004,0.04,58
102/12/23,8.03,8.07,8.00,8.03,353999,2839892,,93
102/12/24,8.05,8.14,8.05,8.11,754381,6111828,0.08,184
102/12/25,8.12,8.16,8.06,8.11,476801,3865682,,116
102/12/26,8.11,8.53,8.08,8.39,2225775,18680659,0.28,593
102/12/27,8.39,8.39,8.29,8.31,619007,5152546,-0.08,160
102/12/30,8.31,8.40,8.29,8.36,682762,5697768,0.05,153
102/12/31,8.38,8.48,8.36,8.38,576236,4841525,0.02,117
103/01/02,8.44,8.44,8.30,8.35,521245,4347224,-0.03,113
103/01/03,8.35,8.40,8.31,8.35,703623,5876346,,98
103/01/06,8.37,8.46,8.32,8.34,393016,3283672,-0.01,78
103/01/07,8.34,8.36,8.27,8.31,555689,4621818,-0.03,108
103/01/08,8.32,8.34,8.28,8.28,283171,2351076,-0.03,90
103/01/09,8.27,8.33,8.19,8.24,643000,5318040,-0.04,152
103/01/10,8.26,8.26,8.21,8.24,266140,2193031,,76
103/01/13,8.27,8.30,8.24,8.25,316591,2620803,0.01,72
103/01/14,8.26,8.27,8.17,8.24,234039,1922119,-0.01,65
103/01/15,8.25,8.25,8.18,8.20,144000,1182790,-0.04,49
103/01/16,8.20,8.20,8.10,8.10,264391,2157519,-0.10,73
103/01/17,8.03,8.13,8.03,8.05,127018,1025864,-0.05,54
103/01/20,8.05,8.12,8.05,8.07,126496,1021207,0.02,35
103/01/21,8.15,8.15,8.04,8.08,228577,1846798,0.01,46
103/01/22,8.10,8.10,8.02,8.07,367325,2953752,-0.01,45
103/01/23,8.09,8.09,8.00,8.08,393005,3155130,0.01,79
103/01/24,8.02,8.07,8.00,8.07,202001,1620508,-0.01,54
103/01/27,8.05,8.06,7.93,8.06,449300,3578670,-0.01,83
103/02/05,7.86,8.05,7.86,8.05,374150,2993590,-0.01,83
103/02/06,8.00,8.09,7.98,8.09,255872,2052936,0.04,71
103/02/07,8.10,8.12,8.04,8.12,138507,1120265,0.03,64
103/02/10,8.06,8.14,8.05,8.06,152014,1227632,-0.06,55
103/02/11,8.05,8.07,8.01,8.07,203320,1636482,0.01,37
103/02/12,8.11,8.11,8.04,8.07,294560,2371755,,66
103/02/13,8.03,8.12,8.03,8.11,183700,1484671,0.04,62
103/02/14,8.13,8.28,8.13,8.20,459859,3770209,0.09,115
103/02/17,8.25,8.27,8.13,8.13,240953,1974729,-0.07,62
103/02/18,8.14,8.20,8.12,8.17,280273,2284510,0.04,68
103/02/19,8.17,8.23,8.14,8.23,298199,2442601,0.06,78
103/02/20,8.20,8.30,8.17,8.20,132388,1086774,-0.03,57
103/02/21,8.18,8.23,8.17,8.20,212425,1741026,,61
103/02/24,8.20,8.21,8.17,8.18,128010,1048530,-0.02,42
103/02/25,8.18,8.18,8.06,8.08,236744,1919962,-0.10,59
103/02/26,8.16,8.21,8.04,8.17,921007,7465216,0.09,119
103/02/27,8.09,8.16,8.09,8.15,171777,1397310,-0.02,48
103/03/03,8.10,8.10,8.05,8.08,134541,1086549,-0.07,34
103/03/04,8.05,8.11,8.05,8.07,114001,920148,-0.01,32
103/03/05,8.07,8.15,8.07,8.12,744415,6030859,0.05,85
103/03/06,8.08,8.11,8.07,8.07,95711,773532,-0.05,35
103/03/07,8.12,8.15,8.06,8.10,231378,1872830,0.03,61
103/03/10,8.12,8.12,8.03,8.08,274091,2205334,-0.02,41
103/03/11,8.08,8.11,8.01,8.07,168400,1355015,-0.01,36
103/03/12,8.07,8.09,8.03,8.08,124004,1000722,0.01,35
103/03/13,8.12,8.12,8.06,8.08,107011,864218,,35
103/03/14,8.02,8.09,8.02,8.09,154010,1242970,0.01,43
103/03/17,8.09,8.13,8.08,8.10,347200,2811061,0.01,64
103/03/18,8.11,8.23,8.10,8.18,381078,3097643,0.08,83
103/03/19,8.13,8.13,8.07,8.09,105205,851381,-0.09,26
103/03/20,8.02,8.10,8.00,8.08,441326,3537660,-0.01,39
103/03/21,8.08,8.09,8.00,8.06,294003,2355714,-0.02,33
103/03/24,7.90,8.06,7.90,8.00,250550,1993000,-0.06,73
103/03/25,7.96,8.02,7.91,8.02,208514,1667032,0.02,46
103/03/26,8.04,8.04,7.95,8.02,122592,979976,,44
103/03/27,7.96,7.97,7.93,7.97,214600,1705338,-0.05,50
103/03/28,7.96,8.01,7.86,7.90,273503,2164214,-0.07,67
103/03/31,7.94,8.04,7.93,8.04,351135,2809580,0.14,173
103/04/01,8.09,8.15,8.09,8.10,590339,4790723,0.06,192
103/04/02,8.12,8.12,8.06,8.10,286512,2317765,,95
103/04/03,8.10,8.10,8.04,8.09,248769,2012209,-0.01,141
103/04/07,8.02,8.09,8.02,8.04,136152,1096374,-0.05,78
103/04/08,8.04,8.07,8.00,8.07,359579,2889827,0.03,100
103/04/09,8.10,8.10,7.95,8.03,562744,4497492,-0.04,115
103/04/10,8.04,8.04,7.93,7.94,592081,4714778,-0.09,96
103/04/11,7.93,7.98,7.93,7.96,101691,807288,0.02,66
103/04/14,7.94,7.98,7.92,7.98,240666,1914577,0.02,82
103/04/15,8.00,8.04,7.97,8.04,266052,2132166,0.06,87
103/04/16,8.04,8.07,7.98,8.07,264089,2118799,0.03,197
103/04/17,8.08,8.19,8.02,8.08,394306,3192531,0.01,107
103/04/18,8.08,8.08,8.04,8.04,332698,2682359,-0.04,50
103/04/21,8.07,8.08,8.05,8.05,309556,2494342,0.01,74
103/04/22,8.08,8.09,8.04,8.04,302991,2441567,-0.01,60
103/04/23,8.05,8.10,7.98,7.98,369678,2963902,-0.06,74
103/04/24,7.98,8.00,7.90,7.92,353350,2808719,-0.06,72
103/04/25,7.92,7.92,7.55,7.69,510007,3919342,-0.23,127
103/04/28,7.30,7.59,7.30,7.59,298836,2226898,-0.10,102
103/04/29,7.59,7.63,7.53,7.63,106210,807071,0.04,33
103/04/30,7.60,7.65,7.56,7.64,63017,480968,0.01,19
103/05/02,7.64,7.66,7.62,7.65,216255,1652216,0.01,38
103/05/05,7.65,7.75,7.65,7.75,247605,1902308,0.10,27
103/05/06,7.75,7.75,7.69,7.73,129000,993280,-0.02,21
103/05/07,7.68,7.70,7.63,7.70,168170,1288800,-0.03,21
103/05/08,7.65,7.71,7.56,7.71,315001,2410667,0.01,51
103/05/09,7.71,7.71,7.61,7.71,179156,1368382,,38
103/05/12,7.70,7.70,7.58,7.60,136371,1039978,-0.11,27
103/05/13,7.60,7.65,7.53,7.59,157020,1191990,-0.01,35
103/05/14,7.55,7.61,7.36,7.36,355004,2647238,-0.23,64
103/05/15,7.39,7.39,7.20,7.34,676702,4945921,-0.02,88
103/05/16,7.29,7.36,7.29,7.32,211124,1547627,-0.02,37
103/05/19,7.23,7.31,7.23,7.30,180010,1313333,-0.02,17
103/05/20,7.32,7.32,7.26,7.31,257992,1879870,0.01,34
103/05/21,7.28,7.32,7.22,7.29,447245,3248718,-0.02,65
103/05/22,7.30,7.56,7.25,7.56,1171055,8604153,0.27,104
103/05/23,7.50,7.54,7.30,7.42,86307,641418,-0.14,37
103/05/26,7.37,7.58,7.37,7.47,92999,690601,0.05,34
103/05/27,7.49,7.51,7.47,7.51,183100,1372343,0.04,39
103/05/28,7.46,7.51,7.40,7.48,229663,1713239,-0.03,49
103/05/29,7.48,7.60,7.48,7.51,88002,662614,0.03,37
103/05/30,7.50,7.54,7.45,7.54,404000,3031620,0.03,48
103/06/03,7.56,7.56,7.35,7.35,195720,1451698,-0.19,44
103/06/04,7.35,7.56,7.35,7.48,391654,2918555,0.13,59
103/06/05,7.48,7.50,7.40,7.41,91411,678634,-0.07,34
103/06/06,7.42,7.57,7.42,7.55,405154,3046804,0.14,72
103/06/09,7.47,7.53,7.47,7.47,82083,614704,-0.08,27
103/06/10,7.42,7.54,7.42,7.46,282263,2110662,-0.01,36
103/06/11,7.44,7.48,7.40,7.48,575000,4260780,0.02,53
103/06/12,7.49,7.51,7.41,7.48,291891,2181407,,72
103/06/13,7.48,7.50,7.47,7.50,285063,2135297,0.02,54
103/06/16,7.50,7.55,7.48,7.51,660046,4960222,0.01,92
103/06/17,7.48,7.68,7.48,7.60,487101,3680481,0.09,92
103/06/18,7.60,7.83,7.60,7.79,1138030,8693090,0.19,185
103/06/19,7.77,7.77,7.70,7.72,205949,1590945,-0.07,41
103/06/20,7.70,7.77,7.61,7.71,203431,1560680,-0.01,45
103/06/23,7.69,7.69,7.57,7.62,622714,4733903,-0.09,42
103/06/24,7.62,7.68,7.62,7.63,51341,392417,0.01,32
103/06/25,7.61,7.71,7.61,7.71,1225322,9354391,0.08,43
103/06/26,7.89,7.89,7.66,7.73,213377,1652949,0.02,62
103/06/27,7.70,7.89,7.70,7.79,639619,5002189,0.06,169
103/06/30,7.93,7.93,7.77,7.83,138302,1081171,0.04,50
103/07/01,7.78,7.85,7.78,7.83,211610,1653667,,70
103/07/02,7.83,7.86,7.75,7.80,126327,983917,-0.03,44
103/07/03,7.76,7.85,7.76,7.79,435050,3392235,-0.01,71
103/07/04,7.80,7.80,7.75,7.77,380002,2955144,-0.02,62
103/07/07,7.72,7.80,7.72,7.73,86223,669052,-0.04,40
103/07/08,7.70,7.80,7.70,7.71,189675,1475373,-0.02,49
103/07/09,7.73,7.75,7.67,7.75,444500,3414772,0.04,52
103/07/10,7.78,7.78,7.68,7.70,210655,1623571,-0.05,59
103/07/11,7.82,7.82,7.68,7.70,226316,1748310,,88
103/07/14,7.75,7.75,7.67,7.72,105219,811251,0.02,32
103/07/15,7.73,7.86,7.71,7.82,493361,3850945,0.10,93
103/07/16,7.88,7.89,7.77,7.86,158898,1248251,0.04,49
103/07/17,7.86,7.91,7.77,7.87,735087,5740956,0.01,82
103/07/18,7.72,7.85,7.72,7.85,468311,3637872,-0.02,34
103/07/21,7.89,7.95,7.85,7.94,555454,4374137,0.09,69
103/07/22,7.97,8.06,7.85,8.03,1141537,9064825,0.09,153
103/07/24,8.00,8.10,7.95,8.08,889040,7114839,0.05,71
103/07/25,8.08,8.16,8.03,8.08,1101142,8904269,,126
103/07/28,8.08,8.14,8.02,8.10,207363,1670881,0.02,98
103/07/29,8.10,8.14,8.02,8.09,179996,1452466,-0.01,96
103/07/30,8.04,8.09,8.00,8.00,153040,1231810,-0.09,82
103/07/31,8.01,8.10,8.00,8.10,157312,1264627,0.10,70
103/08/01,8.08,8.08,8.00,8.05,119187,956316,-0.05,37
103/08/04,8.01,8.05,7.96,8.05,235150,1883230,,42
103/08/05,8.01,8.01,7.80,7.97,475360,3791487,-0.08,47
103/08/06,7.96,8.00,7.80,7.97,451452,3564218,,69
103/08/07,7.96,7.97,7.85,7.97,62059,490894,,25
103/08/08,7.98,7.98,7.86,7.91,196507,1551964,-0.06,22
103/08/11,7.90,7.92,7.86,7.92,62856,496048,0.01,19
103/08/12,7.98,7.98,7.80,7.82,185000,1444790,-0.10,53
103/08/13,7.75,7.87,7.70,7.81,103507,800999,-0.01,28
103/08/14,7.82,7.82,7.70,7.71,155007,1197049,-0.10,56
103/08/15,7.71,7.71,7.62,7.63,90753,692841,-0.08,25
103/08/18,7.63,7.69,7.63,7.69,138001,1054537,0.06,34
103/08/19,7.70,7.75,7.70,7.73,93808,725137,0.04,35
103/08/20,7.73,7.80,7.65,7.76,69589,538049,0.03,28
103/08/21,7.62,7.76,7.55,7.64,95931,733564,-0.12,30
103/08/22,7.74,7.75,7.67,7.72,113900,876779,0.08,59
103/08/25,7.73,7.74,7.62,7.71,106310,817368,-0.01,50
103/08/26,7.75,7.85,7.75,7.81,115002,898144,0.10,43
103/08/27,7.73,7.83,7.73,7.83,95517,743340,0.02,40
103/08/28,7.82,7.88,7.82,7.86,229827,1798565,0.03,42
103/08/29,7.86,7.86,7.77,7.86,83220,651206,,56
103/09/01,7.86,7.86,7.77,7.86,66100,517329,,39
103/09/02,7.98,7.98,7.77,7.84,260150,2031650,-0.02,66
103/09/03,7.78,7.83,7.74,7.81,77188,600495,-0.03,33
103/09/04,7.81,7.81,7.73,7.80,68511,532618,-0.01,35
103/09/05,7.74,7.79,7.66,7.77,218010,1679330,-0.03,82
103/09/09,7.68,7.79,7.60,7.77,448111,3442013,,103
103/09/10,7.70,7.74,7.69,7.73,31935,246601,-0.04,18
103/09/11,7.70,7.74,7.68,7.74,63004,485418,0.01,24
103/09/12,7.68,7.70,7.66,7.69,220215,1691202,-0.05,48
103/09/15,7.67,7.68,7.65,7.68,31002,237755,-0.01,15
103/09/16,7.71,7.72,7.62,7.72,60011,460621,0.04,27
103/09/17,7.74,7.85,7.68,7.85,225773,1752837,0.13,101
103/09/18,7.84,7.84,7.72,7.73,44002,341484,-0.12,21
103/09/19,7.66,7.95,7.66,7.89,289078,2258256,0.16,65
103/09/22,7.88,7.88,7.80,7.86,323001,2527467,-0.03,30
103/09/23,7.80,7.99,7.80,7.96,204492,1621700,0.10,42
103/09/24,7.90,7.98,7.90,7.98,160262,1273636,0.02,60
103/09/25,8.00,8.00,7.87,7.89,517981,4097062,-0.09,65
103/09/26,7.81,7.94,7.81,7.89,111007,874079,,36
103/09/29,7.82,7.97,7.77,7.97,303100,2370336,0.08,32
103/09/30,7.94,8.02,7.87,7.99,323002,2563286,0.02,99
103/10/01,8.01,8.02,7.93,7.98,49001,391317,-0.01,15
103/10/02,7.97,7.98,7.91,7.97,36352,288790,-0.01,16
103/10/03,7.42,7.97,7.42,7.97,202097,1572383,,58
103/10/06,7.91,7.95,7.91,7.94,28004,221798,-0.03,11
103/10/07,7.89,7.98,7.81,7.91,320231,2535453,-0.03,55
103/10/08,7.90,7.98,7.85,7.93,250002,1973264,0.02,45
103/10/09,7.95,7.95,7.83,7.91,101010,795330,-0.02,42
103/10/13,7.91,7.93,7.81,7.81,125706,988042,-0.10,31
103/10/14,7.81,7.95,7.76,7.83,121002,944794,0.02,43
103/10/15,7.76,7.83,7.69,7.69,427009,3323893,-0.14,43
103/10/16,7.70,7.70,7.58,7.70,91010,696690,0.01,33
103/10/17,7.62,7.69,7.50,7.69,152112,1149123,-0.01,84
103/10/20,7.65,7.84,7.57,7.79,215236,1648550,0.10,66
103/10/21,7.68,7.82,7.68,7.80,101439,784731,0.01,35
103/10/22,7.87,7.87,7.72,7.78,107013,830181,-0.02,56
103/10/23,7.67,7.76,7.65,7.72,62026,478481,-0.06,32
103/10/24,7.67,7.82,7.61,7.62,124019,951693,-0.10,103
103/10/27,7.60,7.66,7.53,7.64,112013,852981,0.02,69
103/10/28,7.68,7.70,7.61,7.67,152011,1165887,0.03,36
103/10/29,7.67,7.71,7.67,7.70,129421,995692,0.03,27
103/10/30,7.67,7.70,7.67,7.69,49864,383297,-0.01,23
103/10/31,7.70,7.71,7.63,7.69,134245,1030529,,35
103/11/03,7.69,7.70,7.61,7.69,153023,1173161,,71
103/11/04,7.68,7.68,7.59,7.65,86166,657016,-0.04,46
103/11/05,7.68,7.68,7.60,7.60,141066,1075713,-0.05,31
103/11/06,7.65,7.65,7.61,7.62,81013,618287,0.02,23
103/11/07,7.59,7.66,7.59,7.66,23010,175514,0.04,11
103/11/10,7.66,7.80,7.66,7.78,98753,760809,0.12,37
103/11/11,7.80,7.80,7.69,7.71,154255,1193202,-0.07,40
103/11/12,7.71,7.76,7.65,7.71,60701,466799,,25
103/11/13,7.68,7.72,7.62,7.70,133705,1028345,-0.01,38
103/11/14,7.70,7.72,7.68,7.69,215336,1656311,-0.01,41
103/11/17,7.69,7.70,7.61,7.69,146004,1118778,,42
103/11/18,7.69,7.69,7.42,7.42,205017,1557022,-0.27,66
103/11/19,7.43,7.66,7.43,7.65,148001,1120047,0.23,50
103/11/20,7.59,7.68,7.57,7.61,153029,1164129,-0.04,38
103/11/21,7.59,7.65,7.55,7.65,96502,732434,0.04,29
103/11/24,7.65,7.69,7.63,7.65,238245,1820022,,30
103/11/25,7.65,7.68,7.64,7.67,105002,803754,0.02,21
103/11/26,7.65,7.67,7.60,7.67,181039,1384004,,27
103/11/27,7.67,7.70,7.62,7.62,144900,1109098,-0.05,29
103/11/28,7.62,7.69,7.62,7.69,167315,1284417,0.07,33
103/12/01,7.40,7.80,7.40,7.69,156007,1187899,,59
103/12/02,7.60,7.74,7.60,7.67,111010,851723,-0.02,31
103/12/03,7.69,7.71,7.65,7.70,145688,1118589,0.03,24
103/12/04,7.70,7.71,7.69,7.70,135469,1042795,,24
103/12/05,7.70,7.83,7.70,7.80,146894,1141163,0.10,39
103/12/08,7.80,7.86,7.80,7.86,130401,1021034,0.06,32
103/12/09,7.86,8.10,7.86,8.08,544611,4369886,0.22,139
103/12/10,8.06,8.14,8.00,8.02,241504,1944662,-0.06,84
103/12/11,8.00,8.11,8.00,8.00,300749,2424020,-0.02,71
103/12/12,8.00,8.09,8.00,8.05,153092,1232666,0.05,28
103/12/15,8.05,8.10,7.88,8.03,165010,1323490,-0.02,47
103/12/16,8.00,8.08,8.00,8.04,96004,771452,0.01,38
103/12/17,8.04,8.05,8.00,8.03,163500,1311120,-0.01,40
103/12/18,8.02,8.05,7.95,8.03,204137,1634936,,45
103/12/19,8.04,8.05,8.00,8.00,132215,1061469,-0.03,40
103/12/22,8.01,8.09,8.00,8.05,103007,825696,0.05,43
103/12/23,8.02,8.05,7.99,8.05,124150,996940,,27
103/12/24,8.05,8.08,8.03,8.06,274031,2208559,0.01,63
103/12/25,8.08,8.09,8.00,8.06,186910,1503930,,62
103/12/26,8.09,8.10,8.01,8.07,82006,660438,0.01,35
103/12/27,8.08,8.09,8.02,8.09,53003,428024,0.02,26
103/12/29,8.09,8.11,8.07,8.10,139627,1129957,0.01,50
103/12/30,8.10,8.10,8.07,8.10,120340,973656,,38
103/12/31,8.10,8.13,8.08,8.10,262251,2122970,,48
104/01/05,8.08,8.10,7.96,8.08,182566,1462293,-0.02,38
104/01/06,8.00,8.00,7.92,7.99,159332,1268589,-0.09,41
104/01/07,7.99,7.99,7.93,7.95,76002,605724,-0.04,17
104/01/08,8.00,8.05,7.88,8.05,222314,1766064,0.10,82
104/01/09,8.05,8.05,7.92,8.03,170812,1355236,-0.02,34
104/01/12,8.03,8.03,7.92,7.99,258286,2049467,-0.04,52
104/01/13,7.99,8.04,7.93,8.02,26112,209148,0.03,29
104/01/14,7.94,8.01,7.93,7.99,63832,507482,-0.03,32
104/01/15,7.99,7.99,7.91,7.97,87360,693046,-0.02,30
104/01/16,7.97,7.97,7.89,7.95,105005,830587,-0.02,40
104/01/19,7.92,7.95,7.88,7.88,133013,1054574,-0.07,33
104/01/20,7.88,7.97,7.86,7.95,58962,467770,0.07,32
104/01/21,7.95,7.99,7.95,7.97,262021,2084758,0.02,41
104/01/22,7.99,8.07,7.99,8.03,38769,310422,0.06,15
104/01/23,8.04,8.04,7.98,8.00,68936,551653,-0.03,29
104/01/26,7.95,7.95,7.90,7.91,108840,861568,-0.09,32
104/01/27,7.96,7.98,7.89,7.96,255023,2016828,0.05,37
104/01/28,7.96,7.96,7.85,7.96,96301,761321,,28
104/01/29,7.97,7.97,7.90,7.97,30374,241174,0.01,38
104/01/30,7.97,7.97,7.96,7.97,18127,144370,,35
104/02/02,7.96,7.97,7.90,7.96,173021,1372688,-0.01,25
104/02/03,7.95,7.96,7.90,7.95,119038,943459,-0.01,41
104/02/04,7.95,7.95,7.90,7.95,84002,665794,,17
104/02/05,7.92,7.92,7.88,7.88,109589,865896,-0.07,32
104/02/06,7.90,7.90,7.87,7.90,30019,236562,0.02,16
104/02/09,7.90,7.94,7.84,7.94,25507,201442,0.04,15
104/02/10,7.94,7.94,7.87,7.90,158007,1249187,-0.04,37
104/02/11,7.90,7.90,7.86,7.90,18040,142090,,48
104/02/12,7.87,7.90,7.80,7.85,208738,1635690,-0.05,24
104/02/13,7.82,7.88,7.80,7.88,36278,283619,0.03,20
104/02/24,7.90,7.90,7.89,7.89,28010,221140,0.01,16
104/02/25,7.83,7.88,7.81,7.87,439519,3442108,-0.02,42
104/02/26,7.91,7.99,7.86,7.92,199013,1576191,0.05,45
104/03/02,7.99,7.99,7.87,7.89,89077,702800,-0.03,50
104/03/03,7.87,7.89,7.87,7.89,52119,410737,,29
104/03/04,7.87,7.88,7.81,7.82,493219,3856802,-0.07,69
104/03/05,7.86,7.87,7.83,7.85,49200,386386,0.03,26
104/03/06,7.85,7.89,7.84,7.85,62155,487539,,31
104/03/09,7.85,7.94,7.85,7.94,132043,1037753,0.09,70
104/03/10,7.94,7.94,7.80,7.88,371528,2919101,-0.06,70
104/03/11,7.81,7.84,7.81,7.82,114254,893939,-0.06,61
104/03/12,7.82,7.94,7.77,7.94,488042,3811196,0.12,76
104/03/13,7.95,7.95,7.88,7.91,196317,1555350,-0.03,31
104/03/16,7.93,7.93,7.83,7.91,24215,190636,,35
104/03/17,7.96,7.96,7.85,7.86,75772,595302,-0.05,30
104/03/18,7.85,7.90,7.84,7.84,25660,201928,-0.02,25
104/03/19,7.96,7.96,7.85,7.87,249023,1962342,0.03,68
104/03/20,7.87,7.90,7.85,7.86,188621,1484984,-0.01,43
104/03/23,7.85,7.93,7.85,7.90,129288,1018331,0.04,48
104/03/24,7.85,7.93,7.85,7.91,63524,500023,0.01,41
104/03/25,7.89,7.93,7.87,7.93,88200,697120,0.02,31
104/03/26,7.90,7.93,7.87,7.93,130383,1029584,,48
104/03/27,7.83,7.88,7.80,7.88,462812,3623764,-0.05,59
104/03/30,7.89,7.89,7.84,7.89,59873,470982,0.01,74
104/03/31,7.89,7.90,7.87,7.90,155083,1223415,0.01,38
104/04/01,7.85,8.00,7.85,7.96,343412,2734322,0.06,60
104/04/02,7.95,8.00,7.90,7.96,155158,1235569,,53
104/04/07,7.96,8.00,7.96,8.00,126700,1010891,0.04,80
104/04/08,7.92,8.14,7.92,8.03,225796,1813890,0.03,169
104/04/09,8.01,8.14,8.01,8.10,260499,2105762,0.07,135
104/04/10,8.08,8.08,8.05,8.05,154883,1247262,-0.05,94
104/04/13,8.05,8.06,8.00,8.05,88247,708140,,121
104/04/14,8.03,8.09,7.95,8.05,188071,1503508,,99
104/04/15,8.06,8.06,8.00,8.05,112039,900622,,71
104/04/16,8.06,8.06,8.00,8.05,202155,1622220,,70
104/04/17,8.05,8.09,8.00,8.04,365049,2933852,-0.01,124
104/04/20,7.95,8.04,7.92,8.02,224068,1781444,-0.02,104
104/04/21,8.02,8.05,7.96,7.97,228400,1824733,-0.05,85
104/04/22,8.00,8.02,7.95,8.01,188495,1505122,0.04,63
104/04/23,7.97,8.05,7.97,8.01,112991,904257,,36
104/04/24,8.01,8.05,8.01,8.04,148286,1190328,0.03,66
104/04/27,8.04,8.05,8.01,8.01,98790,793310,-0.03,53
104/04/28,8.01,8.05,7.99,8.05,138063,1106064,0.04,47
104/04/29,8.04,8.61,8.03,8.35,1687491,14142604,0.30,452
104/04/30,8.35,8.65,8.31,8.41,1501260,12740737,0.06,417
104/05/04,8.41,8.45,8.12,8.19,390078,3225952,-0.22,144
104/05/05,8.19,8.29,8.07,8.08,307190,2506716,-0.11,98
104/05/06,8.08,8.17,8.01,8.17,227820,1848525,0.09,74
104/05/07,8.16,8.16,8.02,8.03,186020,1503140,-0.14,68
104/05/08,8.03,8.10,8.03,8.09,73023,588074,0.06,32
104/05/11,8.23,8.23,7.95,8.09,377490,3025177,,97
104/05/12,7.94,8.13,7.94,8.13,340449,2742716,0.04,70
104/05/13,8.10,8.10,8.00,8.07,122436,982118,-0.06,36
104/05/14,8.00,8.06,7.94,7.94,78206,623517,-0.13,42
104/05/15,7.90,7.93,7.80,7.89,126366,994327,-0.05,49
104/05/18,7.84,7.90,7.81,7.88,113778,893234,-0.01,72
104/05/19,7.56,7.93,7.56,7.83,838348,6553859,-0.05,129
104/05/20,7.80,8.00,7.80,7.93,507773,3997474,0.10,95
104/05/21,7.95,8.04,7.81,7.95,172010,1361979,0.02,65
104/05/22,7.95,7.97,7.85,7.94,119001,940427,-0.01,47
104/05/25,7.84,7.90,7.81,7.90,190011,1489564,-0.04,60
104/05/26,7.81,7.88,7.80,7.88,197300,1542053,-0.02,25
104/05/27,7.82,7.87,7.81,7.86,129575,1013500,-0.02,20
104/05/28,7.81,7.84,7.81,7.81,97307,760623,-0.05,34
104/05/29,7.84,7.86,7.76,7.76,192169,1495034,-0.05,44
104/06/01,7.70,7.84,7.63,7.82,78981,609531,0.06,34
104/06/02,7.82,7.88,7.75,7.83,146004,1140908,0.01,29
104/06/03,7.78,7.88,7.78,7.78,81000,631590,-0.05,27
104/06/04,7.75,7.80,7.69,7.78,146005,1130908,,49
104/06/05,7.68,7.77,7.61,7.77,115002,881515,-0.01,55
104/06/08,7.74,7.74,7.62,7.62,33100,253691,-0.15,20
104/06/09,7.62,7.70,7.43,7.54,192001,1435147,-0.08,33
104/06/10,7.54,7.85,7.54,7.70,33005,251618,0.16,20
104/06/11,7.60,7.61,7.40,7.57,91292,689045,-0.13,50
104/06/12,7.46,7.72,7.41,7.72,68000,514850,0.15,38
104/06/15,7.70,7.78,7.67,7.73,125327,970207,0.01,28
104/06/16,7.68,7.79,7.51,7.70,86000,657630,-0.03,26
104/06/17,7.68,8.29,7.68,8.02,853001,6954608,0.32,266
104/06/18,8.10,8.16,7.97,7.97,292088,2351244,-0.05,94
104/06/22,7.94,8.07,7.92,8.05,186116,1484498,0.08,72
104/06/23,8.00,8.06,7.91,8.00,314001,2513648,-0.05,45
104/06/24,7.99,8.04,7.93,8.04,74572,593996,0.04,24
104/06/25,8.04,8.04,7.95,8.00,66001,527138,-0.04,19
104/06/26,8.07,8.07,7.93,8.00,41680,332124,,28
104/06/29,7.76,7.81,7.70,7.81,44030,341124,-0.19,21
104/06/30,7.71,7.84,7.71,7.83,100015,781837,0.02,16
104/07/01,7.80,7.83,7.72,7.83,389478,3042348,,34
104/07/02,7.83,8.00,7.81,8.00,39507,311234,0.17,27
104/07/03,8.00,8.00,7.81,7.95,49421,389179,-0.05,29
104/07/06,7.89,7.89,7.77,7.85,53001,414207,-0.10,21
104/07/07,7.80,7.85,7.76,7.85,28329,221246,,9
104/07/08,7.80,7.82,7.30,7.52,340006,2555562,-0.33,89
104/07/09,7.40,7.62,7.32,7.57,69171,514702,0.05,32
104/07/13,7.57,7.58,7.35,7.54,110001,822457,-0.03,35
104/07/14,7.54,7.54,7.32,7.40,519202,3836271,-0.14,111
104/07/15,7.41,7.59,7.41,7.50,191000,1427910,0.10,37
104/07/16,7.53,7.53,7.46,7.46,30463,227857,-0.04,23
104/07/17,7.59,7.60,7.38,7.39,196422,1455500,-0.07,36
104/07/20,7.49,7.50,7.27,7.42,1448002,10663774,0.03,103
104/07/21,7.40,7.40,7.20,7.40,178128,1298012,-0.02,38
104/07/22,7.41,7.41,7.32,7.32,49241,363054,-0.08,18
104/07/23,7.30,7.39,7.30,7.39,40516,297411,0.07,21
104/07/24,7.36,7.39,7.31,7.38,14200,104290,-0.01,8
104/07/27,7.44,7.44,6.88,6.88,84002,594722,-0.50,28
104/07/28,6.98,7.31,6.98,7.27,55001,396297,0.39,33
104/07/29,7.09,7.26,7.09,7.24,40000,288170,-0.03,13
104/07/30,7.23,7.33,7.12,7.33,105242,757145,0.09,38
104/07/31,7.17,7.27,7.15,7.27,130002,935284,-0.06,30
104/08/03,7.11,7.27,7.11,7.27,36234,260854,,14
104/08/04,7.26,7.27,7.08,7.27,83200,596231,,32
104/08/05,7.11,7.11,6.61,6.89,794003,5405038,-0.38,110
104/08/06,6.89,6.93,6.75,6.87,160001,1088686,-0.02,36
104/08/07,6.87,6.90,6.72,6.87,57001,387466,,15
104/08/10,6.87,6.87,6.80,6.87,14200,97413,,9
104/08/11,6.88,6.92,6.81,6.81,57002,390882,-0.06,40
104/08/12,6.80,6.90,6.66,6.77,155408,1048738,-0.04,48
104/08/13,6.67,6.74,6.65,6.74,49236,329198,-0.03,20
104/08/14,6.62,6.75,6.62,6.75,43181,290068,0.01,22
104/08/17,6.70,6.82,6.70,6.82,48000,324770,0.07,14
104/08/18,6.67,6.80,6.66,6.78,61732,415032,-0.04,21
104/08/19,6.68,6.69,6.54,6.69,152003,1006588,-0.09,53
104/08/20,6.55,6.70,6.55,6.70,94001,621646,0.01,32
104/08/21,6.64,6.64,6.40,6.54,32002,208422,-0.16,18
104/08/24,6.43,6.49,5.93,6.40,327001,2060026,-0.14,96
104/08/25,6.10,6.45,5.96,6.45,222001,1389496,0.05,54
104/08/26,6.13,6.44,6.11,6.43,280000,1745710,-0.02,41
104/08/27,6.42,6.50,6.26,6.43,245540,1574234,,73
104/08/28,6.50,6.57,6.41,6.57,169004,1096144,0.14,38
104/08/31,6.56,6.59,6.43,6.59,130507,851649,0.02,35
104/09/01,6.59,6.59,6.53,6.57,156016,1022494,-0.02,22
104/09/02,6.38,6.55,6.38,6.46,81001,525926,-0.11,24
104/09/03,6.47,6.64,6.46,6.60,51030,335198,0.14,22
104/09/04,6.60,6.61,6.52,6.61,41245,272087,0.01,11
104/09/07,6.57,6.57,6.57,6.57,13002,85422,-0.04,6
104/09/08,6.55,6.59,6.55,6.58,32000,210360,0.01,9
104/09/09,6.60,6.69,6.55,6.67,310003,2056319,0.09,39
104/09/10,6.65,6.68,6.60,6.67,364474,2417707,,36
104/09/11,6.55,6.67,6.55,6.67,58478,387603,,26
104/09/14,6.60,6.89,6.60,6.78,33001,223036,0.11,24
104/09/15,6.81,6.81,6.69,6.81,59014,401615,0.03,13
104/09/16,6.70,6.80,6.63,6.80,125001,838096,-0.01,31
104/09/17,6.80,6.93,6.77,6.91,178002,1215412,0.11,43
104/09/18,6.90,6.91,6.79,6.91,74017,508275,,24
104/09/21,6.73,6.93,6.73,6.93,230006,1560847,0.02,58
104/09/22,6.93,6.93,6.86,6.93,199018,1373181,,54
104/09/23,6.88,6.95,6.84,6.92,254002,1749982,-0.01,32
104/09/24,6.94,6.94,6.94,6.94,2756,19094,0.02,4
104/09/25,6.93,6.94,6.91,6.94,67007,463833,,24
104/09/30,6.79,6.94,6.77,6.94,63012,430737,,26
104/10/01,6.86,6.96,6.83,6.95,236000,1628570,0.01,29
104/10/02,6.88,6.96,6.88,6.88,22003,152018,-0.07,9
104/10/05,6.96,6.96,6.88,6.94,117002,807812,0.06,23
104/10/06,6.94,7.24,6.86,7.24,331474,2317441,0.30,44
104/10/07,7.05,7.20,7.05,7.20,61000,434030,-0.04,20
104/10/08,7.08,7.19,7.02,7.19,189003,1334371,-0.01,33
104/10/12,7.06,7.20,7.06,7.20,119003,848631,0.01,33
104/10/13,7.22,7.22,7.08,7.10,71815,510543,-0.10,17
104/10/14,7.11,7.17,7.10,7.15,116005,827215,0.05,23
104/10/15,7.22,7.22,7.11,7.17,135253,964726,0.02,20
104/10/16,7.22,7.24,7.08,7.17,120003,854671,,43
104/10/19,7.10,7.21,7.10,7.19,51001,365427,0.02,15
104/10/20,7.20,7.20,7.09,7.18,102001,727727,-0.01,20
104/10/21,7.25,7.25,7.22,7.23,11220,81123,0.05,7
104/10/22,7.20,7.20,7.08,7.19,171100,1217149,-0.04,21
104/10/23,7.19,7.19,7.08,7.08,215001,1527017,-0.11,25
104/10/26,7.10,7.17,7.08,7.16,43395,308623,0.08,19
104/10/27,7.09,7.16,7.08,7.16,34001,242337,,10
104/10/28,7.12,7.13,7.08,7.13,43000,305890,-0.03,7
104/10/29,7.09,7.09,7.00,7.07,268208,1887756,-0.06,31
104/10/30,7.07,7.07,7.02,7.07,38005,268215,,17
104/11/02,7.07,7.33,7.07,7.33,24002,172684,0.26,14
104/11/03,7.20,7.21,7.09,7.17,70000,499040,-0.16,23
104/11/04,7.17,7.25,7.11,7.19,85002,607463,0.02,34
104/11/05,7.15,7.23,7.13,7.19,41449,296701,,14
104/11/06,7.19,7.20,7.18,7.19,13523,97192,,13
104/11/09,7.18,7.18,7.10,7.14,30110,214420,-0.05,18
104/11/10,7.20,7.32,7.07,7.18,58003,415181,0.04,23
104/11/11,7.20,7.20,7.08,7.17,98409,699162,-0.01,16
104/11/12,7.17,7.17,7.06,7.15,63004,447438,-0.02,18
104/11/13,7.07,7.18,7.00,7.15,35008,247926,,22
104/11/16,7.08,7.14,7.00,7.10,105005,741445,-0.05,30
104/11/17,7.13,7.13,7.05,7.11,19002,134864,0.01,9
104/11/18,7.05,7.05,7.01,7.05,50199,353563,-0.06,20
104/11/19,6.96,7.11,6.93,7.05,190223,1328011,,52
104/11/20,7.01,7.12,7.01,7.11,28149,198976,0.06,18
104/11/23,7.02,7.15,7.01,7.15,95723,674632,0.04,25
104/11/24,7.03,7.07,7.00,7.07,57571,404687,-0.08,26
104/11/25,6.98,7.04,6.98,7.04,40002,280014,-0.03,10
104/11/26,7.06,7.06,7.05,7.05,11318,79796,0.01,11
104/11/27,6.97,7.07,6.96,7.05,18001,126197,,11
104/11/30,6.95,7.04,6.95,7.03,19500,136370,-0.02,26
104/12/01,7.03,7.14,6.96,7.14,39723,281250,0.11,29
104/12/02,7.14,7.14,7.02,7.10,49010,347210,-0.04,21
104/12/03,7.03,7.09,7.03,7.09,12590,88920,-0.01,24
104/12/04,7.00,7.17,7.00,7.09,71600,503330,,28
104/12/07,7.05,7.05,7.00,7.05,59025,414615,-0.04,42
104/12/08,7.03,7.05,7.03,7.05,10281,72367,,21
104/12/09,7.05,7.05,6.92,7.02,86004,599088,-0.03,27
104/12/10,6.93,7.01,6.90,7.01,33200,231030,-0.01,18
104/12/11,7.01,7.02,7.00,7.02,19002,133184,0.01,7
104/12/14,6.92,6.99,6.82,6.94,35721,247045,-0.08,26
104/12/15,6.88,6.94,6.84,6.94,101008,697656,,25
104/12/16,6.94,7.00,6.89,7.00,69001,479917,0.06,13
104/12/17,7.01,7.01,6.90,6.97,86003,598051,-0.03,19
104/12/18,6.93,6.94,6.90,6.94,119172,824704,-0.03,33
104/12/21,6.90,6.97,6.86,6.97,17018,118096,0.03,29
104/12/22,6.97,6.98,6.90,6.98,15003,104411,0.01,9
104/12/23,6.92,6.95,6.92,6.93,545016,3777697,-0.05,13
104/12/24,6.93,6.95,6.93,6.93,56470,391905,,28
104/12/25,7.00,7.00,6.93,6.93,28002,194762,,11
104/12/28,6.92,6.95,6.91,6.95,1174005,8113961,0.02,49
104/12/29,6.91,6.96,6.83,6.86,79011,543166,-0.09,31
104/12/30,6.92,6.95,6.87,6.93,104085,719134,0.07,21
104/12/31,6.89,6.91,6.86,6.86,114008,784828,-0.07,26
105/01/04,6.95,6.95,6.75,6.75,76036,516943,-0.11,32
105/01/05,6.74,6.85,6.74,6.81,242246,1648688,0.06,30
105/01/06,6.83,6.85,6.78,6.78,45002,305552,-0.03,14
105/01/07,6.84,6.84,6.55,6.75,19008,127568,-0.03,15
105/01/08,6.84,6.84,6.80,6.80,70001,476086,0.05,5
105/01/11,6.70,6.70,6.65,6.70,25012,167322,-0.10,17
105/01/12,6.85,6.85,6.66,6.78,79008,535088,0.08,20
105/01/13,6.78,6.78,6.66,6.77,451003,3055918,-0.01,18
105/01/14,6.67,6.76,6.66,6.68,45007,301012,-0.09,25
105/01/15,6.75,6.76,6.65,6.75,18474,124146,0.07,25
105/01/18,6.56,6.75,6.56,6.68,124010,826592,-0.07,26
105/01/19,6.75,6.75,6.68,6.68,88003,591868,,15
105/01/20,6.68,6.69,6.64,6.69,39235,261687,0.01,23
105/01/21,6.60,6.68,6.60,6.67,296000,1971500,-0.02,15
105/01/22,6.73,6.73,6.62,6.62,434196,2914716,-0.05,17
105/01/25,6.63,6.78,6.63,6.70,1311002,8801212,0.08,43
105/01/26,7.16,7.16,6.68,6.70,92200,630137,,44
105/01/27,6.88,6.88,6.63,6.63,35008,234228,-0.07,23
105/01/28,6.71,6.88,6.54,6.55,752011,5036938,-0.08,71
105/01/29,6.64,6.73,6.58,6.58,745000,4972020,0.03,66
105/01/30,6.63,6.70,6.61,6.65,26400,175508,0.07,15
105/02/01,6.65,6.67,6.60,6.67,37374,248057,0.02,27
105/02/02,6.61,6.70,6.61,6.61,14003,93068,-0.06,13
105/02/03,6.61,6.61,6.53,6.55,56016,366697,-0.06,31
105/02/15,6.50,6.61,6.48,6.61,19877,130507,0.06,31
105/02/16,6.51,6.65,6.50,6.65,248752,1634687,0.04,48
105/02/17,6.68,6.68,6.64,6.65,113685,757213,,25
105/02/18,6.63,6.79,6.62,6.62,33032,220579,-0.03,18
105/02/19,6.62,6.63,6.62,6.63,7400,49015,0.01,12
105/02/22,6.60,6.60,6.54,6.57,44135,289532,-0.06,27
105/02/23,6.55,6.63,6.54,6.61,40009,263284,0.04,25
105/02/24,6.68,6.68,6.68,6.68,8016,53538,0.07,18
105/02/25,6.60,6.61,6.58,6.59,62352,411022,-0.09,31
105/02/26,6.66,6.66,6.57,6.60,78011,514136,0.01,30
105/03/01,6.60,6.67,6.54,6.61,735245,4845997,0.01,59
105/03/02,6.64,6.67,6.62,6.66,150030,996254,0.05,53
105/03/03,6.64,6.75,6.64,6.66,350054,2338800,,56
105/03/04,6.77,6.78,6.65,6.75,128440,859058,0.09,50
105/03/07,6.75,6.95,6.75,6.84,121045,828750,0.09,89
105/03/08,6.84,6.85,6.73,6.80,260550,1774523,-0.04,95
105/03/09,6.70,6.80,6.70,6.80,38023,257082,,35
105/03/10,6.84,6.84,6.75,6.83,53419,364112,0.03,26
105/03/11,6.75,6.80,6.75,6.80,75432,511405,-0.03,37
105/03/14,6.84,6.85,6.70,6.84,137986,940017,0.04,65
105/03/15,6.78,6.78,6.71,6.77,114020,766803,-0.07,35
105/03/16,6.74,6.77,6.74,6.77,23004,155464,,13
105/03/17,6.84,6.84,6.75,6.82,33507,227984,0.05,23
105/03/18,6.88,6.88,6.83,6.83,106421,729041,0.01,16
105/03/21,6.84,6.84,6.78,6.81,53808,366446,-0.02,40
105/03/22,6.82,6.82,6.66,6.74,29201,196867,-0.07,30
105/03/23,6.75,6.78,6.74,6.75,55015,371415,0.01,20
105/03/24,6.76,6.79,6.72,6.78,61008,412990,0.03,20
105/03/25,6.79,6.82,6.72,6.76,144015,972099,-0.02,32
105/03/28,6.78,6.79,6.73,6.79,41055,277962,0.03,23
105/03/29,6.80,6.80,6.60,6.72,74867,503136,-0.07,40
105/03/30,6.65,6.79,6.65,6.74,116245,785539,0.02,18
105/03/31,6.75,6.76,6.75,6.76,5010,33844,0.02,10
105/04/01,6.70,6.70,6.70,6.70,19587,131170,-0.06,21
105/04/06,6.68,6.73,6.60,6.60,209245,1386898,-0.10,46
105/04/07,6.60,6.65,6.58,6.65,78242,516738,0.05,184
105/04/08,6.60,6.65,6.60,6.65,26752,176690,,81
105/04/11,6.64,6.75,6.64,6.65,140070,933011,,70
105/04/12,6.80,6.80,6.69,6.76,202601,1364701,0.11,55
105/04/13,6.76,6.79,6.75,6.78,177481,1202135,0.02,48
105/04/14,6.89,6.89,6.72,6.89,9231,63292,0.11,27
105/04/15,6.81,6.84,6.79,6.84,161515,1099835,-0.05,55
105/04/18,6.73,6.80,6.72,6.76,59344,400543,-0.08,77
105/04/19,6.68,6.83,6.68,6.79,39327,266324,0.03,80
105/04/20,6.70,6.79,6.70,6.79,60143,406751,,58
105/04/21,6.68,6.78,6.67,6.68,76492,515606,-0.11,24
105/04/22,6.75,6.75,6.71,6.71,103005,693540,0.03,19
105/04/25,6.75,6.75,6.70,6.71,62103,416289,,31
105/04/26,6.71,6.79,6.70,6.70,33318,223684,-0.01,9
105/04/27,6.70,6.70,6.70,6.70,7333,49116,,5
105/04/28,6.78,7.03,6.72,6.82,79050,538239,0.12,28
105/04/29,6.75,6.77,6.60,6.63,85001,566316,-0.19,30
105/05/03,6.63,6.70,6.56,6.62,221126,1471931,-0.01,25
105/05/04,6.67,6.67,6.55,6.62,62421,414288,,15
105/05/05,6.60,6.60,6.56,6.60,42002,276832,-0.02,13
105/05/06,6.56,6.69,6.56,6.63,303000,1996730,0.03,13
105/05/09,6.60,6.62,6.57,6.57,118000,778940,-0.06,11
105/05/10,6.59,6.60,6.58,6.60,4300,28329,0.03,4
105/05/11,6.60,6.60,6.59,6.59,15001,98916,-0.01,4
105/05/12,6.54,6.54,6.53,6.54,32082,209612,-0.05,6
105/05/13,6.56,6.56,6.45,6.45,125000,809620,-0.09,12
105/05/16,6.30,6.45,6.30,6.43,56003,359018,-0.02,15
105/05/17,6.35,6.51,6.35,6.41,131721,850224,-0.02,26
105/05/18,6.47,6.47,6.40,6.46,86022,553371,0.05,15
105/05/19,6.55,6.55,6.40,6.51,40003,261009,0.05,12
105/05/20,6.43,6.46,6.40,6.46,51002,328143,-0.05,13
105/05/23,6.50,6.50,6.48,6.50,109519,710542,0.04,18
105/05/24,6.47,6.47,6.44,6.46,28000,180900,-0.04,4
105/05/25,6.43,6.48,6.40,6.48,335010,2151383,0.02,38
105/05/26,6.48,6.50,6.44,6.45,55000,355380,-0.03,9
105/05/27,6.42,6.43,6.41,6.43,115155,740000,-0.02,20
105/05/30,6.44,6.45,6.40,6.45,592003,3794818,0.02,26
105/05/31,6.45,6.45,6.40,6.44,192000,1234240,-0.01,20
105/06/01,6.43,6.44,6.40,6.43,121000,776680,-0.01,16
105/06/02,6.42,6.53,6.40,6.49,221849,1426108,0.06,36
105/06/03,6.48,6.48,6.46,6.46,64000,414090,-0.03,8
105/06/04,6.42,6.43,6.42,6.43,23000,147860,-0.03,2
105/06/06,6.41,6.42,6.40,6.42,280200,1793568,-0.01,14
105/06/07,6.34,6.44,6.34,6.43,145001,925026,0.01,30
105/06/08,6.36,6.36,6.30,6.30,218394,1380160,-0.13,43
105/06/13,6.30,6.36,6.16,6.30,29044,181885,,30
105/06/14,6.29,6.29,6.29,6.29,4002,25172,-0.01,4
105/06/15,6.25,6.31,6.21,6.31,38812,243315,0.02,16
105/06/16,6.21,6.29,6.10,6.29,95100,588481,-0.02,33
105/06/17,6.29,6.34,6.23,6.33,46000,290030,0.04,13
105/06/20,6.30,6.30,6.24,6.29,53000,332910,-0.04,8
105/06/21,6.30,6.30,6.24,6.26,50231,313959,-0.03,20
105/06/22,6.30,6.30,6.27,6.30,110186,692545,0.04,19
105/06/23,6.23,6.25,6.23,6.24,88234,550118,-0.06,23
105/06/24,6.25,6.25,6.19,6.24,120004,746955,,19
105/06/27,6.18,6.20,6.18,6.20,88015,544830,-0.04,13
105/06/28,6.13,6.20,6.13,6.20,322002,1984662,,29
105/06/29,6.20,6.20,6.17,6.20,88000,544100,,17
105/06/30,6.21,6.29,6.20,6.26,415507,2589557,0.06,44
105/07/01,6.30,6.32,6.28,6.32,107677,677904,0.06,23
105/07/04,6.29,6.29,6.25,6.29,113129,709370,-0.03,18
105/07/05,6.25,6.25,6.16,6.22,185115,1146132,-0.07,44
105/07/06,6.21,6.22,6.19,6.22,91300,566149,,19
105/07/07,6.17,6.24,6.17,6.22,47081,292861,,19
105/07/11,6.20,6.23,6.20,6.23,121194,753282,0.01,25
105/07/12,6.27,6.27,6.20,6.21,63869,396297,-0.02,21
105/07/13,6.20,6.36,6.20,6.36,212542,1332964,0.15,38
105/07/14,6.30,6.36,6.30,6.36,27002,170752,,8
105/07/15,6.35,6.38,6.35,6.38,173492,1102828,0.02,29
105/07/18,6.38,6.38,6.33,6.37,197100,1252389,-0.01,21
105/07/19,6.33,6.37,6.29,6.31,209142,1322763,-0.06,29
105/07/20,6.34,6.37,6.34,6.34,81705,519021,0.03,11
105/07/21,6.31,6.85,6.31,6.64,237000,1515390,0.30,31
105/07/22,6.42,6.62,6.42,6.49,133001,867216,-0.15,24
105/07/25,6.45,6.90,6.45,6.74,313004,2080264,0.25,55
105/07/26,6.56,6.74,6.47,6.50,151550,993555,-0.24,55
105/07/27,6.56,6.65,6.53,6.60,102509,675098,0.10,25
105/07/28,6.60,6.70,6.60,6.70,106002,706632,0.10,33
105/07/29,6.72,6.72,6.65,6.69,62736,419222,-0.01,15
105/08/01,6.69,6.69,6.65,6.69,14115,94297,,14
105/08/02,6.64,6.75,6.60,6.75,119264,792297,0.06,36
105/08/03,6.72,6.72,6.72,6.72,6014,40405,-0.03,16
105/08/04,6.63,6.70,6.55,6.70,82008,539719,-0.02,27
105/08/05,6.68,6.68,6.62,6.64,76015,505113,-0.06,26
105/08/08,6.74,6.74,6.60,6.69,20061,133697,0.05,24
105/08/09,6.63,6.65,6.55,6.65,105004,692294,-0.04,24
105/08/10,6.70,6.90,6.60,6.74,138223,925258,0.09,47
105/08/11,6.66,6.85,6.60,6.63,327004,2173224,-0.11,62
105/08/12,6.69,6.71,6.64,6.69,145100,968260,0.06,34
105/08/15,6.67,6.67,6.64,6.65,70565,469270,-0.04,19
105/08/16,6.62,6.62,6.60,6.60,58003,383378,-0.05,12
105/08/17,6.60,6.62,6.53,6.57,164199,1078833,-0.03,54
105/08/18,6.57,6.57,6.50,6.55,165400,1079120,-0.02,37
105/08/19,6.55,6.56,6.50,6.55,56776,370988,,31
105/08/22,6.50,6.55,6.46,6.49,372158,2409412,-0.06,63
105/08/23,6.49,6.69,6.49,6.64,158533,1037712,0.15,50
105/08/24,6.64,6.65,6.55,6.65,162019,1073276,0.01,39
105/08/25,6.60,6.65,6.60,6.62,82066,543741,-0.03,39
105/08/26,6.63,6.63,6.59,6.59,56391,373252,-0.03,25
105/08/29,6.57,6.57,6.42,6.50,285065,1848193,-0.09,87
105/08/30,6.50,6.53,6.48,6.48,118864,773113,-0.02,77
105/08/31,6.46,6.55,6.46,6.53,200067,1304076,0.05,48
105/09/01,6.50,6.51,6.49,6.51,46002,299172,-0.02,13
105/09/02,6.52,6.52,6.51,6.52,41853,272603,0.01,18
105/09/05,6.55,6.58,6.46,6.56,155540,1020049,0.04,21
105/09/06,6.56,6.56,6.47,6.47,100001,654066,-0.09,19
105/09/07,6.55,6.65,6.49,6.55,35706,232818,0.08,20
105/09/08,6.50,6.70,6.50,6.55,17200,112778,,15
105/09/09,6.68,6.74,6.62,6.74,342391,2282749,0.19,45
105/09/10,6.70,6.73,6.70,6.73,7003,47068,-0.01,7
105/09/12,6.70,6.72,6.60,6.72,26115,173342,-0.01,13
105/09/13,6.75,6.75,6.59,6.71,8033,54010,-0.01,9
105/09/14,6.74,6.74,6.74,6.74,5004,33724,0.03,8
105/09/19,6.74,6.75,6.64,6.75,17488,117058,0.01,14
105/09/20,6.75,6.75,6.65,6.67,59275,396119,-0.08,27
105/09/21,6.70,6.78,6.64,6.78,69674,467175,0.11,50
105/09/22,6.78,6.79,6.71,6.79,53024,357728,0.01,32
105/09/23,6.84,6.84,6.72,6.78,121228,819969,-0.01,29
105/09/26,6.70,6.73,6.66,6.71,22509,150879,-0.07,9
105/09/29,6.75,6.75,6.67,6.75,23000,154390,0.04,8
105/09/30,6.68,6.75,6.68,6.75,13779,92558,,10
105/10/03,6.75,6.79,6.75,6.78,43923,297472,0.03,21
105/10/04,6.71,6.75,6.69,6.73,103829,696242,-0.05,25
105/10/05,6.65,6.68,6.60,6.68,182215,1207814,-0.05,28
105/10/06,6.69,6.70,6.64,6.68,151931,1013710,,29
105/10/07,6.65,6.68,6.60,6.67,86001,570106,-0.01,30
105/10/11,6.65,6.65,6.53,6.60,70003,461498,-0.07,38
105/10/12,6.51,6.56,6.50,6.50,54385,353745,-0.10,21
105/10/13,6.50,6.58,6.50,6.52,200469,1309478,0.02,31
105/10/14,6.52,6.52,6.49,6.49,128000,833650,-0.03,12
105/10/17,6.39,6.49,6.39,6.46,26009,166824,-0.03,24
105/10/18,6.49,6.50,6.49,6.50,6000,38980,0.04,4
105/10/19,6.50,6.50,6.44,6.49,164402,1062950,-0.01,39
105/10/20,6.49,6.55,6.45,6.53,80031,519551,0.04,19
105/10/21,6.53,6.53,6.48,6.51,174508,1135101,-0.02,30
105/10/24,6.51,6.56,6.51,6.55,200096,1307313,0.04,33
105/10/25,6.55,6.57,6.48,6.51,266015,1734437,-0.04,30
105/10/26,6.45,6.48,6.45,6.48,81008,523640,-0.03,34
105/10/27,6.54,6.54,6.48,6.54,99055,645808,0.06,18
105/10/28,6.51,6.51,6.47,6.50,49101,318850,-0.04,11
105/10/31,6.48,6.49,6.45,6.49,32001,207536,-0.01,10
105/11/01,6.51,6.51,6.41,6.51,476316,3091441,0.02,40
105/11/02,6.38,6.51,6.38,6.51,35010,225284,,26
105/11/03,6.50,6.50,6.40,6.48,42043,271846,-0.03,24
105/11/04,6.44,6.45,6.42,6.45,41002,263942,-0.03,14
105/11/07,6.43,6.44,6.40,6.44,44100,283419,-0.01,18
105/11/08,6.36,6.44,6.36,6.44,45739,293558,,14
105/11/09,6.41,6.42,6.37,6.37,33005,211610,-0.07,23
105/11/10,6.40,6.46,6.40,6.46,39004,251394,0.09,15
105/11/11,6.43,6.44,6.43,6.44,25001,160806,-0.02,6
105/11/14,6.45,6.45,6.40,6.40,25086,161245,-0.04,12
105/11/15,6.45,6.46,6.35,6.46,20421,131287,0.06,18
105/11/16,6.46,6.47,6.46,6.47,33005,213262,0.01,11
105/11/17,6.80,6.80,6.48,6.67,141004,920044,0.20,53
105/11/18,6.55,6.74,6.55,6.74,157090,1045743,0.07,37
105/11/21,6.64,6.85,6.60,6.79,144002,961492,0.05,48
105/11/22,6.79,6.85,6.70,6.84,255294,1730439,0.05,45
105/11/23,6.84,6.94,6.80,6.86,287487,1976609,0.02,66
105/11/24,6.85,6.85,6.70,6.85,377005,2556750,-0.01,70
105/11/25,6.85,6.88,6.73,6.85,153002,1044192,,37
105/11/28,6.77,6.88,6.77,6.87,272919,1868513,0.02,52
105/11/29,6.87,6.91,6.80,6.90,267559,1839006,0.03,34
105/11/30,6.92,6.92,6.84,6.84,77244,529831,-0.06,28
105/12/01,6.88,6.88,6.80,6.87,231001,1576306,0.03,47
105/12/02,6.83,6.88,6.83,6.88,119417,818529,0.01,34
105/12/05,6.96,6.96,6.88,6.89,54003,373028,0.01,24
105/12/06,6.85,6.89,6.81,6.89,71125,487066,,30
105/12/07,6.85,6.89,6.83,6.88,15002,102982,-0.01,11
105/12/08,6.84,6.91,6.83,6.91,155061,1065328,0.03,40
105/12/09,6.87,6.90,6.82,6.90,76300,524343,-0.01,23
105/12/12,6.85,6.92,6.84,6.92,115205,792511,0.02,22
105/12/13,6.91,6.92,6.85,6.92,142014,976713,,32
105/12/14,6.87,6.91,6.82,6.89,166385,1142706,-0.03,47
105/12/15,6.82,6.87,6.82,6.84,28836,197482,-0.05,18
105/12/16,6.88,6.90,6.88,6.90,32644,224729,0.06,19
105/12/19,6.90,6.90,6.82,6.88,34234,235433,-0.02,16
105/12/20,6.82,6.87,6.80,6.87,132242,905416,-0.01,30
105/12/21,6.89,6.89,6.81,6.86,105231,722284,-0.01,29
105/12/22,6.80,6.84,6.80,6.84,31507,215084,-0.02,18
105/12/23,6.80,6.83,6.76,6.82,122550,834718,-0.02,20
105/12/26,6.83,6.83,6.80,6.81,75600,515795,-0.01,22
105/12/27,6.81,6.81,6.76,6.80,43001,292216,-0.01,17
105/12/28,6.61,6.80,6.61,6.78,157270,1063322,-0.02,32
105/12/29,6.80,6.85,6.80,6.85,49568,338329,0.07,32
105/12/30,6.85,6.87,6.80,6.83,202720,1384935,-0.02,27
106/01/03,6.85,6.85,6.73,6.73,39009,263626,-0.10,22
106/01/04,6.74,6.74,6.67,6.71,115301,771447,-0.02,29
106/01/05,6.75,6.75,6.68,6.69,47245,315958,-0.02,23
106/01/06,6.68,6.68,6.66,6.68,91358,609299,-0.01,30
106/01/09,6.65,6.65,6.64,6.64,38222,253908,-0.04,24
106/01/10,6.65,6.65,6.62,6.64,78011,517879,,25
106/01/11,6.66,6.73,6.64,6.72,72015,479445,0.08,25
106/01/12,6.70,6.79,6.70,6.78,186346,1254213,0.06,40
106/01/13,6.77,6.77,6.68,6.75,24756,166479,-0.03,20
106/01/16,6.75,6.79,6.74,6.79,43974,297161,0.04,25
106/01/17,6.72,6.78,6.72,6.78,75252,509250,-0.01,24
106/01/18,6.97,7.22,6.90,7.07,432003,3039601,0.29,157
106/01/19,6.98,7.05,6.94,7.00,150006,1045497,-0.07,47
106/01/20,6.90,7.00,6.89,6.99,82223,570007,-0.01,39
106/01/23,7.00,7.09,7.00,7.09,95949,674790,0.10,41
106/01/24,6.92,7.10,6.92,7.07,24665,173205,-0.02,20
106/02/02,7.07,7.19,6.95,7.19,80705,569787,0.12,61
106/02/03,7.18,7.26,7.17,7.23,166173,1199252,0.04,66
106/02/06,7.22,7.68,7.22,7.43,815013,6017022,0.20,185
106/02/07,7.48,7.48,7.34,7.41,206005,1524615,-0.02,62
106/02/08,7.41,7.41,7.33,7.36,123662,911950,-0.05,61
106/02/09,7.28,7.40,7.28,7.39,171574,1266085,0.03,47
106/02/10,7.41,7.44,7.39,7.42,164198,1217046,0.03,42
106/02/13,7.50,7.50,7.40,7.43,146577,1092222,0.01,62
106/02/14,7.42,7.50,7.42,7.50,202562,1511922,0.07,63
106/02/15,7.49,7.58,7.42,7.58,460456,3453927,0.08,124
106/02/16,7.58,7.59,7.48,7.55,333052,2502221,-0.03,99
106/02/17,7.55,7.57,7.47,7.47,138090,1036282,-0.08,53
106/02/18,7.45,7.55,7.43,7.53,98414,738169,0.06,42
106/02/20,7.50,7.50,7.40,7.43,139025,1032166,-0.10,61
106/02/21,7.45,7.76,7.36,7.63,817124,6115022,0.20,105
106/02/22,7.58,7.65,7.55,7.64,200332,1525192,0.01,58
106/02/23,7.60,7.75,7.60,7.70,239245,1831492,0.06,69
106/02/24,7.62,7.67,7.50,7.63,171911,1297694,-0.07,52
106/03/01,7.41,7.59,7.41,7.49,583665,4358279,-0.14,150
106/03/02,7.50,7.50,7.40,7.40,103507,771382,-0.09,47
106/03/03,7.48,7.48,7.39,7.43,56228,418894,0.03,29
106/03/06,7.43,7.47,7.41,7.47,45236,336304,0.04,109
106/03/07,7.40,7.49,7.40,7.49,156042,1156986,0.02,82
106/03/08,7.44,7.48,7.40,7.48,91228,676729,-0.01,86
106/03/09,7.47,7.48,7.35,7.47,70054,520310,-0.01,86
106/03/10,7.47,7.49,7.38,7.46,77033,573781,-0.01,67
106/03/13,7.46,7.46,7.34,7.43,115332,851510,-0.03,119
106/03/14,7.43,7.45,7.43,7.45,12461,92708,0.02,41
106/03/15,7.45,7.50,7.38,7.49,65269,486952,0.04,67
106/03/16,7.49,7.54,7.48,7.53,104145,781821,0.04,56
106/03/17,7.50,7.51,7.42,7.50,228375,1703102,-0.03,77
106/03/20,7.52,7.53,7.50,7.53,337649,2534069,0.03,78
106/03/21,7.51,7.51,7.43,7.51,58806,438529,-0.02,42
106/03/22,7.45,7.50,7.45,7.45,39079,291328,-0.06,27
106/03/23,7.45,7.49,7.38,7.49,35201,262616,0.04,49
106/03/24,7.43,7.52,7.43,7.49,35027,261233,,39
106/03/27,7.49,7.50,7.48,7.49,85366,639643,,91
106/03/28,7.49,7.51,7.37,7.47,223270,1652109,-0.02,56
106/03/29,7.47,7.47,7.39,7.41,61471,455838,-0.06,39
106/03/30,7.48,7.48,7.34,7.44,335033,2485771,0.03,62
106/03/31,7.44,7.47,7.35,7.41,304744,2267886,-0.03,80
106/04/05,7.45,7.45,7.40,7.42,40245,298259,0.01,210
106/04/06,7.42,7.42,7.29,7.40,62074,458504,-0.02,78
106/04/07,7.40,7.49,7.39,7.43,237791,1765729,0.03,85
106/04/10,7.41,7.43,7.38,7.43,439314,3258206,,154
106/04/11,7.41,7.41,7.32,7.32,371199,2737561,-0.11,151
106/04/12,7.32,7.35,7.24,7.28,207601,1510194,-0.04,108
106/04/13,7.23,7.31,7.16,7.20,513053,3692711,-0.08,143
106/04/14,7.17,7.17,6.93,7.00,453185,3176552,-0.20,143
106/04/17,6.97,6.97,6.75,6.92,145119,990672,-0.08,165
106/04/18,6.91,6.91,6.83,6.90,69280,475459,-0.02,130
106/04/19,6.89,6.89,6.74,6.85,65104,441661,-0.05,121
106/04/20,6.76,6.85,6.75,6.85,42480,287426,,27
106/04/21,6.82,6.87,6.77,6.84,339806,2310401,-0.01,55
106/04/24,6.81,6.84,6.81,6.84,18947,129505,,19
106/04/25,6.78,6.84,6.75,6.83,154100,1044637,-0.01,54
106/04/26,6.81,6.81,6.72,6.77,189004,1275754,-0.06,55
106/04/27,6.75,6.78,6.71,6.75,82001,552756,-0.02,26
106/04/28,6.78,6.84,6.76,6.76,247006,1679406,0.01,47
106/05/02,6.76,6.85,6.76,6.79,42057,285341,0.03,24
106/05/03,6.79,6.82,6.75,6.82,30250,205418,0.03,12
106/05/04,6.82,6.98,6.82,6.98,26485,182964,0.16,21
106/05/05,6.97,6.98,6.85,6.98,27367,190404,0.00,24
106/05/08,6.87,6.96,6.87,6.96,18208,125794,-0.02,16
106/05/09,6.94,7.20,6.90,7.05,69508,484916,0.09,23
106/05/10,7.00,7.03,6.90,7.00,146001,1010887,-0.05,27
106/05/11,6.95,6.98,6.87,6.98,54000,373090,-0.02,19
106/05/12,6.96,6.99,6.90,6.98,78571,547154,0.00,25
106/05/15,6.98,7.03,6.91,6.99,123930,861245,0.01,35
106/05/16,7.00,7.00,6.93,7.00,16002,111864,0.01,9
106/05/17,6.93,6.93,6.70,6.72,163133,1110231,-0.28,56
106/05/18,6.70,6.80,6.70,6.77,53008,356921,0.05,27
106/05/19,6.79,6.86,6.72,6.86,80103,544769,0.09,42
106/05/22,6.92,7.03,6.90,7.00,173021,1204004,0.14,45
106/05/23,6.96,7.02,6.95,7.01,66031,461127,0.01,30
106/05/24,6.98,7.17,6.93,7.17,92907,657339,0.16,41
106/05/25,7.06,7.19,7.06,7.19,183565,1308618,0.02,57
106/05/26,7.17,7.17,7.07,7.17,110110,784365,-0.02,33
106/05/31,7.16,7.16,7.07,7.15,90270,643856,-0.02,37
106/06/01,7.14,7.18,7.08,7.13,103505,737487,-0.02,41
106/06/02,7.10,7.16,7.08,7.14,31823,226491,0.01,23
106/06/03,7.11,7.17,7.10,7.17,94868,677880,0.03,34
106/06/05,7.17,7.18,7.11,7.15,54007,384909,-0.02,22
106/06/06,7.14,7.14,7.06,7.13,112391,796385,-0.02,33
106/06/07,7.10,7.15,7.10,7.15,79802,570043,0.02,23
106/06/08,7.08,7.15,7.08,7.08,9237,65474,-0.07,10
106/06/09,7.14,7.14,7.09,7.14,31827,226601,0.06,21
106/06/12,6.88,7.09,6.88,7.09,29003,203522,-0.05,13
106/06/13,7.09,7.13,7.04,7.11,16020,113632,0.02,9
106/06/14,7.03,7.13,6.95,7.08,18000,127120,-0.03,10
106/06/15,7.02,7.03,6.83,7.03,129000,892270,-0.05,36
106/06/16,6.91,7.04,6.90,7.04,50452,350974,0.01,25
106/06/19,7.10,7.10,6.95,7.06,257264,1804798,0.02,56
106/06/20,7.00,7.03,6.95,7.03,44877,313439,-0.03,28
106/06/21,6.95,7.00,6.92,7.00,94873,659265,-0.03,43
106/06/22,6.99,7.00,6.94,7.00,30913,215682,0.00,20
106/06/23,6.99,7.01,6.93,6.93,393248,2748895,-0.07,48
106/06/26,6.92,6.98,6.88,6.98,242002,1675612,0.05,47
106/06/27,6.99,6.99,6.93,6.93,64771,449459,-0.05,14
106/06/28,6.88,6.95,6.85,6.95,192000,1319890,0.02,48
106/06/29,6.89,6.90,6.85,6.85,144062,989309,-0.10,25
106/06/30,6.89,6.93,6.84,6.92,903418,6211532,0.07,51
106/07/03,6.92,6.99,6.90,6.99,66303,461495,0.07,34
106/07/04,6.98,6.99,6.96,6.99,60492,422027,0.00,17
106/07/05,7.02,7.02,6.96,7.00,15980,111718,0.01,13
106/07/06,6.95,6.98,6.90,6.97,138011,955975,-0.03,32
106/07/07,6.91,6.99,6.91,6.99,153010,1066630,0.02,19
106/07/10,6.95,7.01,6.95,7.01,104292,729265,0.02,26
106/07/11,7.01,7.06,6.98,7.06,113000,791830,0.05,38
106/07/12,7.04,7.09,6.98,7.09,335236,2351993,0.03,67
106/07/13,7.05,7.12,7.02,7.08,523500,3698679,-0.01,65
106/07/14,7.15,7.15,7.08,7.12,151610,1077761,0.04,38
106/07/17,7.15,7.15,7.06,7.12,47595,339183,0.00,19
106/07/18,7.10,7.19,7.10,7.15,298113,2124881,0.03,61
106/07/19,7.19,7.19,7.10,7.14,98400,700879,-0.01,24
106/07/20,7.14,7.14,7.11,7.14,33523,238712,0.00,18
106/07/21,7.13,7.14,7.13,7.14,15003,107051,0.00,9
106/07/24,7.16,7.16,7.06,7.11,45001,319247,-0.03,25
106/07/25,7.10,7.14,7.03,7.11,238000,1676690,0.00,33
106/07/26,7.14,7.17,7.09,7.16,155714,1111576,0.05,50
106/07/27,7.12,7.16,7.08,7.16,40695,289490,0.00,23
106/07/28,7.12,7.15,7.12,7.15,7006,50032,-0.01,7
106/07/31,7.09,7.14,7.09,7.14,18502,131991,-0.01,14
106/08/01,7.10,7.15,7.09,7.15,88799,631129,0.01,38
106/08/02,7.11,7.11,7.09,7.09,43100,305742,-0.06,23
106/08/03,7.13,7.13,7.09,7.13,14148,100679,0.04,16
106/08/04,7.10,7.12,7.06,7.12,47233,334994,-0.01,28
106/08/07,7.07,7.11,7.07,7.11,46619,330340,-0.01,25
106/08/08,7.13,7.18,7.11,7.14,136393,973809,0.03,28
106/08/09,7.15,7.15,7.11,7.12,63509,452503,-0.02,23
106/08/10,7.08,7.11,7.03,7.10,156219,1102501,-0.02,30
106/08/11,7.08,7.09,7.06,7.09,16991,120275,-0.01,14
106/08/14,7.14,7.14,6.98,7.08,53586,377820,-0.01,48
106/08/15,7.08,7.08,7.00,7.07,54270,381798,-0.01,26
106/08/16,7.02,7.09,7.02,7.09,65507,461709,0.02,42
106/08/17,7.02,7.06,7.02,7.06,79458,558414,-0.03,30
106/08/18,7.06,7.08,7.05,7.07,75000,529470,0.01,29
106/08/21,7.03,7.07,7.03,7.07,64002,451344,0.00,25
106/08/22,7.03,7.10,6.99,7.08,174056,1224936,0.01,65
106/08/23,7.12,7.19,7.05,7.18,156552,1111597,0.10,38
106/08/24,7.15,7.20,7.15,7.20,130641,935879,0.02,36
106/08/25,7.20,7.28,7.20,7.26,318035,2299360,0.06,64
106/08/28,7.26,7.29,7.21,7.28,101001,730597,0.02,27
106/08/29,7.28,7.28,7.23,7.28,82229,596013,0.00,29
106/08/30,7.26,7.54,7.25,7.35,1060413,7894534,0.07,168
106/08/31,7.36,7.48,7.36,7.42,116724,866365,0.07,58
106/09/01,7.40,7.47,7.37,7.47,212815,1579134,0.05,59
106/09/04,7.47,7.52,7.40,7.41,91002,675944,-0.06,32
106/09/05,7.40,7.47,7.32,7.45,156870,1159632,0.04,71
106/09/06,7.40,7.44,7.37,7.37,88525,653877,-0.08,38
106/09/07,7.40,7.46,7.37,7.44,66707,494567,0.07,33
106/09/08,7.45,7.52,7.40,7.49,411209,3047857,0.05,67
106/09/11,7.49,7.51,7.40,7.48,565285,4192865,-0.01,85
106/09/12,7.48,7.54,7.45,7.49,130936,983132,0.01,47
106/09/13,7.53,7.53,7.30,7.42,450180,3332071,-0.07,44
106/09/14,7.48,7.49,7.42,7.42,93781,699009,0.00,32
106/09/15,7.48,7.48,7.40,7.48,80000,594100,0.06,28
106/09/18,7.45,7.50,7.43,7.47,49063,365437,-0.01,22
106/09/19,7.50,7.53,7.40,7.48,422275,3136972,0.01,58
106/09/20,7.40,7.47,7.40,7.47,42286,313934,-0.01,24
106/09/21,7.44,7.44,7.39,7.40,144001,1066037,-0.07,29
106/09/22,7.40,7.46,7.32,7.35,508263,3731946,-0.05,44
106/09/25,7.28,7.35,7.28,7.35,167001,1220367,0.00,28
106/09/26,7.31,7.35,7.30,7.35,63509,464745,0.00,24
106/09/27,7.31,7.42,7.31,7.42,36420,269288,0.07,12
106/09/28,7.35,7.42,7.35,7.42,20210,149053,0.00,16
106/09/29,7.35,7.44,7.35,7.44,27000,200330,0.02,8
106/09/30,7.39,7.43,7.36,7.43,67003,495051,-0.01,18
106/10/02,7.43,7.45,7.38,7.45,129000,955310,0.02,31
106/10/03,7.45,7.50,7.41,7.50,170805,1277185,0.05,45
106/10/05,7.48,7.54,7.40,7.54,154917,1160676,0.04,48
106/10/06,7.54,7.57,7.46,7.54,332001,2503067,0.00,26
106/10/11,7.50,7.57,7.50,7.56,163159,1232701,0.02,35
106/10/12,7.54,7.57,7.51,7.57,23157,174879,0.01,19
106/10/13,7.51,7.58,7.51,7.58,90000,679160,0.01,25
106/10/16,7.58,7.58,7.52,7.58,145400,1099912,0.00,46
106/10/17,7.59,7.62,7.55,7.60,135221,1025717,0.02,39
106/10/18,7.60,7.60,7.47,7.58,194588,1471692,-0.02,67
106/10/19,7.55,7.59,7.54,7.59,55415,418827,0.01,28
106/10/20,7.58,7.58,7.48,7.54,53001,399207,-0.05,27
106/10/23,7.56,7.57,7.53,7.56,78200,590297,0.02,49
106/10/24,7.49,7.52,7.49,7.51,35005,262465,-0.05,20
106/10/25,7.52,7.59,7.49,7.59,541490,4063734,0.08,95
106/10/26,7.59,7.65,7.53,7.65,170128,1290572,0.06,63
106/10/27,7.63,7.67,7.61,7.65,125555,958494,0.00,42
106/10/30,7.69,7.99,7.69,7.80,349601,2735647,0.15,115
106/10/31,7.75,7.90,7.70,7.84,391829,3073116,0.04,84
106/11/01,7.89,7.97,7.82,7.89,260488,2055120,0.05,85
106/11/02,7.85,7.89,7.83,7.88,109401,859098,-0.01,56
106/11/03,7.85,7.87,7.79,7.86,271499,2123820,-0.02,69
106/11/06,7.85,7.85,7.75,7.80,101105,785882,-0.06,44
106/11/07,7.75,7.80,7.69,7.78,120050,929028,-0.02,60
106/11/08,7.72,7.72,7.69,7.70,34048,262352,-0.08,21
106/11/09,7.66,7.79,7.61,7.70,235758,1818758,0.00,82
106/11/10,7.70,7.75,7.66,7.71,131725,1013358,0.01,50
106/11/13,7.70,7.70,7.56,7.69,478236,3662818,-0.02,93
106/11/14,7.69,7.69,7.61,7.69,172002,1316474,0.00,62
106/11/15,7.63,7.75,7.63,7.70,180700,1391321,0.01,45
106/11/16,7.70,7.74,7.66,7.74,76926,592727,0.04,36
106/11/17,7.74,7.75,7.67,7.75,99202,765922,0.01,50
106/11/20,7.72,7.76,7.70,7.76,79534,614541,0.01,31
106/11/21,7.72,7.76,7.70,7.76,100300,774040,0.00,34
106/11/22,7.72,7.88,7.72,7.80,293319,2287491,0.04,73
106/11/23,7.82,7.85,7.80,7.85,137052,1073134,0.05,43
106/11/24,7.86,7.89,7.80,7.85,210301,1649409,0.00,71
106/11/27,7.79,7.88,7.79,7.85,44002,344154,0.00,25
106/11/28,7.81,7.86,7.80,7.86,218100,1703247,0.01,61
106/11/29,7.81,7.83,7.80,7.83,141114,1101905,-0.03,50
106/11/30,7.80,7.86,7.77,7.80,292001,2280207,-0.03,82
106/12/01,7.83,7.86,7.77,7.86,156155,1218720,0.06,88
106/12/04,7.83,7.85,7.79,7.84,161004,1259068,-0.02,55
106/12/05,7.80,7.85,7.79,7.84,101101,789425,0.00,33
106/12/06,7.81,7.81,7.74,7.75,128013,994630,-0.09,60
106/12/07,7.75,7.75,7.67,7.70,298000,2296150,-0.05,57
106/12/08,7.87,8.00,7.74,7.83,189509,1478150,0.13,73
106/12/11,7.81,8.27,7.81,8.25,1082413,8813446,0.42,264
106/12/12,8.25,8.25,8.15,8.16,263241,2162825,-0.09,89
106/12/13,8.20,8.53,8.18,8.40,1258730,10529535,0.24,312
106/12/14,8.31,8.48,8.31,8.39,496238,4170548,-0.01,126
106/12/15,8.39,8.45,8.38,8.45,711002,5982886,0.06,115
106/12/18,8.53,8.85,8.53,8.65,1164628,10121658,0.20,366
106/12/19,8.70,8.81,8.50,8.63,724078,6226109,-0.02,209
106/12/20,8.63,8.66,8.53,8.60,89040,763900,-0.03,42
106/12/21,8.69,8.69,8.59,8.63,260403,2244214,0.03,85
106/12/22,8.63,8.68,8.42,8.51,433228,3720807,-0.12,108
106/12/25,8.61,8.61,8.41,8.48,182004,1543842,-0.03,63
106/12/26,8.53,8.53,8.33,8.40,400201,3361249,-0.08,145
106/12/27,8.42,8.48,8.40,8.44,233328,1964957,0.04,58
106/12/28,8.48,8.48,8.31,8.31,423612,3547503,-0.13,120
106/12/29,8.31,8.40,8.30,8.38,308252,2568431,0.07,79
107/01/02,8.38,8.41,8.34,8.34,217001,1815738,-0.04,54
107/01/03,8.40,8.40,8.33,8.34,243503,2032133,0.00,65
107/01/04,8.35,8.39,8.34,8.37,126301,1055693,0.03,51
107/01/05,8.42,8.55,8.35,8.50,402000,3399800,0.13,118
107/01/08,8.50,8.54,8.45,8.49,215005,1826212,-0.01,65
107/01/09,8.50,8.55,8.43,8.49,288764,2456822,0.00,69
107/01/10,8.49,8.95,8.49,8.69,1951694,17002612,0.20,437
107/01/11,8.83,8.88,8.66,8.70,758355,6628145,0.01,194
107/01/12,8.79,8.79,8.70,8.75,304002,2656226,0.05,83
107/01/15,8.75,8.85,8.70,8.77,675511,5911154,0.02,130
107/01/16,8.77,8.80,8.70,8.75,167757,1467879,-0.02,91
107/01/17,8.80,8.88,8.77,8.85,1058236,9335757,0.10,205
107/01/18,8.90,8.93,8.74,8.77,429644,3777149,-0.08,129
107/01/19,8.84,8.87,8.71,8.77,500362,4392128,0.00,133
107/01/22,8.82,8.82,8.70,8.74,194760,1702076,-0.03,66
107/01/23,8.77,8.79,8.64,8.68,385002,3350866,-0.06,93
107/01/24,8.68,8.74,8.66,8.72,258113,2249231,0.04,64
107/01/25,8.75,8.76,8.66,8.67,346314,3011036,-0.05,115
107/01/26,8.67,8.73,8.65,8.72,156235,1359002,0.05,52
107/01/29,8.68,8.74,8.68,8.72,135707,1183089,0.00,59
107/01/30,8.72,8.72,8.61,8.67,103002,891056,-0.05,43
107/01/31,8.61,8.65,8.50,8.55,593390,5064392,-0.12,83
107/02/01,8.55,8.62,8.47,8.47,230002,1957796,-0.08,43
107/02/02,8.46,8.50,8.33,8.44,233004,1958902,-0.03,59
107/02/05,8.29,8.38,8.23,8.33,193370,1598368,-0.11,73
107/02/06,8.22,8.25,7.81,8.09,642570,5142358,-0.24,162
107/02/07,8.15,8.28,8.06,8.14,263846,2145135,0.05,89
107/02/08,8.14,8.19,8.14,8.16,179351,1463684,0.02,93
107/02/09,8.10,8.10,7.85,7.96,451741,3597799,-0.20,73
107/02/12,8.02,8.08,7.91,7.98,403084,3222946,0.02,129
107/02/21,8.12,8.27,8.09,8.17,212004,1728922,0.19,62
107/02/22,8.23,8.23,8.15,8.15,97010,791810,-0.02,33
107/02/23,8.24,8.24,8.14,8.18,140630,1149047,0.03,64
107/02/26,8.28,8.55,8.26,8.42,688100,5757269,0.24,174
107/02/27,8.44,8.55,8.35,8.35,567438,4766202,-0.07,158
107/03/01,8.30,8.34,8.28,8.28,282624,2344871,-0.07,78
107/03/02,8.31,8.32,8.21,8.22,308526,2540668,-0.06,97
107/03/05,8.25,8.26,8.20,8.26,155600,1281203,0.04,53
107/03/06,8.31,8.32,8.22,8.32,108173,895125,0.06,34
107/03/07,8.32,8.39,8.24,8.35,393507,3282132,0.03,92
107/03/08,8.35,8.38,8.32,8.38,165262,1378744,0.03,57
107/03/09,8.38,8.40,8.30,8.35,129707,1079675,-0.03,45
107/03/12,8.27,8.44,8.26,8.35,351929,2919495,0.00,101
107/03/13,8.35,8.35,8.25,8.35,165486,1371027,0.00,65
107/03/14,8.36,8.36,8.28,8.35,103046,857840,0.00,33
107/03/15,8.33,8.35,8.28,8.30,158702,1319062,-0.05,52
107/03/16,8.30,8.34,8.28,8.30,118501,983601,0.00,33
107/03/19,8.30,8.30,8.17,8.17,363105,2989132,-0.13,108
107/03/20,8.27,8.27,8.16,8.23,119034,974338,0.06,52
107/03/21,8.37,8.37,8.20,8.25,246009,2031962,0.02,82
107/03/22,8.30,8.35,8.25,8.31,100006,831028,0.06,37
107/03/23,8.70,9.14,8.60,9.14,8534409,77228273,0.83,1706
107/03/26,9.78,10.05,9.70,10.05,5978300,59350280,0.91,1317
107/03/27,10.10,10.40,9.52,9.60,9872512,97663472,-0.45,2721
107/03/28,9.32,9.48,9.17,9.19,2183264,20313071,-0.41,821
107/03/29,9.27,9.77,9.27,9.59,3591301,34315619,0.40,1220
107/03/30,9.70,9.73,9.37,9.46,1161027,11015406,-0.13,498
107/03/31,9.58,9.65,9.30,9.32,712088,6666653,-0.14,358
107/04/02,9.30,9.72,9.28,9.64,2088547,19980882,0.32,650
107/04/03,9.60,9.78,9.40,9.71,1894506,18272050,0.07,718
107/04/09,9.80,10.65,9.75,10.60,6457208,66954557,0.89,2121
107/04/10,10.85,10.90,9.93,10.00,4863611,50859980,-0.60,1542
107/04/11,10.25,10.95,10.25,10.65,9490880,101200906,0.65,2769
107/04/12,10.70,11.35,10.65,11.10,11073958,122338128,0.45,3017
107/04/13,11.15,11.25,10.90,11.10,4047651,44651471,0.00,1141
107/04/16,11.20,11.35,10.75,10.90,3818196,42081556,-0.20,1244
107/04/17,11.10,11.10,10.40,10.55,3081600,32905133,-0.35,923
107/04/18,10.55,10.90,10.50,10.80,1582839,17085373,0.25,519
107/04/19,10.80,10.90,10.60,10.60,1406207,15074577,-0.20,459
107/04/20,10.60,10.70,10.50,10.60,671735,7139901,0.00,219
107/04/23,10.60,10.80,10.60,10.80,819350,8771077,0.20,221
107/04/24,10.90,11.85,10.90,11.85,11287699,132320926,1.05,2284
107/04/25,11.70,11.85,11.20,11.25,7296966,83732916,-0.60,2205
107/04/26,11.25,12.00,10.15,10.20,21498802,247053640,-1.05,4054
107/04/27,10.25,10.60,10.25,10.40,2354502,24461670,0.20,826
107/04/30,10.50,10.85,10.50,10.65,915031,9776229,0.25,360
107/05/02,10.65,10.95,10.30,10.50,1469129,15584141,-0.15,497
107/05/03,10.55,10.70,10.45,10.55,745834,7868651,0.05,330
107/05/04,10.50,10.70,10.40,10.40,573000,6017500,-0.15,214
107/05/07,10.50,10.55,10.40,10.45,584295,6117895,0.05,173
107/05/08,10.40,10.50,10.40,10.45,343301,3584480,0.00,130
107/05/09,10.50,10.60,10.35,10.40,521588,5422363,-0.05,183
107/05/10,10.40,10.45,10.35,10.40,572977,5970559,0.00,157
107/05/11,10.40,10.40,10.20,10.20,1053547,10784550,-0.20,264
107/05/14,10.20,10.25,10.00,10.05,1107127,11173531,-0.15,317
107/05/15,10.10,10.40,10.05,10.25,691346,7083679,0.20,247
107/05/16,10.30,10.30,10.05,10.10,491384,4993459,-0.15,216
107/05/17,10.20,10.20,10.00,10.10,1466445,14740772,0.00,208
107/05/18,10.05,10.15,10.00,10.05,512616,5155060,-0.05,159
107/05/21,9.95,10.15,9.95,9.98,736514,7355716,-0.07,222
107/05/22,9.98,10.10,9.92,9.95,657973,6557579,-0.03,177
107/05/23,9.98,10.00,9.95,9.99,204002,2036410,0.04,80
107/05/24,10.10,10.25,10.00,10.10,792365,8027785,0.11,224
107/05/25,10.00,10.10,9.98,10.05,440010,4416220,-0.05,148
107/05/28,10.20,10.30,10.05,10.05,785869,7980474,0.00,313
107/05/29,10.05,10.05,9.98,10.00,377167,3770957,-0.05,168
107/05/30,9.94,10.00,9.94,9.96,443501,4416497,-0.04,170
107/05/31,10.00,10.15,9.96,10.10,616517,6190623,0.14,205
107/06/01,10.20,10.20,10.00,10.00,372000,3745100,-0.10,115
107/06/04,10.00,10.05,9.98,10.05,421161,4213320,0.05,148
107/06/05,10.05,10.10,9.99,10.00,437075,4374536,-0.05,80
107/06/06,9.98,10.05,9.97,10.00,506099,5055112,0.00,182
107/06/07,10.00,10.10,9.98,10.05,497120,4985570,0.05,142
107/06/08,10.10,10.30,10.10,10.15,978758,10005905,0.10,294
107/06/11,10.20,10.25,10.10,10.15,329689,3356956,0.00,122
107/06/12,10.10,10.25,10.10,10.15,207001,2100810,0.00,101
107/06/13,10.20,10.35,10.10,10.15,292050,2970755,0.00,119
107/06/14,10.10,10.20,10.10,10.15,523003,5307780,0.00,117
107/06/15,10.15,10.25,10.10,10.10,235465,2385695,-0.05,79
107/06/19,10.10,10.40,10.05,10.15,682361,6990512,0.05,191
107/06/20,10.20,10.20,10.10,10.15,674170,6860384,0.00,151
107/06/21,10.20,10.20,10.15,10.15,239002,2430220,0.00,63
107/06/22,10.15,10.20,10.05,10.10,170452,1724242,-0.05,76
107/06/25,10.10,10.20,10.00,10.00,429052,4316120,-0.10,102
107/06/26,10.00,10.05,9.98,10.00,523006,5224590,0.00,126
107/06/27,10.00,10.05,9.98,9.98,460459,4600984,-0.02,111
107/06/28,9.97,9.98,9.85,9.86,707444,7010630,-0.12,170
107/06/29,9.86,9.96,9.86,9.91,212009,2100571,0.05,66
107/07/02,9.91,9.99,9.91,9.93,113487,1127140,0.02,41
107/07/03,9.98,9.98,9.77,9.80,526502,5174512,-0.13,151
107/07/04,9.76,9.80,9.70,9.70,244116,2375450,-0.10,65
107/07/05,9.67,9.67,9.56,9.56,283205,2722797,-0.14,93
107/07/06,9.60,9.60,9.40,9.52,556003,5275147,-0.04,147
107/07/09,9.52,9.74,9.45,9.74,147188,1414874,0.22,95
107/07/10,9.74,9.74,9.62,9.64,80012,771625,-0.10,43
107/07/11,9.60,9.65,9.60,9.62,81002,778528,-0.02,44
107/07/12,9.60,9.64,9.60,9.62,93001,894189,0.00,39
107/07/13,9.58,9.65,9.57,9.64,79002,760678,0.02,37
107/07/16,9.64,9.69,9.58,9.69,416001,3998679,0.05,42
107/07/17,9.69,9.78,9.64,9.70,99182,961862,0.01,39
107/07/18,9.70,9.70,9.63,9.70,98000,947280,0.00,57
107/07/19,9.66,9.70,9.65,9.68,44505,430956,-0.02,24
107/07/20,9.65,9.72,9.65,9.67,55036,532415,-0.01,32
107/07/23,9.72,9.72,9.63,9.67,38000,367120,0.00,22
107/07/24,9.65,9.69,9.65,9.69,66003,638068,0.02,30
107/07/25,9.70,9.72,9.66,9.69,73481,711395,0.00,38
107/07/26,9.72,9.76,9.69,9.76,136239,1323169,0.07,56
107/07/27,9.85,9.85,9.79,9.84,80261,788515,0.08,43
107/07/30,9.85,9.93,9.81,9.82,134120,1320188,-0.02,62
107/07/31,9.88,10.25,9.82,10.10,745806,7424330,0.28,194
107/08/01,10.30,10.50,10.20,10.20,759990,7846196,0.10,387
107/08/02,10.20,10.20,10.00,10.00,243002,2442320,-0.20,110
107/08/03,10.05,10.20,10.05,10.10,159237,1607630,0.10,74
107/08/06,10.10,10.15,10.05,10.05,75834,764890,-0.05,45
107/08/07,10.15,10.20,10.05,10.10,267205,2697920,0.05,106
107/08/08,10.20,10.30,10.10,10.20,338200,3452738,0.10,98
107/08/09,10.25,10.45,10.20,10.35,909897,9367687,0.15,191
107/08/10,10.35,10.40,10.30,10.35,427003,4419980,0.00,131
107/08/13,10.35,10.35,10.20,10.20,544342,5588065,-0.15,195
107/08/14,10.25,10.40,10.20,10.30,521038,5351731,0.10,165
107/08/15,10.30,10.30,10.20,10.25,578112,5924442,-0.05,105
107/08/16,10.30,10.30,10.20,10.25,204813,2092190,0.00,57
107/08/17,10.30,10.75,10.30,10.55,1076305,11372600,0.30,423
107/08/20,10.70,10.70,10.55,10.60,475505,5052923,0.05,198
107/08/21,10.60,10.70,10.55,10.65,333499,3546588,0.05,112
107/08/22,10.65,10.65,10.55,10.65,300222,3190498,0.00,103
107/08/23,10.65,10.65,10.55,10.55,195393,2069924,-0.10,96
107/08/24,10.55,10.55,10.45,10.45,108001,1133110,-0.10,64
107/08/27,10.45,10.50,10.30,10.30,302201,3137250,-0.15,114
107/08/28,10.35,10.55,10.35,10.50,1195213,12534811,0.20,203
107/08/29,10.50,10.50,10.35,10.45,242704,2523669,-0.05,78
107/08/30,10.45,10.45,10.25,10.30,223004,2300940,-0.15,133
107/08/31,10.25,10.30,10.25,10.30,102202,1050580,0.00,41
107/09/03,10.30,10.40,10.30,10.30,116006,1198361,0.00,55
107/09/04,10.40,10.40,10.25,10.25,312003,3215580,-0.05,87
107/09/05,10.25,10.30,10.25,10.25,60104,617810,0.00,43
107/09/06,10.25,10.30,10.25,10.25,214023,2198232,0.00,84
107/09/07,10.25,10.30,10.10,10.10,353011,3601560,-0.15,108
107/09/10,10.20,10.25,9.97,9.99,396089,3977870,-0.11,136
107/09/11,10.00,10.05,10.00,10.05,128020,1282650,0.06,34
107/09/12,10.05,10.05,9.94,10.05,181104,1811450,0.00,73
107/09/13,9.51,10.10,9.51,10.00,110000,1092170,-0.05,51
107/09/14,10.05,10.15,10.05,10.15,82005,828550,0.15,39
107/09/17,10.10,10.10,10.10,10.10,26116,263765,-0.05,17
107/09/18,10.15,10.30,10.15,10.25,164757,1682369,0.15,86
107/09/19,10.30,10.40,10.25,10.40,181030,1874155,0.15,118
107/09/20,10.30,10.35,10.20,10.25,291239,2986337,-0.15,104
107/09/21,10.25,10.30,10.05,10.25,219511,2232260,0.00,64
107/09/25,10.30,10.40,10.25,10.35,290200,2988808,0.10,69
107/09/26,10.35,10.40,10.25,10.30,246100,2535270,-0.05,67
107/09/27,10.30,10.40,10.30,10.30,83000,856450,0.00,28
107/09/28,10.40,10.45,10.30,10.35,222702,2308079,0.05,77
107/10/01,10.35,10.65,10.35,10.50,424002,4464170,0.15,133
107/10/02,10.65,10.65,10.50,10.55,258302,2724942,0.05,116
107/10/03,10.55,11.10,10.55,10.90,1533212,16672677,0.35,585
107/10/04,10.90,11.05,10.80,11.00,572572,6253467,0.10,261
107/10/05,10.95,11.00,10.70,10.80,720387,7787333,-0.20,238
107/10/08,10.80,10.85,10.50,10.65,783353,8353827,-0.15,228
107/10/09,10.60,10.65,10.45,10.55,433342,4565037,-0.10,127
107/10/11,10.30,10.30,9.99,10.00,1032643,10360483,-0.55,285
107/10/12,10.00,10.20,10.00,10.15,526924,5310276,0.15,180
107/10/15,10.20,10.30,10.15,10.20,452272,4609944,0.05,143
107/10/16,10.25,10.40,10.25,10.30,619907,6391642,0.10,166
107/10/17,10.30,10.45,10.30,10.30,579222,5991417,0.00,204
107/10/29,9.90,9.92,9.50,9.65,1400084,13542975,0.00,342
107/10/30,9.70,9.90,9.66,9.73,601224,5874542,0.08,161
107/10/31,9.90,10.15,9.81,10.10,252409,2535590,0.37,116
107/11/01,10.20,10.40,10.15,10.35,276297,2844964,0.25,121
107/11/02,10.40,10.80,10.40,10.65,379212,4022294,0.30,162
107/11/05,10.75,10.80,10.65,10.75,168986,1813279,0.10,115
107/11/06,10.75,10.90,10.75,10.80,374200,4055845,0.05,183
107/11/07,10.80,10.95,10.80,10.95,134496,1463995,0.15,76
107/11/08,10.95,10.95,10.80,10.80,162296,1760176,-0.15,72
107/11/09,10.95,10.95,10.65,10.65,119016,1278317,-0.15,48
107/11/12,10.60,10.60,10.50,10.55,135685,1433723,-0.10,49
107/11/13,10.50,10.55,10.40,10.55,197463,2066255,0.00,68
107/11/14,10.45,10.50,10.30,10.30,185136,1920994,-0.25,99
107/11/15,10.35,10.35,10.25,10.35,116480,1199403,0.05,76
107/11/16,10.50,10.50,10.30,10.35,98988,1025722,0.00,37
107/11/19,10.40,10.40,10.30,10.40,80276,831488,0.05,45
107/11/20,10.30,10.35,10.30,10.30,61342,632917,-0.10,51
107/11/21,10.25,10.35,10.25,10.30,118466,1214646,0.00,105
107/11/22,10.35,10.40,10.35,10.40,144032,1491331,0.10,43
107/11/23,10.30,10.35,10.25,10.25,79712,819679,-0.15,68
107/11/26,10.45,10.50,10.40,10.45,53800,561767,0.20,26
107/11/27,10.45,10.45,10.35,10.45,62000,644848,0.00,28
107/11/28,10.75,10.80,10.55,10.55,219801,2348599,0.10,95
107/11/29,10.65,10.65,10.45,10.50,151172,1593441,-0.05,54
107/11/30,10.50,10.60,10.35,10.60,220002,2305820,0.10,62
107/12/03,10.65,10.65,10.45,10.65,124212,1318345,0.05,45
107/12/04,10.60,10.65,10.55,10.60,89000,942800,-0.05,36
107/12/05,10.60,10.60,10.50,10.50,59202,625939,-0.10,41
107/12/06,10.50,10.50,10.35,10.35,188020,1954300,-0.15,79
107/12/07,10.40,10.50,10.40,10.40,47800,498446,0.05,54
107/12/10,10.50,10.50,10.30,10.30,80067,828221,-0.10,104
107/12/11,10.45,10.45,10.35,10.40,46433,482794,0.10,35
107/12/12,10.60,10.60,10.45,10.45,107145,1123123,0.05,59
107/12/13,10.55,10.55,10.40,10.40,41903,436869,-0.05,30
107/12/14,10.40,10.50,10.40,10.45,63800,666348,0.05,33
107/12/17,10.50,10.50,10.40,10.40,25760,269576,-0.05,25
107/12/18,10.40,10.45,10.35,10.40,84647,878723,0.00,48
107/12/19,10.40,10.40,10.35,10.35,89750,930907,-0.05,49
107/12/20,10.40,10.45,10.35,10.40,107028,1110231,0.05,65
107/12/21,10.40,10.40,10.35,10.35,145800,1512072,-0.05,68
107/12/22,10.50,10.50,10.40,10.40,59600,620536,0.05,25
107/12/23,10.00,10.05,10.00,10.05,128020,1282650,0.06,34
107/12/24,10.45,10.45,10.35,10.35,119620,1242258,-0.05,48
107/12/25,10.95,10.95,10.35,10.40,160017,1699875,0.05,74
107/12/26,10.45,10.45,10.35,10.40,42760,444113,0.00,31
107/12/27,10.40,10.50,10.35,10.45,119812,1245644,0.05,33
107/12/28,10.50,10.50,10.35,10.45,41920,436215,0.00,36
108/01/02,10.40,10.40,10.35,10.35,55957,579900,-0.10,43
108/01/03,10.35,10.40,10.35,10.35,175200,1813564,0.00,54
108/01/04,10.40,10.40,10.25,10.30,109034,1122742,-0.05,74
108/01/07,10.40,10.40,10.30,10.35,60044,622394,0.05,65
108/01/08,10.35,10.45,10.35,10.45,41515,431102,0.10,37
108/01/09,10.40,10.40,10.30,10.40,104240,1077484,-0.05,82
108/01/10,10.35,10.35,10.30,10.30,57819,596159,-0.10,49
108/01/11,10.30,10.35,10.25,10.35,64024,658137,0.05,66
108/01/14,10.25,10.30,10.25,10.30,47099,483499,-0.05,80
108/01/15,10.30,10.30,10.25,10.25,43965,451635,-0.05,38
108/01/16,10.25,10.25,10.20,10.25,115200,1180102,0.00,70
108/01/17,10.25,10.30,10.20,10.30,68848,704926,0.05,55
108/01/18,10.30,10.30,10.20,10.20,26029,267069,-0.10,40
108/01/21,10.25,10.30,10.25,10.25,37297,382471,0.05,130
108/01/22,10.25,10.30,10.25,10.30,37253,382642,0.05,47
108/01/23,10.30,10.40,10.25,10.35,27804,286259,0.05,82
108/01/24,10.25,10.30,10.25,10.30,32800,336479,-0.05,46
108/01/25,10.25,10.35,10.25,10.30,171816,1764244,0.00,64
108/01/28,10.30,10.35,10.25,10.35,190096,1950116,0.05,106
108/01/29,10.25,10.30,10.25,10.25,75012,769167,-0.10,35
108/01/30,10.30,10.30,10.30,10.30,14435,148632,0.05,28
108/02/11,10.30,10.35,10.30,10.30,68400,704704,0.00,122
108/02/12,10.30,10.35,10.30,10.35,63115,652287,0.05,56
108/02/13,10.30,10.35,10.30,10.35,71124,734727,0.00,37
108/02/14,10.35,10.40,10.30,10.40,108620,1120366,0.05,61
108/02/15,10.30,10.35,10.25,10.30,124730,1284151,-0.10,84
108/02/18,10.25,10.30,10.25,10.30,33705,346184,0.00,89
108/02/19,10.25,10.30,10.25,10.30,31002,318308,0.00,48
108/02/20,10.30,10.35,10.25,10.35,69681,715797,0.05,71
108/02/21,10.30,10.30,10.30,10.30,17622,181555,-0.05,43
108/02/22,10.30,10.30,10.25,10.30,127779,1310954,0.00,52
108/02/25,10.30,10.35,10.30,10.30,129784,1337137,0.00,105
108/02/26,10.35,10.35,10.30,10.35,228200,2350852,0.05,71
108/02/27,10.30,10.30,10.30,10.30,15505,159755,-0.05,77
108/03/04,10.30,10.40,10.30,10.40,136741,1414126,0.10,109
108/03/05,10.35,10.35,10.30,10.35,61000,629782,-0.05,65
108/03/06,10.35,10.40,10.30,10.40,139000,1434736,0.05,74
108/03/07,10.30,10.35,10.25,10.30,108401,1115044,-0.10,100
108/03/08,10.30,10.30,10.25,10.25,72088,738985,-0.05,92
108/03/11,10.25,10.35,10.25,10.30,144156,1485607,0.05,175
108/03/12,10.30,10.30,10.25,10.30,75130,772582,0.00,79
108/03/13,10.35,10.35,10.25,10.25,99055,1020548,-0.05,81
108/03/14,10.35,10.45,10.20,10.20,615251,6378800,-0.05,188
108/03/15,10.20,10.30,10.20,10.20,152529,1562282,0.00,101
108/03/18,10.20,10.30,10.20,10.30,34592,354745,0.10,166
108/03/19,10.30,10.30,10.25,10.30,106393,1092963,0.00,100
108/03/20,10.30,10.35,10.30,10.30,102584,1057993,0.00,101
108/03/21,10.35,10.35,10.20,10.30,276253,2834543,0.00,100
108/03/22,10.30,10.35,10.30,10.35,1055590,10875606,0.05,109
108/03/25,10.35,10.40,10.30,10.35,78202,808303,0.00,121
108/03/26,10.30,10.30,10.25,10.30,92640,953661,-0.05,118
108/03/27,10.30,10.30,10.25,10.25,144084,1481943,-0.05,106
108/03/28,10.25,10.30,10.25,10.30,47051,482707,0.05,69
108/03/29,10.30,10.30,10.25,10.30,89227,918328,0.00,64
108/04/01,10.25,10.25,10.20,10.20,198343,2029739,-0.10,92
108/04/02,10.25,10.25,10.20,10.20,107102,1093085,0.00,57
108/04/03,10.20,10.30,10.20,10.30,80473,824136,0.10,81
108/04/08,10.30,10.30,10.15,10.20,257392,2627254,-0.10,163
108/04/09,10.15,10.20,10.15,10.20,191743,1952516,0.00,84
108/04/10,10.15,10.15,10.05,10.10,170808,1726731,-0.10,114
108/04/11,10.10,10.20,10.10,10.15,53179,539299,0.05,119
108/04/12,10.15,10.15,10.15,10.15,93189,945862,0.00,50
108/04/15,10.10,10.10,10.00,10.00,193241,1941360,-0.15,81
108/04/16,10.00,10.00,9.95,10.00,87078,870680,0.00,59
108/04/17,9.99,10.05,9.98,10.05,125277,1252590,0.05,59
108/04/18,9.99,10.00,9.98,9.99,72049,719620,-0.06,51
108/04/19,9.99,10.10,9.99,10.10,18657,186642,0.11,12
108/04/22,10.05,10.05,10.00,10.00,34218,342967,-0.10,29
108/04/23,10.00,10.10,10.00,10.10,39040,390600,0.10,22
108/04/24,10.00,10.10,9.99,9.99,148004,1480368,-0.11,50
108/04/25,9.98,10.10,9.98,10.10,76199,762458,0.11,29
108/04/26,10.05,10.05,10.00,10.00,26400,265239,-0.10,16
108/04/29,10.00,10.00,10.00,10.00,27043,270430,0.00,20
108/04/30,10.00,10.00,10.00,10.00,17740,177400,0.00,21
108/05/02,10.10,10.10,10.00,10.00,18750,187944,0.00,16
108/05/03,10.00,10.05,10.00,10.05,12724,127324,0.05,11
108/05/06,10.00,10.00,9.99,9.99,37006,369975,-0.06,28
108/05/07,9.99,10.05,9.99,9.99,31391,313833,0.00,13
108/05/08,9.96,10.00,9.96,10.00,12396,123538,0.01,13
108/05/09,10.05,10.10,10.00,10.05,53346,535560,0.05,22
108/05/10,10.10,10.10,10.00,10.00,74005,743900,-0.05,24
108/05/13,10.05,10.05,10.00,10.00,110128,1104780,0.00,34
108/05/14,10.00,10.05,9.87,10.05,53601,534670,0.05,26
108/05/15,10.00,10.00,10.00,10.00,43191,431899,-0.05,18
108/05/16,10.00,10.00,9.99,10.00,42001,419977,0.00,18
108/05/17,10.00,10.05,10.00,10.00,54548,546031,0.00,30
108/05/20,9.95,10.00,9.95,10.00,137543,1375310,0.00,25
108/05/21,10.00,10.10,10.00,10.10,70573,709480,0.10,40
108/05/22,10.15,10.15,10.10,10.15,32241,326145,0.05,14
108/05/23,10.15,10.20,10.10,10.10,68200,692709,-0.05,30
108/05/24,10.15,10.20,10.15,10.20,22471,228704,0.10,11
108/05/27,10.25,10.45,10.20,10.45,866048,8928399,0.25,84
108/05/28,10.45,10.50,10.30,10.40,161186,1683501,-0.05,68
108/05/29,10.25,10.35,10.25,10.30,62670,645764,-0.10,36
108/05/30,10.45,10.45,10.25,10.30,51888,535478,0.00,28
108/05/31,10.30,10.35,10.25,10.35,32998,339478,0.05,30
108/06/03,--,--,--,--,1005,10499,0.00,5
108/06/04,10.35,10.40,10.25,10.35,50199,517609,0.00,29
108/06/05,10.35,10.40,10.35,10.40,218605,2262579,0.05,18
108/06/06,10.35,10.35,10.35,10.35,86808,898421,-0.05,27
108/06/10,10.30,10.35,10.30,10.35,138900,1437417,0.00,22
108/06/11,10.35,10.35,10.35,10.35,20816,215624,0.00,14
108/06/12,10.35,10.40,10.30,10.35,61743,638889,0.00,21
108/06/13,10.35,10.35,10.25,10.30,46004,472538,-0.05,25
108/06/14,10.35,10.40,10.30,10.40,68955,712282,0.10,49
108/06/17,10.40,10.40,10.30,10.40,95794,992455,0.00,23
108/06/18,10.35,10.35,10.30,10.35,134802,1395098,-0.05,28
108/06/19,10.35,10.45,10.35,10.35,37952,393700,0.00,26
108/06/20,10.40,10.45,10.35,10.45,85896,892209,0.10,31
108/06/21,10.40,10.45,10.40,10.45,22390,232975,0.00,13
108/06/24,10.50,10.50,10.40,10.50,93480,979887,0.05,30
108/06/25,10.45,10.45,10.40,10.45,40361,421322,-0.05,16
108/06/26,10.40,10.40,10.35,10.35,98776,1022730,-0.10,26
108/06/27,10.30,10.35,10.30,10.30,46831,482557,-0.05,25
108/06/28,10.30,10.30,10.30,10.30,29000,298700,0.00,9
108/07/01,10.30,10.30,10.25,10.30,76790,789334,0.00,29
108/07/02,10.30,10.30,10.25,10.30,59678,612614,0.00,30
108/07/03,10.25,10.30,10.25,10.30,21002,216072,0.00,6
108/07/04,10.30,10.35,10.20,10.35,99125,1016437,0.05,23
108/07/05,10.30,10.30,10.30,10.30,43017,443175,-0.05,10
108/07/08,10.35,10.35,10.25,10.25,67999,700238,-0.05,21
108/07/09,10.40,10.40,10.30,10.30,17411,179771,0.05,17
108/07/10,10.30,10.30,10.25,10.25,21589,222063,-0.05,20
108/07/11,10.25,10.25,10.20,10.20,79800,816099,-0.05,27
108/07/12,10.25,10.30,10.20,10.20,71200,727089,0.00,22
108/07/15,10.25,10.25,10.15,10.15,100205,1021269,-0.05,30
108/07/16,10.20,10.20,10.10,10.10,126301,1281583,-0.05,46
108/07/17,10.15,10.25,10.15,10.15,68159,693413,0.05,30
108/07/18,10.25,10.25,10.20,10.20,39800,406419,0.05,10
108/07/19,10.25,10.25,10.20,10.25,153879,1577094,0.05,31
108/07/22,10.25,10.25,10.20,10.25,68820,703851,0.00,30
108/07/23,10.25,10.30,10.20,10.25,64997,667517,0.00,26
108/07/24,10.30,10.30,10.20,10.25,63228,647736,0.00,29
108/07/25,10.25,10.25,10.20,10.25,437017,4460470,0.00,54
108/07/26,10.20,10.30,10.20,10.30,58853,604000,0.05,19
108/07/29,10.30,10.40,10.25,10.35,180285,1870834,0.05,27
108/07/30,10.40,10.40,10.35,10.35,52429,544718,0.00,22
108/07/31,10.40,10.40,10.40,10.40,72800,757039,0.05,20
108/08/01,10.35,10.35,10.30,10.30,43155,446052,-0.10,23
108/08/02,10.30,10.40,10.25,10.35,29049,299859,0.05,20
108/08/05,10.30,10.30,10.25,10.25,67288,689886,-0.10,32
108/08/06,10.30,10.30,10.20,10.30,34600,355629,0.05,20
108/08/07,10.30,10.30,10.20,10.25,189120,1932273,-0.05,36
108/08/08,10.25,10.25,10.25,10.25,8937,91603,0.00,6
108/08/12,10.25,10.25,10.20,10.20,101411,1035230,-0.05,29
108/08/13,10.20,10.25,10.20,10.20,39961,407800,0.00,19
108/08/14,10.20,10.25,10.15,10.25,133547,1361356,0.05,49
108/08/15,10.20,10.30,10.15,10.20,357000,3657000,-0.05,26
108/08/16,10.25,10.35,10.25,10.30,97295,1000558,0.10,35
108/08/19,10.35,10.40,10.30,10.35,104475,1080787,0.05,40
108/08/20,10.35,10.45,10.30,10.30,134024,1390394,-0.05,38
108/08/21,10.35,10.40,10.30,10.40,47174,489707,0.10,34
108/08/22,10.40,10.45,10.40,10.45,79938,833047,0.05,39
108/08/23,10.50,10.50,10.40,10.50,101093,1056076,0.05,39
108/08/26,10.50,10.50,10.30,10.40,6856560,70627514,-0.10,30
108/08/27,10.50,10.55,10.40,10.45,68600,718439,0.05,42
108/08/28,10.45,10.50,10.45,10.50,58505,611950,0.05,24
108/08/29,10.50,10.55,10.45,10.55,73800,774087,0.05,30
108/08/30,10.50,10.55,10.50,10.55,28742,302022,0.00,24
108/09/02,10.50,10.50,10.40,10.50,1070078,11031161,-0.05,47
108/09/03,10.50,10.50,10.40,10.40,52727,549906,-0.10,33
108/09/04,10.55,10.55,10.45,10.50,48200,505139,0.10,20
108/09/05,10.45,10.50,10.45,10.50,157417,1652604,0.00,39
108/09/06,10.45,10.50,10.45,10.45,70200,734500,-0.05,27
108/09/09,10.55,10.55,10.50,10.55,31602,332397,0.10,18
108/09/10,10.55,10.55,10.50,10.50,24486,257376,-0.05,14
108/09/11,10.55,10.70,10.55,10.60,103585,1100949,0.10,47
108/09/12,10.55,10.60,10.55,10.55,29413,310654,-0.05,19
108/09/16,10.55,10.55,10.55,10.55,27694,292137,0.00,19
108/09/17,10.60,10.60,10.55,10.60,29000,306500,0.05,11
108/09/18,10.60,10.70,10.60,10.70,78670,838197,0.10,50
108/09/19,10.65,10.65,10.60,10.65,41001,436610,-0.05,13
108/09/20,10.65,10.70,10.55,10.65,113602,1205321,0.00,31
108/09/23,10.65,10.65,10.55,10.60,21011,222115,-0.05,15
108/09/24,10.60,10.60,10.55,10.60,27821,293736,0.00,25
108/09/25,10.55,10.60,10.50,10.55,57861,609633,-0.05,24
108/09/26,10.55,10.60,10.50,10.60,60914,640237,0.05,16
108/09/27,10.50,10.60,10.40,10.55,103000,1079700,-0.05,40
108/10/01,10.50,10.50,10.45,10.45,50682,530276,-0.10,21
108/10/02,10.45,10.50,10.45,10.50,5900,61754,0.05,4
108/10/03,10.45,10.45,10.45,10.45,10946,114286,-0.05,11
108/10/04,10.55,10.55,10.40,10.50,58044,605807,0.05,20
108/10/07,10.55,10.55,10.45,10.55,8988,94624,0.05,9
108/10/08,10.45,10.45,10.45,10.45,43088,450265,-0.10,13
108/10/09,10.45,10.50,10.45,10.45,18400,192360,0.00,9
108/10/14,10.50,10.50,10.45,10.45,26020,272256,0.00,13
108/10/15,10.50,10.55,10.45,10.50,57815,606989,0.05,20
108/10/16,10.50,10.55,10.50,10.50,63461,666738,0.00,35
108/10/17,10.50,10.55,10.45,10.50,65050,682572,0.00,19
108/10/18,10.50,10.65,10.50,10.65,113847,1200776,0.15,44
108/10/21,10.60,11.20,10.60,10.80,1248700,13341946,0.15,183
108/10/22,10.90,11.00,10.80,10.80,110148,1195602,0.00,52
108/10/23,10.80,10.80,10.70,10.75,68200,734549,-0.05,27
108/10/24,10.80,10.80,10.65,10.70,73891,790132,-0.05,30
108/10/25,10.70,10.75,10.60,10.70,50700,540288,0.00,25
108/10/28,10.65,10.70,10.60,10.70,90440,962514,0.00,38
108/10/29,10.65,10.65,10.60,10.60,58426,619962,-0.10,27
108/10/30,10.60,10.60,10.60,10.60,14199,150628,0.00,11
108/10/31,10.60,10.60,10.55,10.55,51715,545606,-0.05,27
108/11/01,10.50,10.60,10.50,10.60,27972,295302,0.05,14
108/11/04,10.55,10.60,10.55,10.60,38521,407371,0.00,16
108/11/05,10.60,10.60,10.55,10.60,43678,462935,0.00,21
108/11/06,10.55,10.55,10.55,10.55,63260,667328,-0.05,27
108/11/07,10.55,10.55,10.50,10.50,58063,611314,-0.05,14
108/11/08,10.55,10.55,10.50,10.55,61186,642853,0.05,24
108/11/11,10.50,10.50,10.45,10.45,71983,755371,-0.10,29
108/11/12,10.45,10.50,10.40,10.50,143020,1493007,0.05,32
108/11/13,10.40,10.45,10.40,10.45,12770,132994,-0.05,13
108/11/14,10.40,10.45,10.40,10.45,14338,149431,0.00,12
108/11/15,10.40,10.40,10.35,10.35,141000,1466100,-0.10,36
108/11/18,10.35,10.40,10.30,10.30,134360,1388089,-0.05,43
108/11/19,10.30,10.35,10.30,10.30,298995,3079847,0.00,50
108/11/20,10.35,10.40,10.35,10.40,216356,2240164,0.10,46
108/11/21,10.40,10.40,10.35,10.35,60936,631139,-0.05,18
108/11/22,10.35,10.35,10.30,10.35,90401,935028,0.00,37
108/11/25,10.40,10.40,10.35,10.35,128903,1334899,0.00,28
108/11/26,10.40,10.40,10.35,10.40,31048,322193,0.05,20
108/11/27,10.35,10.35,10.35,10.35,68116,704943,-0.05,26
108/11/28,10.35,10.35,10.35,10.35,48919,506214,0.00,23
108/11/29,10.35,10.40,10.35,10.35,67203,696199,0.00,31
108/12/02,10.35,10.40,10.35,10.35,61211,633793,0.00,22
108/12/03,10.35,10.40,10.35,10.40,27767,287449,0.05,6
108/12/04,10.35,10.40,10.35,10.35,44629,461960,-0.05,26
108/12/05,10.35,10.40,10.35,10.35,46492,482666,0.00,19
108/12/06,10.40,10.40,10.35,10.40,28959,300877,0.05,17
108/12/09,10.40,10.40,10.30,10.35,137100,1416929,-0.05,43
108/12/10,10.35,10.35,10.35,10.35,60003,620979,0.00,17
108/12/11,10.35,10.35,10.35,10.35,18438,190758,0.00,12
108/12/12,10.35,10.35,10.35,10.35,26831,277555,0.00,19
108/12/13,10.35,10.35,10.35,10.35,39480,408543,0.00,11
108/12/16,10.35,10.45,10.35,10.40,49316,513451,0.05,29
108/12/17,10.35,10.40,10.30,10.35,57205,593210,-0.05,32
108/12/18,10.35,10.40,10.35,10.40,49468,513019,0.05,31
108/12/19,10.35,10.40,10.35,10.35,69583,720604,-0.05,19
108/12/20,10.40,10.40,10.35,10.35,36740,381566,0.00,21
108/12/23,10.40,10.40,10.35,10.35,34161,355207,0.00,11
108/12/24,10.35,10.35,10.35,10.35,55582,575193,0.00,21
108/12/25,10.40,10.45,10.40,10.40,54166,563808,0.05,12
108/12/26,10.35,10.40,10.35,10.40,13001,135060,0.00,4
108/12/27,10.35,10.40,10.35,10.35,89708,928542,-0.05,21
108/12/30,10.35,10.40,10.35,10.35,132872,1375271,0.00,28
108/12/31,10.35,10.35,10.35,10.35,89758,928993,0.00,19
109/01/02,10.35,10.45,10.35,10.45,167659,1740983,0.10,63
109/01/03,10.45,10.45,10.40,10.45,52474,547549,0.00,35
109/01/06,10.40,10.45,10.35,10.35,193000,2000350,-0.10,37
109/01/07,10.35,10.40,10.30,10.40,128988,1332674,0.05,42
109/01/08,10.40,10.40,10.20,10.20,177548,1827588,-0.20,41
109/01/09,10.25,10.25,10.20,10.20,53082,543884,0.00,22
109/01/10,10.25,10.35,10.20,10.35,95717,983082,0.15,25
109/01/13,10.35,10.45,10.35,10.40,93726,974912,0.05,40
109/01/14,10.40,10.45,10.35,10.35,51680,537486,-0.05,23
109/01/15,10.35,10.40,10.30,10.40,48844,505535,0.05,9
109/01/16,10.35,10.35,10.25,10.35,191349,1972211,-0.05,40
109/01/17,10.30,10.30,10.25,10.30,102512,1053424,-0.05,27
109/01/20,10.15,10.30,10.15,10.20,257800,2639558,-0.10,56
109/01/30,10.20,10.20,9.98,10.05,158800,1601710,-0.15,52
109/01/31,10.05,10.10,10.05,10.10,64109,645550,0.05,29
109/02/03,10.10,10.10,10.00,10.10,80005,804098,0.00,38
109/02/04,10.10,10.15,10.05,10.15,108155,1093014,0.05,27
109/02/05,10.15,10.20,10.10,10.20,61877,630295,0.05,14
109/02/06,10.20,10.25,10.15,10.20,116720,1192642,0.00,33
109/02/07,10.25,10.25,10.10,10.20,95008,969280,0.00,31
109/02/10,10.25,10.25,10.15,10.20,106124,1085420,0.00,33
109/02/11,10.15,10.20,10.15,10.15,56924,579075,-0.05,42
109/02/12,10.20,10.20,10.10,10.20,73444,748433,0.05,18
109/02/13,10.20,10.20,10.10,10.20,118964,1208228,0.00,49
109/02/14,10.15,10.20,10.10,10.15,96035,973200,-0.05,37
109/02/17,10.10,10.20,10.10,10.15,111033,1126028,0.00,53
109/02/18,10.15,10.25,10.10,10.25,192125,1951973,0.10,41
109/02/19,10.20,10.20,10.15,10.20,55017,561122,-0.05,13
109/02/20,10.20,10.25,10.20,10.25,111513,1137629,0.05,28
109/02/21,10.25,10.25,10.20,10.25,122475,1252414,0.00,32
109/02/24,10.25,10.25,10.20,10.25,98610,1008819,0.00,24
109/02/25,10.20,10.25,10.20,10.25,127200,1297497,0.00,23
109/02/26,10.20,10.20,10.15,10.15,133837,1364926,-0.10,27
109/02/27,10.20,10.25,10.15,10.15,149336,1522442,0.00,39
109/03/02,10.15,10.20,10.10,10.20,51800,525978,0.05,41
109/03/03,10.20,10.25,10.20,10.25,125003,1278879,0.05,22
109/03/04,10.20,10.20,10.20,10.20,32080,327209,-0.05,20
109/03/05,10.20,10.25,10.20,10.25,67063,685739,0.05,24
109/03/06,10.20,10.20,10.20,10.20,132294,1349383,-0.05,35
109/03/09,10.20,10.20,10.15,10.15,102402,1042558,-0.05,42
109/03/10,10.05,10.10,10.05,10.10,72019,723940,-0.05,36
109/03/11,10.15,10.15,10.05,10.05,111806,1131360,-0.05,55
109/03/12,10.10,10.10,9.70,9.98,228010,2262291,-0.07,60
109/03/13,9.90,9.90,9.10,9.40,88618,824670,-0.58,48
109/03/16,8.67,9.29,8.67,9.08,227023,2025837,-0.32,86
109/03/17,8.56,8.88,8.56,8.65,63320,553778,-0.43,54
109/03/18,8.94,9.08,8.72,9.04,71800,642550,0.39,43
109/03/19,9.00,9.00,8.71,9.00,85600,761723,-0.04,50
109/03/20,9.00,9.55,9.00,9.33,87895,818268,0.33,55
109/03/23,9.20,9.70,8.90,9.34,68007,620424,0.01,54
109/03/24,8.86,9.23,8.85,9.22,100510,914829,-0.12,65
109/03/25,9.33,9.49,9.15,9.45,24208,227150,0.23,21
109/03/26,9.18,9.78,9.18,9.78,152600,1445330,0.33,79
109/03/27,9.75,9.75,9.54,9.75,36016,348884,-0.03,24
109/03/30,9.73,9.90,9.73,9.90,87188,859100,0.15,113
109/03/31,9.92,9.95,9.78,9.95,113084,1122749,0.05,33
109/04/01,10.00,10.00,9.90,9.96,14019,139835,0.01,23
109/04/06,9.99,10.05,9.93,10.00,69024,687769,0.04,46
109/04/07,10.00,10.15,10.00,10.05,117488,1186330,0.05,32
109/04/08,10.05,10.25,10.00,10.20,257033,2610979,0.15,63
109/04/09,10.20,10.30,10.20,10.25,136599,1401755,0.05,40
109/04/10,10.20,10.25,10.05,10.25,125800,1281950,0.00,51
109/04/13,10.30,10.30,10.20,10.25,22239,227890,0.00,51
109/04/14,10.25,10.30,10.20,10.30,94082,964222,0.05,101
109/04/15,10.25,10.30,10.25,10.25,80390,825673,-0.05,60
109/04/16,10.20,10.30,10.20,10.25,58202,596559,0.00,28
109/04/17,10.30,10.35,10.20,10.35,350510,3594997,0.10,71
109/04/20,10.30,10.35,10.20,10.30,36005,368300,-0.05,16
109/04/21,10.25,10.35,10.20,10.35,184000,1887849,0.05,75
109/04/22,10.25,10.30,10.15,10.25,138124,1411764,-0.10,30
109/04/23,10.25,10.30,10.25,10.30,120784,1241123,0.05,33
109/04/24,10.25,10.35,10.25,10.35,63001,648609,0.05,25
109/04/27,10.30,10.40,10.25,10.40,264418,2736746,0.05,70
109/04/28,10.40,10.55,10.35,10.50,357999,3742588,0.10,66
109/04/29,10.60,10.85,10.60,10.80,935600,9948365,0.30,177
109/04/30,10.80,10.80,10.70,10.75,48502,521341,-0.05,31
109/05/04,10.70,10.70,10.60,10.70,167800,1785418,-0.05,28
109/05/05,10.65,10.70,10.65,10.70,74803,796790,0.00,19
109/05/06,10.65,10.70,10.65,10.65,96119,1023763,-0.05,27
109/05/07,10.70,11.50,10.65,11.15,408505,4457476,0.50,113
109/05/08,11.20,11.25,10.90,11.00,225257,2477951,-0.15,77
109/05/11,10.85,10.90,10.85,10.90,53266,578220,-0.10,31
109/05/12,10.90,10.95,10.85,10.95,68318,743898,0.05,38
109/05/13,10.90,11.00,10.90,10.95,111239,1217879,0.00,34
109/05/14,10.90,10.95,10.90,10.95,35207,383855,0.00,20
109/05/15,10.95,10.95,10.60,10.75,197913,2133654,-0.20,55
109/05/18,10.75,11.00,10.75,10.80,159000,1718250,0.05,36
109/05/19,10.85,10.85,10.70,10.75,280800,3024359,-0.05,53
109/05/20,10.75,10.80,10.75,10.75,53001,570260,0.00,19
109/05/21,10.75,10.90,10.75,10.90,94240,1021353,0.15,25
109/05/22,10.90,10.90,10.85,10.85,138752,1509457,-0.05,37
109/05/25,10.90,10.90,10.80,10.90,142999,1550639,0.05,34
109/05/26,10.85,10.90,10.80,10.90,44805,486182,0.00,26
109/05/27,10.85,10.85,10.80,10.85,78845,854602,-0.05,21
109/05/28,10.80,10.80,10.75,10.80,34377,370619,-0.05,21
109/05/29,10.80,10.80,10.70,10.80,43412,468205,0.00,21
109/06/01,10.80,10.80,10.70,10.80,90841,978480,0.00,40
109/06/02,10.75,10.75,10.65,10.70,23415,251131,-0.10,13
109/06/03,10.70,10.80,10.70,10.75,105610,1136957,0.05,33
109/06/04,10.80,10.80,10.70,10.70,55608,595355,-0.05,23
109/06/05,10.75,10.75,10.70,10.70,29392,314952,0.00,18
109/06/08,10.70,10.75,10.70,10.70,37003,395980,0.00,16
109/06/09,10.70,10.70,10.70,10.70,43024,460354,0.00,20
109/06/10,10.70,10.70,10.65,10.65,49560,528912,-0.05,19
109/06/11,10.70,10.70,10.60,10.65,71999,767539,0.00,22
109/06/12,10.50,10.60,10.25,10.60,97222,1021172,-0.05,34
109/06/15,10.65,10.65,10.50,10.60,115000,1219845,0.00,44
109/06/16,11.65,11.65,11.65,11.65,711668,8290924,1.05,158
109/06/17,12.80,12.80,12.80,12.80,619223,7926050,1.15,113
109/06/18,14.05,14.05,14.05,14.05,409035,5746930,1.25,122
109/06/19,15.45,15.45,14.80,15.45,9151653,140904785,1.40,2035
109/06/22,15.50,15.70,15.00,15.25,2130365,32714770,-0.20,873
109/06/23,15.25,15.25,14.60,15.10,1435345,21436325,-0.15,518
109/06/24,15.00,15.50,14.70,15.40,612777,9251427,0.30,332
109/06/29,15.40,16.10,15.30,16.10,1029605,16141995,0.70,479
109/06/30,16.40,16.60,15.85,15.85,865913,13977713,-0.25,419
109/07/01,15.65,15.70,14.80,15.00,824339,12394185,-0.85,377
109/07/02,15.00,15.00,14.00,14.10,1065998,15351169,-0.90,434
109/07/03,14.10,14.35,13.75,13.90,637900,8896714,-0.20,248
109/07/06,14.30,14.45,14.05,14.35,424998,6054419,0.45,190
109/07/07,14.55,14.60,14.20,14.25,240841,3439317,-0.10,114
109/07/08,13.80,14.30,13.80,14.25,169965,2383349,0.00,87
109/07/09,14.05,14.30,14.00,14.10,450176,6350448,-0.15,179
109/07/10,14.40,14.40,14.00,14.20,376750,5321299,0.10,162
109/07/13,14.40,14.85,14.20,14.20,730601,10614034,0.00,344
109/07/14,14.35,14.45,13.90,14.05,401239,5652656,-0.15,183
109/07/15,14.05,14.10,13.90,14.00,320388,4479020,-0.05,103
109/07/16,13.95,14.20,13.95,14.15,223096,3139765,0.15,96
109/07/17,14.10,14.10,13.70,13.85,352400,4900668,-0.30,135
109/07/20,13.70,13.80,13.40,13.50,299080,4054822,-0.35,131
109/07/21,13.55,13.70,13.45,13.55,165299,2240785,0.05,86
109/07/22,13.55,13.65,13.50,13.50,247903,3353625,-0.05,66
109/07/23,13.35,13.45,13.30,13.40,117101,1565102,0.00,54
109/07/24,13.40,13.40,13.25,13.35,137600,1834299,-0.05,55
109/07/27,13.30,13.40,13.25,13.25,144113,1918001,-0.10,63
109/07/28,13.25,13.35,13.05,13.15,261080,3448406,-0.10,82
109/07/29,13.15,13.35,13.15,13.25,167452,2214137,0.10,50
109/07/30,13.15,13.35,13.15,13.30,114244,1510854,0.05,42
109/07/31,13.35,13.35,13.25,13.25,6800,90398,-0.05,10
109/08/03,13.20,13.30,13.20,13.25,69545,922970,0.00,57
109/08/04,13.45,13.45,13.25,13.30,82000,1091500,0.05,32
109/08/05,13.40,14.60,13.40,14.60,468148,6789209,1.30,126
109/08/06,15.00,15.20,14.05,14.30,600439,8809719,-0.30,324
109/08/07,14.30,14.80,14.10,14.45,265000,3827248,0.15,98
109/08/10,14.50,14.60,14.15,14.25,253417,3640801,-0.20,71
109/08/11,14.75,15.65,14.30,14.30,953849,14398323,0.05,321
109/08/12,14.10,14.30,14.10,14.25,53193,754707,-0.05,38
109/08/13,14.25,14.45,14.20,14.20,45998,657120,-0.05,24
109/08/14,14.20,14.35,14.15,14.35,98658,1403790,0.15,61
109/08/17,14.35,15.00,14.35,14.90,237190,3502457,0.55,126
109/08/18,15.05,15.05,14.65,14.70,102079,1515167,-0.20,53
109/08/19,14.85,14.85,14.30,14.55,99448,1449663,-0.15,61
109/08/20,14.60,14.60,13.85,14.10,150800,2126830,-0.45,72
109/08/21,14.10,14.40,14.10,14.35,120600,1720038,0.25,74
109/08/24,14.25,14.40,14.15,14.30,34686,494891,-0.05,33
109/08/25,14.40,14.45,14.30,14.40,44198,636099,0.10,38
109/08/26,14.45,14.50,14.30,14.50,47405,685619,0.10,30
109/08/27,14.55,14.60,14.50,14.50,7999,116283,0.00,12
109/08/28,14.40,14.60,14.20,14.60,37999,546732,0.10,35
109/08/31,14.60,14.60,14.25,14.45,49000,704850,-0.15,29
109/09/01,14.30,14.45,14.20,14.45,84001,1198964,0.00,28
109/09/02,14.30,14.45,14.25,14.45,84000,1201700,0.00,31
109/09/03,14.30,14.45,14.10,14.25,99188,1411518,-0.20,44
109/09/04,14.10,14.35,14.00,14.35,123229,1745750,0.10,36
109/09/07,14.20,14.45,14.15,14.15,540984,7702021,-0.20,113
109/09/08,14.20,14.25,14.10,14.20,274201,3893653,0.05,86
109/09/09,14.00,14.50,14.00,14.50,262518,3775610,0.30,79
109/09/10,14.60,15.40,14.00,14.35,8665241,130355002,-0.15,998
109/09/11,14.20,14.45,14.10,14.35,161621,2294560,0.00,85
109/09/14,14.50,14.55,14.25,14.35,57725,830252,0.00,41
109/09/15,14.40,14.40,14.20,14.30,45165,645766,-0.05,26
109/09/16,14.35,14.50,14.30,14.45,99201,1429301,0.15,76
109/09/17,14.40,14.60,14.40,14.45,91439,1325970,0.00,54
109/09/18,14.50,14.60,14.35,14.55,135799,1965022,0.10,65
109/09/21,14.55,14.85,14.30,14.80,228000,3342698,0.25,102
109/09/22,14.80,14.80,14.50,14.65,85439,1245973,-0.15,32
109/09/23,14.50,14.55,14.35,14.50,86760,1250470,-0.15,38
109/09/24,14.40,14.55,14.10,14.40,282439,4019269,-0.10,105
109/09/25,14.20,14.35,14.05,14.35,175500,2495325,-0.05,62
109/09/28,14.15,14.30,14.15,14.30,54911,780624,-0.05,42
109/09/29,14.35,14.35,14.20,14.35,53212,759478,0.05,29
109/09/30,--,--,--,--,200,2859,0.00,4
109/10/05,14.40,14.45,14.30,14.45,24724,354502,0.00,17
109/10/06,14.50,14.55,14.40,14.55,44000,635450,0.10,24
109/10/07,14.55,14.80,14.50,14.80,163998,2407669,0.25,90
109/10/08,15.20,16.25,14.55,14.55,5905840,92629155,-0.25,1653
109/10/12,14.50,14.85,14.35,14.60,336314,4904402,0.05,126
109/10/13,14.60,14.75,14.50,14.60,182255,2660147,0.00,70
109/10/14,14.60,14.80,14.50,14.55,201520,2935789,-0.05,63
109/10/15,14.55,14.55,14.45,14.50,82637,1199099,-0.05,37
109/10/16,14.50,14.70,14.50,14.70,34004,497807,0.20,24
109/10/19,14.70,14.70,14.50,14.70,80550,1181483,0.00,32
109/10/20,14.55,14.70,14.55,14.60,34393,502685,-0.10,21
109/10/21,14.70,14.75,14.70,14.75,81001,1192612,0.15,39
109/10/22,14.75,14.75,14.60,14.70,50766,745058,-0.05,22
109/10/23,14.75,14.90,14.75,14.80,110039,1630573,0.10,35
109/10/26,14.85,14.85,14.60,14.80,71083,1046087,0.00,35
109/10/27,14.85,15.35,14.80,15.25,288927,4367199,0.45,112
109/10/28,15.25,15.25,14.80,14.90,208212,3115450,-0.35,79
109/10/29,14.85,15.05,14.70,15.05,72803,1083633,0.15,32
109/10/30,14.95,15.00,14.85,14.95,21979,328287,-0.10,25
109/11/02,14.80,15.00,14.80,14.90,121415,1808926,-0.05,46
109/11/03,15.10,15.10,14.85,14.95,72312,1077622,0.05,37
109/11/04,15.00,15.05,14.90,14.95,63679,952798,0.00,34
109/11/05,15.00,15.10,14.85,15.05,117873,1769782,0.10,55
109/11/06,15.10,15.35,15.10,15.30,241506,3685248,0.25,114
109/11/09,15.50,16.80,15.45,15.50,2980481,48818309,0.20,909
109/11/10,15.85,15.85,15.40,15.40,426275,6658470,-0.10,178
109/11/11,15.80,15.80,15.45,15.55,143790,2242584,0.15,110
109/11/12,15.70,15.75,15.50,15.60,172105,2680629,0.05,68
109/11/13,15.75,15.90,15.55,15.60,304331,4789644,0.00,97
109/11/16,15.80,16.80,15.60,15.60,837753,13483008,0.00,296
109/11/17,15.80,15.95,15.70,15.75,140001,2210266,0.15,72
109/11/18,15.75,15.95,15.70,15.90,155662,2460771,0.15,82
109/11/19,16.00,16.00,15.65,15.80,270730,4258482,-0.10,110
109/11/20,15.80,15.85,15.65,15.80,70495,1107821,0.00,43
109/11/23,15.90,15.90,15.70,15.90,110002,1738385,0.10,56
109/11/24,16.05,16.05,15.75,15.80,159879,2534503,-0.10,85
109/11/25,15.85,15.85,15.50,15.50,309384,4845205,-0.30,119
109/11/26,15.80,15.80,15.50,15.70,193614,3034466,0.20,61
109/11/27,15.80,15.80,15.45,15.45,282851,4416003,-0.25,95
109/11/30,15.55,15.65,15.45,15.65,133601,2074334,0.20,54
109/12/01,15.80,15.80,15.45,15.50,70161,1087811,-0.15,33
109/12/02,15.55,15.55,15.35,15.45,178501,2753865,-0.05,58
109/12/03,15.45,15.45,15.20,15.20,283618,4334778,-0.25,74
109/12/04,15.25,15.25,14.90,15.05,331030,4964106,-0.15,116
109/12/07,15.15,15.15,15.00,15.10,124007,1868005,0.05,31
109/12/08,15.10,15.25,15.05,15.25,44564,672802,0.15,38
109/12/09,15.25,15.25,14.70,14.90,176089,2631821,-0.35,40
109/12/10,14.95,15.00,14.85,14.85,201600,3011660,-0.05,53
109/12/11,14.90,14.95,14.80,14.85,131674,1955707,0.00,74
109/12/14,14.70,15.10,14.55,14.95,153187,2249579,0.10,45
109/12/15,15.00,15.10,14.95,14.95,121227,1818039,0.00,48
109/12/16,15.10,15.40,15.10,15.30,116724,1774356,0.35,65
109/12/17,15.35,15.35,15.15,15.30,106806,1629976,0.00,58
109/12/18,15.35,15.40,15.25,15.35,46536,713532,0.05,44
109/12/21,15.40,15.85,15.30,15.50,205233,3166082,0.15,99
109/12/22,15.50,15.65,15.40,15.50,192004,2976836,0.00,76
109/12/23,15.55,15.55,15.40,15.55,79816,1235656,0.05,36
109/12/24,15.55,16.05,15.55,16.00,287491,4570283,0.45,151
109/12/25,16.10,16.35,15.95,15.95,328041,5277894,-0.05,144
109/12/28,16.00,16.05,15.95,15.95,134600,2151822,0.00,70
109/12/29,16.05,16.10,15.85,16.00,230903,3689640,0.05,72
109/12/30,16.20,16.25,16.05,16.10,123936,1999525,0.10,82
109/12/31,16.15,16.15,16.05,16.05,95785,1540968,-0.05,51
