96/04/23,104.50,105.00,100.50,104.00,6432107,662098628,+1.50,3359
96/04/24,105.50,108.00,105.00,106.00,9200324,981127844,+2.00,5066
96/04/25,106.00,106.50,103.50,103.50,4772477,500103608,-2.50,2496
96/04/26,105.00,106.00,103.00,103.00,3724873,388531919,-0.50,2153
96/04/27,103.00,104.00,99.70,100.50,5847867,589796426,-2.50,3012
96/04/30,101.00,101.50,95.00,97.50,6496118,634030499,-3.00,3409
96/05/02,97.5,101,95.6,101,7505014,741756914,3.5,3967
96/05/03,102.00,102.00,99.00,101.00,4801303,483070024,0.00,2745
96/05/04,104.50,106.00,103.50,104.00,6492803,678578012,+3.00,3454
96/05/07,105.00,105.50,102.50,103.50,4464374,464351206,-0.50,2337
96/05/08,104.00,107.00,103.00,105.00,6483033,682961465,+1.50,3535
96/05/09,106.00,106.00,102.50,102.50,4617644,480087505,-2.50,2271
96/05/10,103.00,106.00,102.00,105.00,6854774,716301270,+2.50,3682
96/05/11,104.00,107.50,104.00,105.50,8234747,876656802,+0.50,4306
96/05/14,107.00,107.50,104.00,104.50,4150364,438823220,-1.00,2274
96/05/15,104.00,105.00,102.50,102.50,2848175,294170936,-2.00,1629
96/05/16,102.50,104.50,101.50,102.00,3570498,366579296,-0.50,1924
96/05/17,102.50,104.00,102.00,103.00,2863717,295142851,+1.00,1525
96/05/18,104.50,107.00,104.50,107.00,8738124,923771768,+4.00,4536
96/05/21,108.50,109.00,106.00,107.00,5613113,601886524,0.00,3103
96/05/22,109.00,111.00,108.00,108.50,8652006,947013143,+1.50,4521
96/05/23,109.00,109.50,105.50,106.00,4940133,530090026,-2.50,2583
96/05/24,106.00,108.00,105.00,107.00,5485348,585387236,+1.00,2703
96/05/25,106.00,114.00,106.00,113.50,18603145,2067339885,+6.50,9108
96/05/28,114.00,115.00,110.00,110.00,8496400,957282695,-3.50,4542
96/05/29,112.50,117.50,111.50,115.00,15335310,1776258650,+5.00,7021
96/05/30,115.00,116.50,113.50,116.50,8194322,946155503,+1.50,4120
96/05/31,118.00,120.00,116.50,119.00,12227432,1447715408,+2.50,5435
96/06/01,120.50,121.00,117.00,117.50,8162728,968450032,-1.50,4266
96/06/04,119.50,123.00,118.50,121.50,10554357,1279705865,+4.00,4885
96/06/05,122.50,123.00,119.00,120.00,5993203,720544860,-1.50,3155
96/06/06,121.50,123.00,115.50,115.50,11097743,1320323688,-4.50,5921
96/06/07,115.50,119.00,115.50,118.00,5008973,587769814,+2.50,2809
96/06/08,118.00,120.50,116.50,117.00,5935646,702282582,-1.00,3166
96/06/11,117.00,117.50,114.00,115.00,5411382,625634930,-2.00,2811
96/06/12,116.00,119.00,115.50,119.00,5764603,675842257,+4.00,3139
96/06/13,121.00,121.00,116.00,116.00,5901172,695595532,-3.00,3122
96/06/14,117.00,118.50,115.00,115.00,5691316,664172840,-1.00,2574
96/06/15,117.00,117.50,115.50,116.00,4000636,464818776,+1.00,1912
96/06/20,119.50,121.00,117.00,118.50,10693370,1276796160,+2.50,5090
96/06/21,120.00,122.00,118.00,119.00,9288584,1116145496,+0.50,4748
96/06/22,121.00,127.00,120.50,127.00,11613260,1451987020,+8.00,4962
96/06/23,130.00,135.50,130.00,135.50,19716801,2639575527,+8.50,7811
96/06/25,139.00,144.00,137.00,137.00,16446262,2311328894,+1.50,8181
96/06/26,137.50,143.00,136.00,142.00,13069668,1833787356,+5.00,6807
96/06/27,142.00,143.00,138.00,141.00,7573217,1061538597,-1.00,3854
96/06/28,143.00,144.50,139.00,139.50,7610952,1076028797,-1.50,3591
96/06/29,142.00,144.00,140.00,140.00,6581626,933718140,+0.50,3152
96/07/02,142.00,149.50,142.00,149.50,12489110,1823291935,+9.50,5728
96/07/03,154.00,159.50,153.00,159.50,7453908,1173413820,+10.00,2825
96/07/04,170.50,170.50,161.50,163.50,14447787,2383518163,+4.00,7917
96/07/05,164.00,173.00,162.00,173.00,10724363,1814305799,+9.50,6135
96/07/06,175.00,182.50,175.00,179.50,11883420,2125417100,+6.50,6259
96/07/09,186.00,192.00,183.00,192.00,11128295,2107359640,+12.50,5072
96/07/10,195.00,202.00,194.50,197.00,13078347,2578631012,+5.00,6771
96/07/11,200.00,210.50,199.00,210.50,9527442,1967728526,+13.50,5169
96/07/12,213.50,216.00,196.00,196.00,16219764,3298649244,-14.50,9396
96/07/13,202.00,204.00,188.00,197.00,19118861,3786138169,+1.00,11009
96/07/16,204.50,210.50,200.50,204.00,12839668,2642659418,+7.00,7423
96/07/17,208.00,209.00,196.00,201.00,7754401,1566796200,-3.00,4315
96/07/18,201.00,209.00,201.00,202.00,8544234,1747855136,+1.00,4901
96/07/19,206.00,214.00,204.50,211.00,11862896,2497743556,+9.00,6852
96/07/20,218.50,220.00,210.00,214.00,12456166,2688501524,+3.00,7101
96/07/23,215.50,228.50,214.50,228.50,7527830,1682384647,+14.50,4241
96/07/24,236.00,244.00,230.00,235.00,13084224,3126762916,+6.50,6852
96/07/25,229.00,251.00,229.00,251.00,10224048,2462485548,+16.00,5963
96/07/26,268.50,268.50,235.00,245.00,16803042,4272833290,-6.00,9421
96/07/27,228.00,241.00,228.00,228.00,10461466,2430779248,-17.00,6340
96/07/30,228.00,237.50,218.50,233.00,12835139,2939544887,+5.00,8029
96/07/31,237.00,247.50,234.00,236.00,8727308,2098232188,+3.00,5550
96/08/01,238.00,243.50,223.00,225.50,7329876,1718057976,-10.50,5131
96/08/02,232.50,232.50,210.00,210.00,7257524,1557212540,-15.50,4408
96/08/03,210.00,215.00,195.50,195.50,8213560,1634245472,-14.50,4599
96/08/06,182.00,182.00,182.00,182.00,1679974,305755268,-13.50,744
96/08/07,165.00,181.00,163.50,176.00,17686734,3074665684,,9719
96/08/08,180.00,188.00,178.00,188.00,6268476,1161661488,+12.00,3160
96/08/09,201.00,201.00,193.00,201.00,13994158,2794909758,+13.00,6383
96/08/10,188.00,200.00,188.00,199.00,7856715,1518070645,-2.00,4737
96/08/13,201.00,204.50,185.50,185.50,7463960,1443974536,-13.50,4621
96/08/14,178.00,181.00,173.00,173.00,9107046,1594938458,-12.50,5110
96/08/15,168.00,177.00,161.50,167.00,14273864,2420683288,-6.00,7562
96/08/16,163.00,175.50,158.00,171.50,18379038,3092164650,+4.50,10523
96/08/17,174.00,182.00,171.50,180.00,19862453,3514345759,+8.50,11274
96/08/20,192.50,192.50,192.50,192.50,2525536,486165679,+12.50,1260
96/08/21,199.00,199.00,182.50,190.50,14032798,2675344007,-2.00,8258
96/08/22,195.50,197.00,185.00,197.00,11355263,2169143811,+6.50,7153
96/08/23,202.00,210.50,197.50,210.50,14283669,2908234316,+13.50,8467
96/08/24,210.50,222.00,205.50,213.00,16961720,3664900986,+2.50,10480
96/08/27,217.00,218.00,206.00,208.00,9716054,2057362232,-5.00,6394
96/08/28,208.00,220.00,205.00,220.00,15339469,3301159680,+12.00,9364
96/08/29,215.00,230.00,215.00,229.00,17086859,3794530711,+9.00,10141
96/08/30,238.00,244.50,235.00,237.00,14575795,3493836915,+8.00,8672
96/08/31,238.00,240.00,231.50,233.50,9995923,2360414512,-3.50,6415
96/09/03,239.50,244.00,236.00,236.00,10966370,2626251620,+2.50,6619
96/09/04,236.00,237.00,219.50,222.50,12986111,2897099864,-13.50,8145
96/09/05,222.00,222.00,210.00,212.50,8741568,1886880120,-10.00,5775
96/09/06,216.00,227.00,216.00,226.50,13238381,2950361106,+14.00,7884
96/09/07,226.50,234.00,226.50,227.50,11735533,2701923246,+1.00,7608
96/09/10,223.00,237.00,223.00,228.50,12667593,2934246989,+1.00,8346
96/09/11,228.50,234.50,228.00,228.50,8473345,1954887980,0.00,5601
96/09/12,231.00,234.50,229.00,229.00,8041527,1865324183,+0.50,5174
96/09/13,234.00,234.00,218.00,218.50,7267997,1648832343,-10.50,4909
96/09/14,222.00,224.50,218.00,220.00,7781555,1716396600,+1.50,5106
96/09/17,222.00,224.00,218.50,223.50,4788810,1061749529,+3.50,3435
96/09/19,232.00,233.00,221.50,222.00,9660171,2192025962,-1.50,6296
96/09/20,226.00,228.50,206.50,206.50,9152880,1988326209,-15.50,6058
96/09/21,197.00,206.50,193.00,206.50,9832010,1962622640,0.00,6495
96/09/26,206.50,206.50,196.00,198.00,5708569,1140934300,-8.50,3872
96/09/27,198.00,204.50,196.00,198.50,9687615,1937187683,+0.50,6302
96/09/28,200.00,212.00,200.00,212.00,10859969,2246318928,+13.50,7022
96/09/29,214.50,219.00,213.00,215.00,10701087,2307498584,+3.00,7369
96/10/01,217.00,222.00,213.50,215.00,8265911,1794372362,0.00,5681
96/10/02,218.00,219.00,207.00,208.50,7210548,1522050715,-6.50,5149
96/10/03,208.00,216.00,204.00,209.00,9106430,1920156940,+0.50,6601
96/10/04,208.00,216.00,206.00,212.00,8616933,1832130794,+3.00,6106
96/10/05,219.00,222.00,211.00,211.50,11701040,2527513940,-0.50,7674
96/10/08,214.00,215.00,204.00,205.00,6764902,1413261410,-6.50,4638
96/10/09,205.00,205.00,195.50,200.00,6838968,1359237600,-5.00,4771
96/10/11,200.00,207.00,197.00,204.00,5863015,1191194560,+4.00,4422
96/10/12,206.00,207.00,196.00,198.00,5570281,1114252138,-6.00,4049
96/10/15,199.50,204.00,198.00,198.00,4632340,929419820,0.00,3548
96/10/16,202.00,204.00,199.50,201.50,5118530,1034490276,+3.50,3693
96/10/17,204.50,204.50,199.50,199.50,4140332,832786216,-2.00,2912
96/10/18,200.00,213.00,199.00,213.00,8625247,1802563611,+13.50,5474
96/10/19,217.00,220.00,213.00,213.00,15771357,3425017541,0.00,9855
96/10/22,208.00,222.00,208.00,219.00,12303048,2676923012,+6.00,8180
96/10/23,220.00,221.00,214.50,216.00,6492845,1411215520,-3.00,4483
96/10/24,216.00,217.50,212.00,213.50,5660215,1213491795,-2.50,3725
96/10/25,217.00,224.00,216.50,217.00,11153486,2458325962,+3.50,7236
96/10/26,223.00,224.00,217.50,217.50,8164997,1799164325,+0.50,4739
96/10/29,223.50,224.00,218.00,222.50,6800261,1504214942,+5.00,4507
96/10/30,225.00,225.00,207.00,209.50,8222232,1768791839,-13.00,5731
96/10/31,207.00,208.50,199.50,204.50,6286263,1279772757,-5.00,4272
96/11/01,207.50,208.50,202.00,203.50,5251664,1076321610,-1.00,3722
96/11/02,201.00,202.50,189.50,192.00,7274586,1420075270,-11.50,4968
96/11/05,192.00,195.00,179.00,188.50,7109933,1322424770,-3.50,4812
96/11/06,190.00,191.00,181.00,186.00,3726335,698065467,-2.50,2787
96/11/07,190.00,196.00,189.00,191.00,6269505,1209911955,+5.00,3936
96/11/08,185.00,189.00,178.00,180.00,6382766,1154731880,-11.00,4062
96/11/09,178.00,181.50,167.50,167.50,8035477,1365349136,-12.50,4727
96/11/12,157.00,157.00,156.00,156.00,1883480,294379880,-11.50,1085
96/11/13,145.50,156.00,145.50,156.00,11972934,1771576704,0.00,6442
96/11/14,155.00,155.00,145.50,150.00,11372700,1699327500,-6.00,7151
96/11/15,150.00,160.50,150.00,160.50,11336956,1779970933,+10.50,6282
96/11/16,158.00,162.50,155.00,158.50,7049164,1121588240,-2.00,4624
96/11/19,161.50,164.00,160.00,160.00,4873414,790034240,+1.50,3426
96/11/20,158.00,159.00,149.50,157.50,3966766,609975624,-2.50,2828
96/11/21,159.00,168.50,159.00,162.00,7722690,1283882160,+4.50,4436
96/11/22,160.50,162.00,154.00,157.00,4425361,702213346,-5.00,2805
96/11/23,159.00,164.00,156.00,156.00,5731713,914304228,,3821
96/11/26,160.00,160.50,156.50,157.50,3580568,568276244,+1.50,2400
96/11/27,151.00,156.00,150.00,153.00,2926079,447586245,-4.50,2149
96/11/28,155.00,155.50,149.00,149.00,3319156,507050244,-4.00,2344
96/11/29,152.00,156.00,139.50,140.00,8865589,1293153741,-9.00,5817
96/11/30,142.00,149.00,139.50,148.00,11127640,1618119720,+8.00,6177
96/12/03,148.00,158.00,144.00,158.00,7953071,1220083718,+10.00,4884
96/12/04,161.50,168.00,160.00,167.00,10740298,1770928266,+9.00,6718
96/12/05,167.00,174.00,165.50,172.00,9007811,1536617992,+5.00,5953
96/12/06,175.00,175.00,166.50,167.00,5608573,952167191,-5.00,4049
96/12/07,170.50,172.50,168.50,171.00,5271068,900005587,+4.00,3684
96/12/10,171.00,172.00,167.00,167.00,2728799,461732933,-4.00,2017
96/12/11,168.00,171.50,167.00,169.50,3952129,668137859,+2.50,2695
96/12/12,170.00,179.00,169.50,176.00,11061041,1935632716,+6.50,7148
96/12/13,178.00,180.50,164.00,164.50,8256595,1426634869,-11.50,5574
96/12/14,163.50,166.50,154.00,160.50,7737207,1232872827,-4.00,4784
96/12/17,158.00,163.00,149.50,150.00,4801183,747739450,-10.50,3523
96/12/18,144.50,160.50,140.00,155.00,8052746,1223905630,+5.00,5442
96/12/19,156.00,164.50,156.00,163.00,4532519,730407597,+8.00,3241
96/12/20,165.00,166.00,155.50,156.00,4111318,662583108,-7.00,3061
96/12/21,160.00,160.00,153.00,158.00,3650828,574003324,+2.00,2708
96/12/24,164.00,169.00,162.00,169.00,8757409,1468325621,+11.00,4863
96/12/25,168.00,176.00,167.00,170.00,11023426,1899992420,+1.00,6763
96/12/26,171.00,174.50,167.50,172.00,6535954,1125116588,+2.00,4423
96/12/27,178.00,184.00,178.00,184.00,5232118,956381712,+12.00,2872
96/12/28,188.00,190.00,182.00,187.00,14867337,2779822182,+3.00,9467
96/12/31,189.00,191.50,185.00,189.00,6836565,1289902785,+2.00,4604
97/01/02,189.00,190.50,180.50,181.00,7415634,1380269254,-8.00,5118
97/01/03,176.00,184.00,174.50,176.00,7876196,1409626996,-5.00,5319
97/01/04,176.00,181.50,174.50,176.50,6486434,1159110686,+0.50,4419
97/01/07,170.00,174.00,164.50,164.50,5312671,889307040,-12.00,3773
97/01/08,165.00,173.00,165.00,169.00,6534543,1105429310,+4.50,4350
97/01/09,166.00,172.50,161.50,172.00,4803589,807957397,+3.00,3400
97/01/10,174.50,178.50,173.00,175.50,5473792,964257488,+3.50,3563
97/01/11,178.00,179.00,173.50,174.00,4496271,790683154,-1.50,2880
97/01/14,176.00,177.00,163.50,167.50,5078003,858377507,-6.50,3505
97/01/15,171.50,176.00,168.50,171.00,5531188,954035648,+3.50,3925
97/01/16,165.00,168.00,162.00,162.00,4601298,755284574,-9.00,3311
97/01/17,163.00,166.00,151.00,151.00,7745060,1204205060,-11.00,5114
97/01/18,140.50,140.50,140.50,140.50,4261222,598714024,-10.50,2381
97/01/21,139.00,150.00,139.00,150.00,6838835,1007394250,+9.50,4551
97/01/22,139.50,146.00,139.50,139.50,5705320,803745629,-10.50,3638
97/01/23,143.00,143.50,130.00,130.00,4374814,583180320,-9.50,2892
97/01/24,128.00,133.00,121.00,121.00,5013065,627397365,-9.00,3113
97/01/25,116.00,128.50,113.00,127.00,24347936,2932006372,+6.00,13702
97/01/28,125.00,125.00,118.50,118.50,9612635,1154525237,-8.50,5594
97/01/29,118.50,122.00,110.50,111.50,10218151,1160916322,-7.00,6337
97/01/30,111.50,119.00,107.00,113.00,13390982,1542293445,+1.50,7418
97/01/31,113.00,115.00,105.50,105.50,8303476,896301956,-7.50,5309
97/02/01,107.00,109.00,101.00,102.00,9288161,972992495,-3.50,5578
97/02/12,103.00,105.00,99.80,100.00,6766826,694627100,-2.00,4114
97/02/13,101.00,101.00,93.00,93.00,7012040,658167020,-7.00,3757
97/02/14,94.00,99.40,94.00,97.60,15870557,1532119138,+4.60,8634
97/02/15,96.00,104.00,94.00,104.00,12325785,1244730640,+6.40,6365
97/02/18,106.00,111.00,106.00,111.00,7483047,818254717,+7.00,3295
97/02/19,116.00,118.50,111.00,118.50,17584504,2034801720,+7.50,9492
97/02/20,122.00,124.00,118.00,120.50,12789086,1553874848,+2.00,7853
97/02/21,126.00,128.50,124.50,128.50,4393920,560665717,+8.00,2413
97/02/22,125.50,125.50,120.00,124.00,10369019,1268990875,-4.50,6128
97/02/25,128.00,129.00,122.00,125.50,12526062,1581396269,+1.50,7472
97/02/26,128.00,132.00,125.50,127.50,9109532,1169754324,+2.00,5590
97/02/27,130.00,130.50,124.50,126.00,8469769,1078713894,-1.50,5342
97/02/29,129.00,134.50,128.50,134.50,11360264,1496742001,+8.50,6782
97/03/03,131.50,134.50,128.00,134.00,6940670,908974606,-0.50,4273
97/03/04,137.00,142.00,136.00,136.00,9819600,1360860100,+2.00,5907
97/03/05,134.00,136.00,130.00,132.00,6118943,814525942,-4.00,4185
97/03/06,138.00,139.50,135.00,135.50,6333817,866927196,+3.50,4222
97/03/07,135.00,138.50,135.00,135.00,6234497,851700595,-0.50,4111
97/03/10,139.00,140.00,136.50,137.00,7899074,1092710138,+2.00,4744
97/03/11,139.00,141.00,133.00,135.50,6535291,895166427,-1.50,4340
97/03/12,138.00,141.50,135.00,135.50,11278496,1559291198,0.00,6761
97/03/13,135.00,136.50,127.00,127.00,5879473,768605571,-8.50,4083
97/03/14,128.00,131.00,122.00,123.50,5186963,654696412,-3.50,3679
97/03/17,120.00,121.00,118.00,119.50,3494569,416916280,-4.00,2244
97/03/18,118.00,120.00,113.50,116.50,3747766,437667122,-3.00,2618
97/03/19,120.00,124.50,119.00,124.00,6902783,848628592,+7.50,4065
97/03/20,121.00,122.00,118.00,122.00,3604610,433192750,-2.00,2411
97/03/21,122.00,124.50,120.00,122.00,4426978,540821796,0.00,3169
97/03/24,127.00,128.00,122.00,122.50,4684919,582719037,+0.50,3204
97/03/25,123.50,128.00,123.50,126.50,4417099,557354017,+4.00,3211
97/03/26,129.00,133.50,129.00,130.00,6729880,881251900,+3.50,4423
97/03/27,132.00,133.00,127.00,127.00,5109199,663031773,-3.00,3359
97/03/28,129.50,131.00,128.00,129.00,3587515,465288450,+2.00,2381
97/03/31,132.00,132.00,128.50,129.50,2854659,371402670,+0.50,1889
97/04/01,130.00,132.00,123.50,124.00,3639247,467560248,-5.50,2438
97/04/02,127.00,129.50,126.00,127.00,3519135,448758208,+3.00,2427
97/04/03,129.00,131.50,128.50,129.00,4316348,560433392,+2.00,2647
97/04/07,132.00,138.00,132.00,138.00,6282478,857719464,+9.00,3534
97/04/08,140.00,141.00,136.50,137.00,7626489,1056793493,-1.00,4260
97/04/09,137.00,141.50,136.00,138.50,5009413,697690190,+1.50,3401
97/04/10,140.50,148.00,140.50,146.00,6849047,992115362,+7.50,4531
97/04/11,148.00,150.00,142.00,142.00,8707978,1267022376,-4.00,5349
97/04/14,141.50,141.50,132.50,136.00,6772872,920451022,-6.00,4171
97/04/15,136.00,140.50,136.00,139.50,5480561,762066540,+3.50,3518
97/04/16,143.00,143.50,138.50,142.00,6005150,848702366,+2.50,3842
97/04/17,146.00,147.00,139.00,141.50,6012010,865242909,-0.50,3963
97/04/18,138.50,140.00,134.00,136.00,4694664,642951304,-5.50,3261
97/04/21,137.00,139.50,134.00,139.00,3777087,516911045,+3.00,2775
97/04/22,141.00,141.00,137.50,137.50,2513960,349045980,-1.50,1850
97/04/23,138.00,143.00,137.50,141.00,5930322,838165902,+3.50,3979
97/04/24,142.00,145.00,142.00,142.50,4616145,661629235,+1.50,3260
97/04/25,143.00,144.00,136.50,141.00,6888181,964290021,-1.50,4379
97/04/28,143.00,146.00,142.00,142.50,6479275,932087325,+1.50,4046
97/04/29,146.50,148.50,144.00,145.50,9844292,1442999482,+3.00,6042
97/04/30,146.00,146.50,143.00,144.00,4159126,601274072,-1.50,2964
97/05/02,148.00,148.00,141.00,141.00,6972127,1003664907,-3.00,4550
97/05/05,144.00,147.50,143.00,145.50,6893415,1002696372,+4.50,4677
97/05/06,147.00,147.00,143.00,144.00,5527184,801027996,-1.50,3376
97/05/07,146.50,154.00,146.00,154.00,11714767,1776985618,+10.00,6623
97/05/08,156.00,164.50,156.00,161.50,23532868,3757111660,+7.50,12721
97/05/09,164.00,167.00,158.00,158.00,10831861,1762199038,-3.50,7106
97/05/12,161.50,161.50,150.50,155.00,6275665,981070575,-3.00,4182
97/05/13,155.00,161.00,152.50,160.00,5825331,914082460,+5.00,4027
97/05/14,165.50,171.00,164.00,171.00,13977651,2364563321,+11.00,8275
97/05/15,170.50,175.00,168.00,172.00,13168140,2261894491,+1.00,8046
97/05/16,175.00,179.50,173.00,175.00,9583712,1688394600,+3.00,5995
97/05/19,178.50,179.00,175.50,177.00,5047541,894286757,+2.00,3459
97/05/20,178.50,178.50,168.50,169.50,7953411,1380595657,-7.50,5320
97/05/21,170.00,174.00,169.50,171.00,5780743,991923053,+1.50,4024
97/05/22,172.50,174.50,170.00,172.00,4172298,717836756,+1.00,2999
97/05/23,173.00,173.00,160.00,160.00,7543321,1241437681,-12.00,5334
97/05/26,157.00,159.00,149.00,149.00,6354585,957145665,-11.00,4286
97/05/27,149.00,152.00,144.00,152.00,6038524,893626404,+3.00,4055
97/05/28,153.00,153.00,144.00,144.50,4665598,689296210,-7.50,3483
97/05/29,146.50,149.00,141.00,143.00,4346016,629882304,-1.50,3177
97/05/30,142.00,142.00,133.00,140.00,9685603,1305084420,-3.00,5877
97/06/02,138.50,147.00,138.00,146.00,6878715,982523390,+6.00,4953
97/06/03,145.00,146.50,141.50,141.50,3792280,543534614,-4.50,2702
97/06/04,138.00,143.00,135.00,140.00,4367550,612213321,-1.50,3030
97/06/05,140.00,142.50,137.00,141.50,3363509,469641278,+1.50,2346
97/06/06,144.50,147.50,142.50,142.50,6037912,878476453,+1.00,4180
97/06/09,141.00,146.00,141.00,142.50,5345248,767648836,0.00,3546
97/06/10,144.00,144.00,134.00,135.00,4566399,632466365,-7.50,3482
97/06/11,134.50,137.00,127.00,129.00,4595371,601933282,-6.00,3419
97/06/12,132.00,133.50,126.00,128.00,6702823,871912751,-1.00,4478
97/06/13,130.00,131.50,127.50,129.00,3629593,470493590,+1.00,2690
97/06/16,131.00,133.00,128.00,129.00,2822019,369261451,0.00,2004
97/06/17,129.50,131.00,128.00,131.00,2286652,297528564,+2.00,1606
97/06/18,133.00,133.00,131.00,132.00,2362372,312133286,+1.00,1684
97/06/19,130.00,138.00,130.00,133.50,5381034,726943537,+1.50,3833
97/06/20,133.00,133.50,128.50,130.00,2883297,377156610,-3.50,2123
97/06/23,130.00,133.00,129.00,132.50,3826381,503153480,+2.50,2720
97/06/24,136.00,139.50,134.00,134.00,7592099,1040301309,+1.50,5109
97/06/25,136.00,137.00,129.00,132.00,3298965,435379857,-2.00,2440
97/06/26,131.50,133.00,130.00,130.00,2563312,335364060,-2.00,1740
97/06/27,124.00,127.00,121.00,122.00,4031274,496483702,-8.00,2607
97/06/30,123.50,124.00,113.50,113.50,4628671,533147141,-8.50,2840
97/07/01,106.50,109.00,106.00,106.00,3780417,403024202,-7.50,2408
97/07/02,103.00,113.00,103.00,112.00,5757237,632998044,+6.00,3932
97/07/03,110.00,119.50,107.00,119.50,6586573,758603473,+7.50,4323
97/07/04,122.00,124.50,117.00,117.00,5454342,664233514,-2.50,3936
97/07/07,117.50,120.00,114.50,120.00,2732226,323147120,+3.00,2080
97/07/08,120.00,123.00,113.00,113.00,4463091,530622822,-7.00,3154
97/07/09,116.00,118.00,113.00,115.00,4151795,477908925,+2.00,3040
97/07/10,115.00,116.00,109.00,111.00,3643074,408807510,-4.00,2505
97/07/11,113.00,118.50,112.50,118.50,4735586,550150940,+7.50,3140
97/07/14,120.00,125.00,120.00,123.50,6908660,851830507,+5.00,4595
97/07/15,122.50,125.50,118.50,119.50,5197556,632778936,-4.00,3689
97/07/16,119.50,121.50,116.00,116.50,4148556,490849770,-3.00,2947
97/07/17,120.50,121.00,116.00,120.00,4379968,518216660,+3.50,3092
97/07/18,120.00,120.00,114.50,114.50,3116703,361302991,-5.50,2188
97/07/21,116.00,117.50,113.00,117.50,4064970,469666973,+3.00,2682
97/07/22,117.50,120.00,115.00,116.50,3979541,468178625,-1.00,2713
97/07/23,114.00,118.00,114.00,117.00,4437781,514349377,+0.50,3027
97/07/24,115.50,125.00,115.00,125.00,10004705,1210563625,+8.00,6205
97/07/25,122.50,123.50,118.50,121.50,4375059,530533166,-3.50,2945
97/07/29,119.00,121.00,116.00,119.00,2372820,280588080,-2.50,1643
97/07/30,121.50,121.50,116.00,116.00,2687284,319221444,-3.00,1939
97/07/31,118.00,120.00,109.00,112.50,4692605,541112557,-3.50,3067
97/08/01,110.00,110.00,106.50,107.00,3006008,324235858,-5.50,1977
97/08/04,106.00,109.00,106.00,107.50,2316383,249569668,+0.50,1638
97/08/05,107.50,107.50,100.00,100.00,4377542,445620200,-7.50,2683
97/08/06,101.00,101.50,93.00,97.10,7537205,725901490,-2.90,4844
97/08/07,96.90,103.50,95.30,103.50,8162090,821846613,+6.40,5057
97/08/08,102.00,108.00,99.50,104.50,7605422,791501810,+1.00,4999
97/08/11,106.00,111.50,106.00,110.50,6206482,677543752,+6.00,4086
97/08/12,111.00,111.50,108.00,108.00,3846637,421057611,-2.50,2576
97/08/13,107.00,111.00,106.00,109.50,5352832,581210097,+1.50,3465
97/08/14,111.50,114.00,111.00,112.50,6486565,729699561,+3.00,4010
97/08/15,113.50,116.00,109.00,109.00,5813330,654279300,-3.50,3559
97/08/18,109.00,110.00,105.00,105.00,3309578,353345476,-4.00,2171
97/08/19,104.00,108.00,102.00,106.00,3130027,330785362,+1.00,2271
97/08/20,106.00,109.00,105.50,109.00,2327911,250097299,+3.00,1677
97/08/21,111.00,113.50,109.00,109.00,3966251,442101859,0.00,2875
97/08/22,112.00,113.00,106.50,108.00,3414662,373068496,-1.00,2489
97/08/25,109.00,109.50,104.00,105.50,1923081,204194537,-2.50,1510
97/08/26,103.00,105.50,102.50,104.00,2184500,227499000,-1.50,1229
97/08/27,105.00,110.50,104.00,110.50,6948801,755955493,+6.50,3864
97/08/28,105.50,108.50,105.00,106.00,8826891,940785883,,5026
97/08/29,108.00,108.00,105.00,107.00,3949132,419490624,+1.00,2504
97/09/01,109.00,109.50,105.00,105.50,6681692,718458999,-1.50,4019
97/09/02,105.00,105.00,100.50,102.00,4018671,412626113,-3.50,2677
97/09/03,100.00,100.50,94.90,94.90,5733757,553541893,-7.10,3870
97/09/04,92.20,95.60,88.50,88.50,4349229,397020210,-6.40,2957
97/09/05,83.40,88.50,83.40,86.20,3314240,285223300,-2.30,2474
97/09/08,90.70,92.20,89.50,92.20,3957599,360993627,+6.00,2176
97/09/09,92.20,92.20,85.80,86.00,4395846,384947462,-6.20,2807
97/09/10,83.00,86.00,82.50,85.70,3752111,315830497,-0.30,2681
97/09/11,85.70,85.90,79.80,79.80,5959018,487595818,-5.90,3800
97/09/12,80.00,81.50,74.30,76.50,6293167,483266717,-3.30,4245
97/09/15,73.40,73.80,71.20,71.20,3607071,259965940,-5.30,2155
97/09/16,66.30,66.30,66.30,66.30,912415,60493103,-4.90,583
97/09/17,66.30,68.80,61.70,61.70,8389748,539927530,-4.60,4947
97/09/18,57.40,59.80,57.40,59.10,6651710,383603499,-2.60,3563
97/09/19,63.20,63.20,62.10,63.20,3880007,244557437,+4.10,1706
97/09/22,66.20,67.60,66.00,67.60,5402500,360694698,+4.40,2306
97/09/23,69.10,72.30,69.10,72.30,16361491,1166801788,+4.70,7928
97/09/24,72.10,77.20,71.30,76.30,16783042,1260869314,+4.00,9368
97/09/25,76.30,78.50,75.30,75.60,13857603,1067769095,-0.70,8217
97/09/26,77.30,77.80,71.20,71.20,8096612,600589764,-4.40,5105
97/09/30,66.30,66.30,66.30,66.30,1008492,66863002,-4.90,628
97/10/01,70.90,70.90,69.60,70.90,4660987,330092375,+4.60,2173
97/10/02,71.90,75.80,71.00,74.20,6098280,450541467,+3.30,4069
97/10/03,71.00,76.50,69.30,76.00,5642102,410854352,+1.80,4055
97/10/06,74.30,77.90,74.10,74.30,5853771,445719449,-1.70,4165
97/10/07,70.50,74.30,70.50,73.10,4376838,317328201,-1.20,3231
97/10/08,70.00,71.40,68.00,68.00,4466307,308423576,-5.10,2874
97/10/09,66.00,69.00,63.30,63.30,4902337,321016383,-4.70,3585
97/10/13,61.10,61.10,61.10,61.10,598758,36584098,-2.20,475
97/10/14,65.30,65.30,65.30,65.30,1285144,83919886,+4.20,825
97/10/15,65.90,67.50,64.20,67.50,4360849,286072590,+2.20,3031
97/10/16,65.20,66.50,65.20,65.20,3534773,231196683,-2.30,2035
97/10/17,65.50,66.50,63.00,63.00,3937738,251814494,-2.20,2767
97/10/20,61.40,67.30,60.80,67.20,4177353,263744605,+4.20,2850
97/10/21,69.80,71.90,67.20,68.00,6655555,466444340,+0.80,4495
97/10/22,66.10,68.30,65.70,65.70,4133142,274431104,-2.30,2836
97/10/23,63.50,63.50,63.50,63.50,659312,41866306,-2.20,339
97/10/24,61.30,61.90,61.30,61.30,1683981,103278433,-2.20,984
97/10/27,57.10,59.00,57.10,57.10,2944650,169068292,-4.20,1839
97/10/28,53.20,59.50,53.20,58.90,4844337,265995720,+1.80,3096
97/10/29,62.50,62.50,54.80,54.80,5664501,322109933,-4.10,3635
97/10/30,55.00,58.60,51.20,58.60,6542921,366614349,+3.80,4337
97/10/31,56.50,58.30,55.00,56.00,6090306,345025369,-2.60,4034
97/11/03,58.20,59.90,57.50,59.90,2504031,148743348,+3.90,1325
97/11/04,63.00,64.00,60.80,64.00,8586305,538814920,+4.10,4770
97/11/05,68.20,68.40,66.60,67.80,11195236,760118168,+3.80,5984
97/11/06,63.10,63.10,63.10,63.10,2604529,164345760,-4.70,1478
97/11/07,58.70,64.20,58.70,63.40,8395872,511469952,+0.30,4716
97/11/10,62.50,62.50,59.00,59.20,6230108,375934771,-4.20,3926
97/11/11,57.00,58.80,56.00,56.00,3788373,215746488,-3.20,2612
97/11/12,53.50,58.20,53.50,54.70,4629055,258261900,-1.30,3146
97/11/13,50.90,51.50,50.90,50.90,2285219,116407228,-3.80,1357
97/11/14,52.00,54.30,47.35,47.35,8959345,451901635,-3.55,5676
97/11/17,44.05,44.85,44.05,44.05,3883615,171500000,-3.30,2441
97/11/18,41.00,41.00,41.00,41.00,737990,30257590,-3.05,466
97/11/19,38.15,40.70,38.15,39.10,7659438,296594592,-1.90,4409
97/11/20,36.40,40.00,36.40,36.40,5661774,211610997,-2.70,3635
97/11/21,34.00,38.50,33.90,38.40,5996198,215795143,+2.00,3659
97/11/24,37.90,37.90,35.75,35.75,5066448,184632785,-2.65,3021
97/11/25,38.25,38.25,37.70,38.25,12225447,467478418,+2.50,3807
97/11/26,37.10,39.80,36.80,39.60,11600351,444319222,+1.35,5670
97/11/27,40.70,41.80,40.00,40.80,8454784,346962628,+1.20,4858
97/11/28,40.00,42.50,39.70,41.95,8776588,360427246,+1.15,5245
97/12/01,42.50,43.40,40.60,40.65,9350120,395282692,-1.30,5402
97/12/02,37.85,38.45,37.85,37.85,4790454,181615217,-2.80,2635
97/12/03,37.85,38.50,35.60,35.60,5813246,216360781,-2.25,3524
97/12/04,36.20,37.90,35.65,36.20,8160092,301083804,+0.60,4077
97/12/05,36.50,37.20,35.50,36.15,6528228,237543397,-0.05,3876
97/12/08,36.15,38.65,35.30,38.65,12957267,485628991,+2.50,6338
97/12/09,39.50,40.60,38.70,38.70,14569226,579460029,+0.05,7580
97/12/10,38.70,41.40,38.20,41.40,16255550,655752802,+2.70,7901
97/12/11,41.50,43.30,41.40,41.60,15511614,658106923,+0.20,8053
97/12/12,42.15,44.50,40.00,41.50,31622771,1362855485,-0.10,12531
97/12/15,42.50,44.20,42.10,43.50,22496812,972537761,+2.00,9784
97/12/16,42.50,43.25,41.10,41.90,8665806,364371436,-1.60,4637
97/12/17,42.80,43.35,40.55,40.55,13014659,546291142,-1.35,6417
97/12/18,40.55,41.00,40.10,40.70,6021095,244416057,+0.15,3329
97/12/19,40.00,41.95,39.45,41.20,11122368,454786687,+0.50,5801
97/12/22,41.60,42.65,40.60,42.00,18724151,784020542,+0.80,8985
97/12/23,42.40,42.95,40.50,42.50,17620776,739989673,+0.50,8488
97/12/24,41.80,42.25,40.50,40.60,7141403,295082494,-1.90,4055
97/12/25,39.55,41.40,39.55,40.60,6993669,284193818,0.00,4058
97/12/26,41.20,42.60,41.10,41.30,14229394,597202663,+0.70,7543
97/12/29,42.00,42.60,41.30,41.80,10742422,452631724,+0.50,5728
97/12/30,42.70,44.00,42.30,43.30,18954441,818278328,+1.50,9130
97/12/31,43.70,45.20,43.35,44.20,19516479,865831812,+0.90,9736
98/01/05,47.00,47.25,46.40,47.25,14480923,679910290,+3.05,7032
98/01/06,47.25,47.50,45.15,45.50,15364348,709437008,-1.75,8445
98/01/07,46.00,46.65,45.05,45.70,13034666,597641970,+0.20,7026
98/01/08,43.50,44.20,42.55,42.55,8448382,363578879,-3.15,4756
98/01/09,42.00,43.00,41.60,41.90,5778723,244570566,-0.65,3460
98/01/10,41.40,41.60,40.80,41.45,4208112,173555196,-0.45,2361
98/01/12,41.90,42.80,41.80,41.95,5219756,220359098,+0.50,3061
98/01/13,41.30,41.95,41.00,41.90,2957406,122543902,-0.05,1737
98/01/14,42.40,43.20,41.90,41.90,5687947,242714362,0.00,3157
98/01/15,40.05,40.60,39.50,39.60,4447337,177899330,-2.30,2475
98/01/16,40.45,40.80,39.80,40.50,3291236,132434352,+0.90,2016
98/01/17,41.00,41.00,40.00,40.00,1647027,66262680,-0.50,1123
98/01/19,40.00,41.30,40.00,40.90,3491504,142692873,+0.90,2183
98/01/20,40.50,40.90,39.90,40.00,2545311,102497964,-0.90,1558
98/01/21,38.80,40.00,38.80,39.20,3049301,119924552,-0.80,1702
98/02/02,39.20,40.50,39.20,39.95,2439049,97574460,+0.75,1560
98/02/03,40.10,41.80,40.10,41.25,3602792,148232145,+1.30,2300
98/02/04,41.80,41.85,40.50,40.70,2799548,114470234,-0.55,1682
98/02/05,40.00,40.70,39.85,40.00,2702519,108582810,-0.70,1653
98/02/06,40.50,41.40,40.50,40.65,3731859,152814092,+0.65,2316
98/02/09,41.10,42.90,41.00,41.80,8733613,368783462,+1.15,4991
98/02/10,41.90,42.50,41.50,41.70,3595211,150475282,-0.10,2139
98/02/11,40.80,42.20,40.60,41.65,4884963,202551398,-0.05,2959
98/02/12,41.65,42.50,40.25,40.25,5981945,247567423,-1.40,3265
98/02/13,40.35,41.50,40.35,41.25,3559386,145868045,+1.00,2161
98/02/16,42.00,43.50,41.30,42.50,9028520,385925948,+1.25,4763
98/02/17,42.50,43.35,42.10,43.05,13069006,560632477,+0.55,6635
98/02/18,42.20,42.60,41.50,41.85,4389888,184096849,-1.20,2373
98/02/19,42.10,43.25,41.85,43.15,9137272,390457607,+1.30,4697
98/02/20,43.15,44.20,42.00,42.00,9775137,423815715,-1.15,5060
98/02/23,41.90,42.30,40.60,41.95,5612700,233716750,-0.05,3028
98/02/24,41.00,41.60,41.00,41.30,2561380,105732332,-0.65,1444
98/02/25,42.50,44.15,42.10,44.15,14641038,639897594,+2.85,5529
98/02/26,44.40,44.45,42.70,43.10,9254330,402017623,-1.05,4620
98/02/27,43.30,43.75,42.85,43.20,6736449,291299685,+0.10,3453
98/03/02,42.00,42.95,40.50,40.55,7185875,295947628,-2.65,3828
98/03/03,39.00,40.00,38.05,40.00,4708953,184484956,-0.55,2781
98/03/04,40.00,42.40,40.00,42.30,7449892,310018420,+2.30,4011
98/03/05,43.50,43.50,41.80,41.80,8459020,362280965,-0.50,4362
98/03/06,40.60,42.80,40.60,41.65,4355134,182132406,-0.15,2663
98/03/09,41.70,43.30,41.55,42.05,6499651,276291609,+0.40,3594
98/03/10,42.20,42.90,42.00,42.20,3941976,167208021,+0.15,2329
98/03/11,43.40,44.50,42.70,42.70,14130353,617378044,+0.50,6941
98/03/12,43.20,43.20,42.35,42.70,4149243,177379662,0.00,2412
98/03/13,44.00,44.40,43.20,43.50,10345097,453889410,+0.80,4831
98/03/16,44.40,46.10,44.00,44.80,15972853,723382746,+1.30,7369
98/03/17,45.50,45.90,44.00,44.70,7671475,342776115,-0.10,3843
98/03/18,46.00,47.40,45.65,46.00,20311370,945567270,+1.30,9214
98/03/19,46.90,47.40,44.50,45.05,12899222,597800340,-0.95,6525
98/03/20,46.00,46.60,45.05,45.45,11134155,510324345,+0.40,5679
98/03/23,45.35,45.60,43.50,45.10,9719371,433400915,-0.35,5014
98/03/24,46.60,46.70,45.30,45.40,9753230,448168476,+0.30,4971
98/03/25,45.10,46.20,45.05,45.60,7791606,356018268,+0.20,4031
98/03/26,46.20,48.75,46.00,48.75,31137102,1501805335,+3.15,11282
98/03/27,51.50,52.10,51.50,52.10,19537952,1015399081,+3.35,5062
98/03/30,54.40,54.40,50.70,51.00,29305946,1553756846,-1.10,11777
98/03/31,50.30,51.30,48.00,48.80,10878741,536820017,-2.20,5670
98/04/01,50.00,52.20,49.50,51.80,12940148,663217650,+3.00,5919
98/04/02,52.30,52.80,50.50,52.20,14215102,736148408,+0.40,6579
98/04/03,54.20,55.80,53.50,53.50,21181524,1164834025,+1.30,8137
98/04/06,53.70,54.20,52.20,52.50,9628510,510402865,-1.00,4636
98/04/07,52.50,54.80,52.50,54.00,10323899,555565246,+1.50,5398
98/04/08,52.80,53.60,52.10,52.30,6199346,327483383,-1.70,3225
98/04/09,53.50,54.70,52.50,53.20,12400575,665361270,+0.90,5764
98/04/10,54.00,54.80,51.60,52.60,12218825,653259170,-0.60,5765
98/04/13,52.10,56.20,51.50,56.20,13903204,755732542,+3.60,6677
98/04/14,55.80,57.00,54.40,55.60,11256106,627055482,-0.60,5997
98/04/15,56.10,59.00,55.90,56.80,11747641,671389696,+1.20,6538
98/04/16,58.30,58.40,56.10,56.90,8009562,455365959,+0.10,4223
98/04/17,57.50,59.60,53.00,54.00,21905326,1262072104,-2.90,9924
98/04/20,54.00,56.20,52.50,56.20,17353691,950232320,+2.20,8291
98/04/21,54.00,55.70,54.00,55.00,8567109,471245004,-1.20,4649
98/04/22,55.50,55.90,53.80,54.00,8548949,467402546,-1.00,4575
98/04/23,53.00,53.20,50.50,51.00,8466658,438337458,-3.00,4976
98/04/24,51.50,53.00,51.00,51.80,9236764,478705560,+0.80,5188
98/04/27,52.10,52.50,48.20,48.25,9403041,465410964,-3.55,4885
98/04/28,47.40,49.00,44.90,44.90,9465283,435121685,-3.35,5139
98/04/29,44.90,45.40,42.80,42.80,8571619,375748186,-2.10,4314
98/04/30,45.65,45.75,44.05,45.75,7230747,328416699,+2.95,3882
98/05/04,47.10,48.00,45.70,46.50,9172087,432170347,+0.75,4931
98/05/05,46.70,48.40,46.70,47.20,8717820,413485535,+0.70,4622
98/05/06,47.20,50.50,46.50,50.50,17147200,846195782,+3.30,7751
98/05/07,53.00,53.40,50.00,51.80,15834518,826449510,+1.30,6983
98/05/08,51.40,53.50,51.40,52.10,10281231,539845116,+0.30,4963
98/05/11,53.00,54.00,52.10,52.10,8097536,429461313,0.00,4337
98/05/12,51.00,51.60,48.70,48.90,6509284,322956716,-3.20,3580
98/05/13,49.50,51.70,49.40,51.10,7479541,378886578,+2.20,4222
98/05/14,50.00,52.20,49.60,50.00,5663029,287609850,-1.10,3175
98/05/15,50.50,51.20,49.70,49.70,5084914,255990659,-0.30,2948
98/05/18,49.20,50.50,48.85,48.85,4302496,212182082,-0.85,2599
98/05/19,50.50,52.20,50.00,52.20,11180080,578581259,+3.35,4487
98/05/20,53.40,55.70,53.30,55.50,31711648,1733839045,+3.30,13357
98/05/21,57.00,59.00,57.00,58.20,21049861,1223402693,+2.70,10012
98/05/22,58.00,62.00,57.00,61.20,29592137,1751572161,+3.00,14057
98/05/25,64.00,64.00,60.40,61.50,22192563,1380768716,+0.30,11053
98/05/26,61.50,64.60,58.60,59.80,19857164,1238102494,-1.70,10287
98/05/27,62.70,63.00,61.50,61.70,11017623,684687014,+1.90,5913
98/06/01,63.50,65.50,62.50,64.20,14657104,939062257,+2.50,7715
98/06/02,66.00,66.00,59.90,60.30,13879968,873783945,-3.90,7436
98/06/03,60.30,62.90,60.30,61.00,10468856,644673216,+0.70,5972
98/06/04,60.50,62.00,60.00,60.10,6002380,364416228,-0.90,3522
98/06/05,61.40,62.80,60.30,61.10,9757507,601232867,+1.00,5400
98/06/06,61.70,61.70,60.40,61.10,4568164,277919008,0.00,2720
98/06/08,61.70,61.70,57.00,57.10,8878634,520587682,-4.00,4874
98/06/09,56.80,57.30,53.20,53.20,6648726,364512704,-3.90,3759
98/06/10,53.30,55.00,52.50,52.60,8280249,443423057,-0.60,4164
98/06/11,54.00,56.20,53.50,56.20,9995203,549322302,+3.60,5020
98/06/12,58.00,60.00,58.00,58.60,15652144,921794328,+2.40,7844
98/06/15,59.00,59.00,54.50,54.50,8625122,489248310,-4.10,4483
98/06/16,54.20,55.50,52.60,55.00,6504050,350392245,+0.50,3595
98/06/17,55.30,56.60,54.60,55.00,6813091,379746505,0.00,3781
98/06/18,55.20,56.40,53.00,53.80,4560214,248938806,-1.20,2757
98/06/19,53.90,55.50,53.50,55.20,4729990,258375340,+1.40,2845
98/06/22,56.00,56.00,54.40,55.50,4486389,248309082,+0.30,2512
98/06/23,53.50,54.50,53.50,53.50,3120065,168011610,-2.00,1874
98/06/24,54.00,55.00,53.50,54.20,3151582,170716933,+0.70,2009
98/06/25,54.60,57.90,54.60,57.90,10572938,603348903,+3.70,4961
98/06/26,59.20,61.00,59.00,59.10,19871027,1194394779,+1.20,8822
98/06/29,60.10,60.50,58.00,59.00,7823177,463148743,-0.10,3872
98/06/30,61.90,63.10,61.00,61.30,24989663,1559895732,+2.30,9462
98/07/01,60.50,62.30,59.60,61.70,12932471,794614350,+0.40,5585
98/07/02,62.80,64.00,62.00,62.20,13116792,828071404,+0.50,5749
98/07/03,60.50,63.30,60.50,62.60,9040564,559965591,+0.40,4614
98/07/06,62.90,63.30,61.40,61.50,7038930,438644692,-1.10,3647
98/07/07,61.40,62.00,60.20,62.00,6020373,369110626,+0.50,3425
98/07/08,61.80,64.40,61.50,63.20,23688176,1506299104,+1.20,10781
98/07/09,63.90,64.20,62.60,62.80,10587761,668282427,-0.40,5064
98/07/10,63.20,63.40,61.30,61.50,7382565,458495610,-1.30,3717
98/07/13,62.50,63.30,59.70,60.00,11913006,736072960,-1.50,5935
98/07/14,60.80,60.90,59.20,60.70,6691699,402651249,+0.70,3561
98/07/15,61.30,61.70,60.00,61.00,6551778,399178011,+0.30,3565
98/07/16,62.00,62.50,60.60,60.60,7282537,448678083,-0.40,3705
98/07/17,61.30,62.40,60.50,61.70,9112203,559097507,+1.10,4829
98/07/20,62.40,62.40,61.10,61.60,6594619,407819962,-0.10,3483
98/07/21,62.20,64.20,62.20,62.70,16386697,1038884988,+1.10,8264
98/07/22,64.50,67.00,64.00,67.00,31121116,2036067072,+4.30,13431
98/07/23,69.10,69.70,67.00,67.10,28292187,1933935023,+0.10,12403
98/07/24,68.60,69.50,67.10,67.60,17593145,1201700385,+0.50,8173
98/07/27,68.80,69.00,67.10,67.40,7785039,531013321,-0.20,3900
98/07/28,67.40,70.00,67.40,68.50,12666265,872783037,+1.10,5894
98/07/29,68.50,68.60,65.00,65.50,13057086,868098528,-3.00,6631
98/07/30,65.00,65.00,62.50,63.40,6284080,400155273,-2.10,3626
98/07/31,65.00,65.00,63.50,63.60,4469663,286733458,+0.20,2530
98/08/03,63.60,64.00,62.60,63.00,3282076,207573088,-0.60,1901
98/08/04,64.80,64.80,62.50,63.00,7290220,464659960,0.00,3595
98/08/05,63.20,63.70,60.00,60.60,6300979,390000525,-2.40,3415
98/08/06,61.10,63.00,60.60,62.50,7304966,452571471,+1.90,4183
98/08/10,62.20,63.60,60.60,61.20,4737104,294404061,-1.30,2577
98/08/11,61.20,62.80,61.00,62.80,3411027,210955288,+1.60,1868
98/08/12,62.60,64.50,62.50,63.20,5821111,371192241,+0.40,3190
98/08/13,63.90,64.50,63.40,64.00,5933507,379625948,+0.80,2874
98/08/14,64.50,65.00,62.80,62.90,4762001,302500449,-1.10,2488
98/08/17,62.00,62.60,61.00,61.00,3561236,218729496,-1.90,2049
98/08/18,59.50,60.20,56.80,57.50,7305091,426664478,-3.50,3647
98/08/19,58.40,58.50,57.20,58.00,2761226,159686608,+0.50,1492
98/08/20,58.00,58.50,56.40,57.30,5411767,309679290,-0.70,2496
98/08/21,52.00,53.10,51.00,51.30,6386300,334188078,,3370
98/08/24,51.60,52.40,51.10,51.80,2999588,154955846,+0.50,1829
98/08/25,52.00,53.70,51.50,52.20,3101510,163579717,+0.40,2062
98/08/26,52.00,52.40,50.50,50.80,2760293,141448269,-1.40,1746
98/08/27,50.00,51.00,49.50,49.50,2683452,134690016,-1.30,1697
98/08/28,49.50,49.50,47.25,47.60,5977363,288182510,-1.90,3497
98/08/31,47.20,47.50,44.30,45.60,5894083,266053394,-2.00,3225
98/09/01,44.95,47.00,44.00,47.00,6276084,288266620,+1.40,3545
98/09/02,47.00,49.60,46.60,49.40,6750140,326207060,+2.40,4046
98/09/03,50.00,51.00,49.10,49.35,6621625,331573569,-0.05,3768
98/09/04,49.35,50.50,49.00,49.00,3076836,151505064,-0.35,1878
98/09/07,49.00,49.60,46.60,47.10,6747116,321907573,-1.90,3679
98/09/08,47.50,48.50,46.55,48.05,4919373,235554091,+0.95,2902
98/09/09,48.55,49.35,48.20,48.50,4281130,209471920,+0.45,2440
98/09/10,49.70,49.70,48.00,48.10,2429781,118079075,-0.40,1458
98/09/11,48.20,48.65,48.05,48.50,1661306,80240418,+0.40,1068
98/09/14,48.00,48.40,47.30,47.40,1764671,84085579,-1.10,1040
98/09/15,47.50,47.95,47.00,47.20,1722210,81491315,-0.20,1162
98/09/16,47.50,50.50,47.50,50.50,8713710,431414346,+3.30,4501
98/09/17,51.90,52.50,50.50,50.70,10010213,515832579,+0.20,4995
98/09/18,50.50,51.60,50.00,51.50,4832735,246374320,+0.80,2731
98/09/21,51.30,51.30,50.60,50.80,3097961,157555505,-0.70,1856
98/09/22,50.80,52.50,50.60,52.00,8454197,437874844,+1.20,4167
98/09/23,53.00,55.30,52.90,54.00,22588339,1221992126,+2.00,10517
98/09/24,54.00,54.50,53.00,53.20,4972737,266121198,-0.80,2730
98/09/25,52.60,54.80,52.50,53.90,6173457,332955417,+0.70,3038
98/09/28,54.10,54.20,51.60,51.70,2780323,145828789,-2.20,1667
98/09/29,52.20,53.50,52.00,52.50,2617934,137740332,+0.80,1580
98/09/30,52.80,54.50,52.80,53.70,5492814,296258489,+1.20,2910
98/10/01,54.60,54.60,52.80,52.90,2757480,146780340,-0.80,1509
98/10/02,51.80,52.50,51.80,51.80,2928661,152331692,-1.10,1509
98/10/05,51.80,52.80,51.80,52.60,1443314,75690606,+0.80,899
98/10/06,52.90,53.50,52.50,52.70,3228728,170861745,+0.10,2158
98/10/07,53.30,54.90,53.30,53.80,8380886,453141176,+1.10,4743
98/10/08,54.10,54.20,52.50,52.50,3959499,210698745,-1.30,2459
98/10/09,52.80,53.80,52.20,52.50,2480905,131333350,0.00,1756
98/10/12,53.00,53.20,52.50,52.60,2026775,106868842,+0.10,1213
98/10/13,52.30,54.00,52.00,52.90,2995513,159315748,+0.30,1904
98/10/14,53.60,54.00,53.10,53.10,2977094,159277005,+0.20,1898
98/10/15,53.80,54.80,53.50,54.20,10749817,583898618,+1.10,5560
98/10/16,55.00,57.90,54.80,57.70,21676111,1234075142,+3.50,10524
98/10/19,58.90,59.80,58.20,58.20,13813150,813585000,+0.50,6829
98/10/20,59.00,59.60,58.00,58.20,8926797,523797826,0.00,5013
98/10/21,58.10,58.10,56.50,57.00,6197759,353668263,-1.20,3395
98/10/22,57.20,58.00,55.50,56.00,6510769,367627364,-1.00,3532
98/10/23,56.00,56.70,55.00,55.20,8146352,451608980,-0.80,4142
98/10/26,55.50,55.80,53.70,53.80,5860602,319477143,-1.40,3198
98/10/27,53.60,54.40,52.50,54.40,3776683,201893501,+0.60,2332
98/10/28,54.40,54.90,53.00,53.00,3213225,173256025,-1.40,2013
98/10/29,52.00,52.40,50.60,51.50,5472203,281937037,-1.50,2599
98/10/30,52.10,52.40,50.50,50.50,3974028,204017684,-1.00,2089
98/11/02,49.80,50.50,49.00,50.50,2288904,114168274,0.00,1400
98/11/03,51.30,52.80,51.00,52.20,4122062,215586016,+1.70,2504
98/11/04,53.80,54.00,53.10,53.10,3965214,211909228,+0.90,2301
98/11/05,53.20,54.00,52.10,52.10,2279146,121107591,-1.00,1419
98/11/06,53.00,54.00,52.60,52.80,3425411,182782969,+0.70,2118
98/11/09,53.20,54.50,52.60,54.50,4166791,223973990,+1.70,2350
98/11/10,55.00,55.40,53.60,53.70,4330396,235787932,-0.80,2315
98/11/11,53.70,54.80,53.50,54.60,4115193,223579264,+0.90,2453
98/11/12,54.70,54.70,53.60,53.60,2620994,141773257,-1.00,1593
98/11/13,53.00,53.90,53.00,53.20,2176692,115941281,-0.40,1347
98/11/16,53.90,56.90,53.60,56.90,13066546,729995769,+3.70,6704
98/11/17,56.70,56.70,55.10,55.20,8816832,492490092,-1.70,4693
98/11/18,55.20,58.20,55.20,56.90,10804376,619482671,+1.70,5947
98/11/19,56.90,58.00,55.60,56.30,8419236,477174039,-0.60,4544
98/11/20,56.30,57.80,55.60,56.90,9910610,562663441,,5318
98/11/23,57.50,59.30,57.10,57.30,14576265,845727224,+0.40,7327
98/11/24,57.90,60.30,57.80,58.70,27151475,1603440696,+1.40,13655
98/11/25,59.20,59.30,56.80,57.00,10598444,609972308,-1.70,5900
98/11/26,57.60,58.20,56.60,56.60,6634715,380712423,-0.40,3707
98/11/27,55.60,58.80,55.60,57.50,19985068,1154198885,+0.90,9818
98/11/30,58.80,59.50,57.20,58.00,14966431,875880698,+0.50,7445
98/12/01,58.00,59.40,57.60,58.30,12073523,707247220,+0.30,6244
98/12/02,59.00,61.00,58.70,58.70,21405329,1279268527,+0.40,10439
98/12/03,58.90,59.50,57.60,57.80,7157723,418501836,-0.90,3977
98/12/04,58.00,59.40,57.90,58.00,8381505,490927590,+0.20,4646
98/12/07,58.90,60.50,58.50,60.00,14451025,864968100,+2.00,7535
98/12/08,61.40,63.50,60.20,60.50,26800332,1653497131,+0.50,13545
98/12/09,60.70,64.70,60.50,64.70,31218388,1985084164,+4.20,14537
98/12/10,65.50,65.90,60.90,62.50,29096371,1848737274,-2.20,13741
98/12/11,63.00,64.00,61.70,61.70,18252868,1147206874,-0.80,9171
98/12/14,62.30,62.80,60.90,61.30,10199514,631596549,-0.40,5595
98/12/15,62.00,62.40,60.80,60.80,6560492,403731062,-0.50,3724
98/12/16,61.00,61.40,60.00,60.10,6001730,362983448,-0.70,4118
98/12/17,60.60,61.00,57.20,57.20,10183899,597838210,-2.90,6144
98/12/18,56.20,58.20,56.20,57.80,4674982,267025456,+0.60,3091
98/12/21,59.20,59.80,58.20,58.20,7112769,419873711,+0.40,4119
98/12/22,58.50,59.70,58.30,58.70,5935348,350779911,+0.50,3502
98/12/23,58.80,59.00,57.80,58.00,4260531,248349898,-0.70,2605
98/12/24,58.50,58.80,57.80,58.10,3955712,229820443,+0.10,2399
98/12/25,58.40,58.50,57.80,57.80,3309682,192324737,-0.30,1957
98/12/28,57.80,58.30,57.10,57.10,3824834,220533424,-0.70,2332
98/12/29,57.30,59.10,57.30,58.60,7459502,437592601,+1.50,4107
98/12/30,58.90,59.00,58.00,58.10,3902350,227326047,-0.50,2321
98/12/31,58.60,58.90,58.20,58.30,3950197,231200464,+0.20,2399
99/01/04,60.50,60.50,58.80,59.10,8134542,484498410,+0.80,4333
99/01/05,59.90,60.00,58.20,58.20,5687269,336251091,-0.90,3004
99/01/06,58.20,59.40,58.20,58.60,5200606,305608803,+0.40,2824
99/01/07,58.90,59.20,57.00,57.00,5107894,296048358,-1.60,2852
99/01/08,57.20,57.70,55.80,56.30,4087210,230426596,-0.70,2307
99/01/11,56.30,56.70,56.20,56.40,2553766,144220338,+0.10,1653
99/01/12,56.70,58.50,56.70,57.90,5120871,296439068,+1.50,2958
99/01/13,57.70,57.70,57.10,57.10,2375615,136289965,-0.80,1380
99/01/14,57.20,58.30,57.10,57.50,3225851,186135685,+0.40,1794
99/01/15,58.20,58.30,57.50,57.60,2601207,150178347,+0.10,1649
99/01/18,57.20,57.20,56.60,56.60,2525283,143373367,-1.00,1613
99/01/19,56.80,57.20,56.00,56.20,2258231,127398738,-0.40,1413
99/01/20,56.80,57.20,56.10,56.10,2181516,123341591,-0.10,1312
99/01/21,56.00,56.10,52.80,53.50,4677808,253896576,-2.60,2811
99/01/22,52.80,53.20,52.20,52.60,2558246,135088163,-0.90,1592
99/01/25,52.00,53.50,52.00,52.60,1877354,99227695,0.00,1297
99/01/26,53.20,53.70,48.95,49.20,4085677,209357850,-3.40,2289
99/01/27,49.30,51.50,49.00,49.70,3650742,183271075,+0.50,2317
99/01/28,50.80,51.90,50.20,51.80,3029689,155763557,+2.10,1943
99/01/29,50.80,51.90,50.80,51.00,2141638,110026030,-0.80,1298
99/02/01,51.90,51.90,49.50,49.50,1828643,91964033,-1.50,1062
99/02/02,50.60,51.50,49.20,49.30,2309366,115957759,-0.20,1421
99/02/03,50.50,50.80,49.60,49.85,1687218,84477750,+0.55,1045
99/02/04,49.85,50.50,49.60,49.80,1581144,78893072,-0.05,1000
99/02/05,48.30,48.80,46.35,46.35,3690946,173443255,-3.45,2188
99/02/06,46.35,46.85,43.15,43.50,2945351,129724944,-2.85,1667
99/02/08,44.00,44.30,42.60,44.10,1334232,58508417,+0.60,867
99/02/09,44.10,46.10,44.10,45.80,2203517,100536934,+1.70,1374
99/02/10,46.85,48.50,46.85,48.30,3674891,176183757,+2.50,2155
99/02/22,49.10,49.80,48.60,48.75,2307363,113293736,+0.45,1378
99/02/23,49.40,49.40,47.80,48.50,1612865,78207141,-0.25,989
99/02/24,48.00,48.50,47.20,47.40,1074659,51509344,-1.10,725
99/02/25,47.70,48.45,47.10,47.80,1745512,83383708,+0.40,1000
99/02/26,48.40,50.40,48.40,49.25,7206758,356335962,+1.45,3868
99/03/01,49.45,50.60,49.45,49.60,3973462,198700247,+0.35,2097
99/03/02,51.00,52.50,50.20,50.30,6300667,323534817,+0.70,3437
99/03/03,50.60,51.00,49.30,49.50,2108674,105382245,-0.80,1326
99/03/04,50.50,50.50,49.00,49.10,1857254,91967555,-0.40,1189
99/03/05,49.60,50.00,49.00,49.20,1589064,78472472,+0.10,1068
99/03/08,50.00,50.30,49.70,50.00,1901719,95062857,+0.80,1261
99/03/09,50.70,51.80,50.70,51.00,5133974,263700974,+1.00,2892
99/03/10,51.50,51.80,50.20,50.50,2823848,143299032,-0.50,1602
99/03/11,51.20,51.40,50.30,50.50,2986204,151948085,0.00,1760
99/03/12,50.80,51.30,50.10,50.50,1622934,82204862,0.00,975
99/03/15,50.50,50.90,49.40,49.50,1385791,69166915,-1.00,856
99/03/16,49.60,50.80,49.50,50.50,1484310,74402444,+1.00,960
99/03/17,51.20,51.90,50.80,51.00,3683387,189079628,+0.50,1983
99/03/18,51.50,51.80,50.80,50.90,3266623,167412725,-0.10,1840
99/03/19,51.00,51.20,50.30,50.50,2055890,104019929,-0.40,1202
99/03/22,50.10,51.10,50.10,50.40,1398739,70716744,-0.10,984
99/03/23,50.80,51.10,50.10,50.20,1681696,84993313,-0.20,941
99/03/24,50.90,50.90,50.10,50.10,1453916,73378081,-0.10,898
99/03/25,50.80,51.40,50.60,51.20,3666973,187231988,+1.10,2252
99/03/26,51.60,52.00,51.20,51.30,4788480,247173281,+0.10,2720
99/03/29,51.60,52.90,51.50,51.70,6318758,329807247,+0.40,3313
99/03/30,52.40,52.40,50.90,50.90,2748090,141210342,-0.80,1625
99/03/31,50.90,52.40,50.90,51.40,4969901,257942001,+0.50,2814
99/04/01,52.00,52.00,51.10,51.30,2352951,121026062,-0.10,1465
99/04/02,51.90,52.50,51.70,51.80,3876647,202001811,+0.50,2200
99/04/06,52.80,52.80,51.40,51.50,2584053,134221109,-0.30,1586
99/04/07,52.00,52.30,51.40,51.70,2417106,125361640,+0.20,1472
99/04/08,52.00,54.50,51.80,53.50,16341143,873478598,+1.80,8146
99/04/09,54.50,55.60,54.20,54.70,13266117,728524328,+1.20,6791
99/04/12,55.50,55.80,54.40,54.90,5994900,330475965,+0.20,3355
99/04/13,55.30,56.70,54.40,55.20,10059474,560425702,+0.30,5567
99/04/14,55.20,55.80,54.30,55.00,4186330,229762957,-0.20,2405
99/04/15,55.30,55.60,54.00,54.10,4418043,240981689,-0.90,2439
99/04/16,54.20,54.50,52.90,52.90,3099903,165668033,-1.20,1935
99/04/19,51.80,52.30,50.00,50.20,4280010,218771786,-2.70,2532
99/04/20,50.30,51.90,50.20,51.60,1956707,99595800,+1.40,1291
99/04/21,52.40,53.40,52.00,52.70,2935069,154758309,+1.10,1858
99/04/22,53.00,53.20,51.80,52.40,2042354,107159591,-0.30,1314
99/04/23,52.90,53.60,52.80,52.80,2696541,143354731,+0.40,1570
99/04/26,53.10,53.50,52.00,52.10,2033786,106461656,-0.70,1348
99/04/27,52.00,52.60,52.00,52.30,1538039,80493005,+0.20,955
99/04/28,49.20,51.30,49.20,51.30,2418032,122843115,-1.00,1557
99/04/29,51.30,51.50,50.70,50.90,1827625,93225633,-0.40,1197
99/04/30,51.40,51.40,49.15,49.30,4354624,217393001,-1.60,2441
99/05/03,48.80,49.50,48.80,48.80,1661574,81455490,-0.50,1040
99/05/04,49.20,49.70,48.50,48.95,1083745,53177089,+0.15,792
99/05/05,47.00,48.00,46.00,46.05,2950340,137764405,-2.90,1694
99/05/06,46.05,46.55,45.00,45.00,1782292,81573986,-1.05,1155
99/05/07,42.00,44.50,42.00,44.45,2469049,106277929,-0.55,1454
99/05/10,44.50,46.00,44.45,46.00,1262587,57012302,+1.55,863
99/05/11,47.00,47.10,46.05,46.10,1577833,73610734,+0.10,976
99/05/12,46.70,47.00,45.35,45.35,913460,41932287,-0.75,638
99/05/13,46.10,46.20,45.60,46.00,924928,42507838,+0.65,628
99/05/14,45.90,46.00,45.50,45.80,488906,22335183,-0.20,362
99/05/17,45.10,45.20,44.00,44.00,1014240,45186269,-1.80,654
99/05/18,44.10,44.55,42.80,42.95,1429147,61983771,-1.05,873
99/05/19,42.50,44.00,42.25,43.65,1533254,66609658,+0.70,1006
99/05/20,43.65,44.00,42.90,43.00,1316648,56938214,-0.65,689
99/05/21,42.30,42.30,40.50,41.00,2074950,85155983,-2.00,1257
99/05/24,41.45,41.45,40.00,40.80,1414914,57606377,-0.20,820
99/05/25,40.50,40.50,37.95,37.95,2581640,99807270,-2.85,1558
99/05/26,38.25,39.75,38.25,38.65,2295788,89558726,+0.70,1439
99/05/27,38.00,39.50,38.00,39.40,1609184,62620811,+0.75,1091
99/05/28,40.90,40.95,40.10,40.20,1841445,74589578,+0.80,1202
99/05/31,40.20,40.40,39.60,39.80,983653,39297644,-0.40,602
99/06/01,39.80,40.45,39.50,40.00,1128419,45230933,+0.20,745
99/06/02,39.40,40.40,39.20,39.40,912105,36272061,-0.60,550
99/06/03,40.00,40.40,39.80,40.10,1011218,40508123,+0.70,591
99/06/04,40.60,42.45,40.50,41.80,3621589,150964631,+1.70,2113
99/06/07,40.40,40.90,40.00,40.60,1357771,55040599,-1.20,796
99/06/08,40.80,41.10,40.50,40.60,1086947,44234832,0.00,647
99/06/09,40.85,43.00,40.85,41.60,5306169,223793207,+1.00,2833
99/06/10,42.00,42.55,41.25,42.45,2744877,115673667,+0.85,1601
99/06/11,43.00,43.40,42.00,42.00,2173334,92658450,-0.45,1314
99/06/14,42.80,42.85,41.90,41.90,949127,39993460,-0.10,575
99/06/15,42.00,42.50,41.75,41.95,1171693,49380059,+0.05,725
99/06/17,42.40,43.45,42.40,42.70,2424717,104321901,+0.75,1488
99/06/18,43.00,43.00,42.05,42.05,1226194,52061509,-0.65,718
99/06/21,42.75,42.80,42.00,42.20,1135723,47959716,+0.15,708
99/06/22,42.40,42.45,41.80,41.85,1192041,50048496,-0.35,685
99/06/23,41.80,41.80,41.25,41.30,890404,36937921,-0.55,574
99/06/24,41.40,43.05,41.40,43.05,2823363,119797087,+1.75,1505
99/06/25,42.50,42.75,41.85,42.25,1255461,53004491,-0.80,733
99/06/28,42.60,43.00,41.90,41.90,1644513,70110385,-0.35,965
99/06/29,42.30,42.35,41.00,41.00,1294270,53979970,-0.90,758
99/06/30,39.80,41.00,39.60,40.60,1242477,50163758,-0.40,807
99/07/01,40.80,41.50,40.70,40.70,944314,38685561,+0.10,616
99/07/02,41.00,42.40,41.00,41.70,2081801,87300335,+1.00,1312
99/07/05,41.80,44.60,41.80,44.60,8599078,377584450,+2.90,3454
99/07/06,44.60,44.85,43.50,44.05,6054007,267483589,-0.55,2993
99/07/07,44.05,44.35,43.30,43.30,2481713,108861439,-0.75,1458
99/07/08,44.10,45.80,44.10,45.05,7983720,360510255,+1.75,4233
99/07/09,45.70,45.75,44.50,44.60,3717326,167239248,-0.45,2097
99/07/12,45.30,46.50,44.80,45.55,4748243,217481877,+0.95,2797
99/07/13,45.75,46.40,45.20,45.35,4530488,207994744,-0.20,2545
99/07/14,46.20,48.40,45.80,48.00,10970928,522998444,+2.65,5719
99/07/15,48.00,48.40,47.20,47.40,5297689,253078090,-0.60,2965
99/07/16,47.80,49.90,47.20,47.40,11467756,556416477,0.00,6133
99/07/19,47.40,48.00,46.75,47.05,3177195,150082755,-0.35,1734
99/07/20,47.05,48.00,46.80,47.05,3169353,150090631,0.00,1723
99/07/21,47.80,48.25,47.00,47.00,3810274,181112928,-0.05,2161
99/07/22,47.40,47.45,46.65,46.70,2131697,100191930,-0.30,1184
99/07/23,47.50,47.80,47.00,47.00,3199784,151726521,+0.30,2068
99/07/26,47.50,49.30,47.50,48.20,8233811,399805601,+1.20,4188
99/07/27,49.00,49.00,47.50,47.75,4005589,193185156,-0.45,2240
99/07/28,47.85,48.60,47.75,47.95,2361984,113536911,+0.20,1356
99/07/29,48.00,48.25,47.00,47.00,2233191,105880327,-0.95,1274
99/07/30,47.00,47.70,46.50,46.50,1869218,87595381,-0.50,1049
99/08/02,47.10,48.20,47.00,48.10,3698736,176427774,+1.60,2207
99/08/03,48.50,48.60,47.35,47.45,2667733,127928393,-0.65,1401
99/08/04,47.50,48.30,47.25,47.30,2922523,139372159,-0.15,1612
99/08/05,47.50,48.00,46.00,46.05,3871621,181505366,-1.25,2027
99/08/06,46.30,46.60,45.75,46.10,1634388,75374448,+0.05,976
99/08/09,46.50,46.60,45.85,46.45,2268292,104526065,+0.35,1523
99/08/10,46.45,47.30,45.80,46.00,3260529,151413334,-0.45,2018
99/08/11,45.85,47.80,45.85,46.60,5332353,250103380,+0.60,2970
99/08/12,46.30,48.40,46.00,47.95,7713935,367505797,+1.35,4181
99/08/13,48.60,51.30,48.15,51.30,15612139,781877140,+3.35,7272
99/08/16,52.60,54.80,52.60,54.80,22092939,1190099370,+3.50,9293
99/08/17,55.40,56.90,53.80,54.80,29856759,1657439410,0.00,13903
99/08/18,55.90,56.80,54.80,54.80,13551629,752857818,0.00,6868
99/08/19,55.50,56.10,54.80,55.00,8805135,487069225,+0.20,4568
99/08/20,54.70,55.30,52.80,53.00,7522644,404700832,-2.00,3987
99/08/23,53.00,54.90,51.80,54.00,9280436,497481844,+1.00,4776
99/08/24,54.30,57.40,54.30,55.90,24137609,1359965182,+1.90,10557
99/08/25,56.00,58.00,54.10,54.40,21046785,1184616869,-1.50,9516
99/08/26,54.80,55.40,51.00,51.20,10337702,543326100,-3.20,5377
99/08/27,51.20,52.70,51.20,52.60,5244249,273433680,+1.40,3009
99/08/30,54.00,54.00,51.40,51.40,5706032,298844222,-1.20,3097
99/08/31,50.00,51.90,47.85,48.60,6386278,317918128,-2.80,3523
99/09/01,48.75,51.70,48.75,51.70,6857805,347767290,+3.10,3663
99/09/02,52.50,53.70,50.50,50.50,9068855,474210168,-1.20,4571
99/09/03,51.00,51.70,50.50,50.80,4759961,242535006,+0.30,2441
99/09/06,51.50,53.70,51.20,53.00,9125209,480754277,+2.20,4718
99/09/07,53.00,53.00,51.40,51.50,4259659,222083482,-1.50,2259
99/09/08,51.00,52.40,51.00,51.40,4712145,243768098,-0.10,2525
99/09/09,52.30,52.30,49.20,50.00,6457185,324246350,-1.40,3382
99/09/10,50.50,50.60,48.10,48.75,3876237,189965401,-1.25,2238
99/09/13,49.75,49.80,49.00,49.40,2539847,125558812,+0.65,1531
99/09/14,49.60,50.30,49.40,49.50,2768746,137767564,+0.10,1635
99/09/15,50.20,51.90,49.20,51.40,6216052,315411277,+1.90,3579
99/09/16,51.10,51.10,48.10,48.70,4561216,223987076,-2.70,2757
99/09/17,48.70,49.80,48.20,48.80,3638489,178589983,+0.10,2241
99/09/20,48.85,49.70,48.60,48.85,2158857,105860539,+0.05,1245
99/09/21,49.90,50.20,49.00,49.05,2334064,115328159,+0.20,1549
99/09/23,49.30,50.50,49.30,49.90,3323888,166103182,+0.85,1909
99/09/24,50.50,50.90,49.70,49.70,3490905,175304562,-0.20,2016
99/09/27,50.40,50.40,47.00,47.25,4700938,225329242,-2.45,2813
99/09/28,47.00,47.80,46.50,47.30,2361401,111398145,+0.05,1392
99/09/29,47.80,47.90,47.40,47.60,1645538,78357497,+0.30,1037
99/09/30,47.60,48.10,47.40,47.65,1338029,63861662,+0.05,940
99/10/01,47.65,48.80,46.85,47.70,4250580,204017489,+0.05,2454
99/10/04,47.70,48.20,46.00,46.10,2942294,137153774,-1.60,1747
99/10/05,45.70,46.10,45.00,45.50,1728032,78673490,-0.60,1117
99/10/06,46.50,46.50,45.30,45.30,1783707,81470298,-0.20,1136
99/10/07,45.20,46.75,45.20,46.25,2612679,120273530,+0.95,1627
99/10/08,46.45,46.60,45.55,45.60,1145194,52537036,-0.65,719
99/10/11,45.60,46.00,45.30,45.30,949088,43235905,-0.30,692
99/10/12,45.50,46.10,45.25,45.25,1349812,61585882,-0.05,858
99/10/13,45.65,45.75,45.30,45.30,849592,38629846,+0.05,597
99/10/14,45.80,46.00,45.30,45.60,896582,40908448,+0.30,670
99/10/15,45.60,46.00,44.00,44.05,1993762,89489444,-1.55,1186
99/10/18,44.05,44.60,42.80,42.80,1780014,77382534,-1.25,1016
99/10/19,42.80,43.35,42.70,42.90,1084771,46682561,+0.10,694
99/10/20,42.60,44.50,42.40,44.20,2190970,96036211,+1.30,1407
99/10/21,44.20,45.30,43.80,43.80,1412455,62785960,-0.40,959
99/10/22,44.00,44.50,43.80,43.80,878434,38674190,0.00,520
99/10/25,44.30,44.40,43.80,44.25,819229,36202954,+0.45,520
99/10/26,44.40,45.55,44.40,44.95,1768663,79828574,+0.70,1123
99/10/27,45.40,45.40,44.10,44.10,871282,38934809,-0.85,572
99/10/28,44.70,45.30,44.10,44.85,964894,43195971,+0.75,726
99/10/29,45.45,45.45,44.25,44.25,1181252,52936793,-0.60,764
99/11/01,44.50,44.75,43.85,43.90,854353,37671921,-0.35,553
99/11/02,44.00,44.30,43.00,43.00,1196790,52049893,-0.90,788
99/11/03,43.25,43.45,41.10,41.15,2463334,102781944,-1.85,1397
99/11/04,41.10,41.90,41.10,41.85,948364,39426388,+0.70,616
99/11/05,42.00,43.30,42.00,43.00,1827748,77945774,+1.15,1095
99/11/08,43.20,43.30,41.50,41.50,1334519,55912672,-1.50,837
99/11/09,41.50,42.95,41.50,42.00,1068475,45121550,+0.50,770
99/11/10,42.50,42.50,41.90,42.25,760255,32078705,+0.25,467
99/11/11,42.30,44.65,42.30,44.65,4213712,185073200,+2.40,2624
99/11/12,44.65,44.65,43.40,43.60,1487522,65152047,-1.05,1038
99/11/15,43.60,43.80,43.00,43.60,1108904,48139858,0.00,651
99/11/16,43.90,44.40,43.65,43.70,1632706,71862541,+0.10,1027
99/11/17,43.70,44.20,43.15,43.70,1551282,68051660,0.00,956
99/11/18,44.00,44.00,42.05,42.30,1581573,67317704,-1.40,1053
99/11/19,42.80,42.80,41.90,42.00,1175259,49672628,-0.30,727
99/11/22,42.50,42.50,41.70,41.75,911438,38176834,-0.25,538
99/11/23,42.10,42.60,41.85,42.00,1359272,57355724,+0.25,745
99/11/24,41.10,41.80,41.10,41.45,921513,38237301,-0.55,559
99/11/25,42.00,42.10,41.60,41.80,786480,32939457,+0.35,462
99/11/26,42.00,42.50,41.50,41.50,1355993,56977746,-0.30,848
99/11/29,42.00,42.75,41.50,42.20,1437658,60632051,+0.70,907
99/11/30,42.40,42.70,42.05,42.40,1590721,67354111,+0.20,937
99/12/01,42.75,42.75,42.40,42.65,1205291,51265780,+0.25,712
99/12/02,42.85,43.05,42.60,42.60,1690451,72393053,-0.05,855
99/12/03,42.85,43.25,42.70,42.70,1508981,64774882,+0.10,815
99/12/06,43.00,43.15,42.70,42.70,1198237,51405413,0.00,719
99/12/07,43.05,44.00,43.00,43.95,3986179,173897408,+1.25,2002
99/12/08,44.00,44.30,43.50,43.50,2056074,90215807,-0.45,1169
99/12/09,43.80,43.90,43.10,43.10,1587392,68933098,-0.40,863
99/12/10,43.30,43.90,42.80,43.20,1979550,85779137,+0.10,1153
99/12/13,43.30,43.60,43.05,43.05,1108715,47939991,-0.15,670
99/12/14,43.10,43.25,42.40,42.40,1373145,58654302,-0.65,828
99/12/15,42.20,42.40,41.55,41.85,1486635,62182926,-0.55,895
99/12/16,41.80,42.40,41.55,41.85,858362,36050959,0.00,571
99/12/17,42.00,42.70,41.85,42.00,1235323,52151027,+0.15,864
99/12/20,42.10,42.50,42.00,42.00,1111846,46882350,0.00,567
99/12/21,42.50,42.50,42.00,42.30,775849,32817224,+0.30,533
99/12/22,42.50,43.25,42.40,43.15,2300008,98844755,+0.85,1252
99/12/23,43.45,43.65,43.15,43.20,2298240,99818543,+0.05,1227
99/12/24,43.40,44.00,43.10,43.20,1838105,80032415,0.00,1052
99/12/27,43.10,43.40,42.60,42.60,1119424,47976068,-0.60,666
99/12/28,42.70,42.75,42.05,42.05,789668,33451276,-0.55,536
99/12/29,42.00,42.20,41.60,41.65,1347429,56317110,-0.40,757
99/12/30,41.75,42.45,41.70,42.30,1373707,57759734,+0.65,721
99/12/31,42.50,42.60,42.00,42.00,1150657,48603546,-0.30,684
100/01/03,42.20,42.30,41.65,41.75,1337781,55979278,-0.25,686
100/01/04,42.00,42.85,42.00,42.40,2424050,102990335,+0.65,1290
100/01/05,42.50,42.60,41.80,41.85,1650758,69417415,-0.55,856
100/01/06,42.00,42.45,41.85,41.95,1254221,52798100,+0.10,646
100/01/07,42.00,42.00,41.40,41.60,1581237,65832553,-0.35,743
100/01/10,41.60,41.90,41.50,41.60,796264,33163219,0.00,458
100/01/11,41.75,42.15,41.75,42.00,1210390,50789834,+0.40,774
100/01/12,42.40,43.75,42.25,43.60,6135362,265617596,+1.60,3236
100/01/13,44.30,44.30,43.30,43.50,3374386,147683232,-0.10,1975
100/01/14,43.50,43.60,42.85,43.00,1485428,64101554,-0.50,898
100/01/17,43.50,46.00,43.30,46.00,13797002,625846442,+3.00,6232
100/01/18,46.50,49.00,46.10,47.50,20635417,989096087,+1.50,9243
100/01/19,47.80,49.50,47.80,48.45,13013542,636698294,+0.95,6460
100/01/20,48.45,48.45,46.60,46.70,6245066,295521888,-1.75,3161
100/01/21,46.70,49.00,46.00,48.50,11732936,563354525,+1.80,6160
100/01/24,48.65,49.15,47.50,47.50,4468747,214555873,-1.00,2331
100/01/25,48.50,48.80,48.10,48.10,8261278,400646287,+0.60,4158
100/01/26,48.10,48.30,46.80,46.90,5719779,270749671,-1.20,2780
100/01/27,46.80,47.15,46.25,46.40,3917749,182595274,-0.50,1951
100/01/28,46.50,48.25,46.10,47.25,6294512,298005418,+0.85,3480
100/02/08,47.75,47.80,46.30,46.30,2065555,96562173,-0.95,1354
100/02/09,46.30,46.90,46.10,46.10,2240577,103882625,-0.20,1234
100/02/10,46.10,47.05,46.10,46.20,3662919,170581289,+0.10,1843
100/02/11,46.20,46.90,44.50,44.80,3814349,175976762,-1.40,1911
100/02/14,45.20,47.30,45.00,47.15,4893005,227407214,+2.35,2720
100/02/15,47.40,48.90,46.55,48.00,9349957,450410736,+0.85,4994
100/02/16,48.25,48.50,47.00,47.15,4362358,206984402,-0.85,2212
100/02/17,47.40,48.40,47.40,47.55,5635977,270248275,+0.40,2717
100/02/18,48.40,48.55,47.85,48.00,5333848,256971054,+0.45,2569
100/02/21,48.50,51.30,48.35,51.00,18546687,928998087,+3.00,8766
100/02/22,51.30,53.90,51.00,53.20,32714940,1721380539,+2.20,15256
100/02/23,53.20,53.20,49.60,50.30,12338361,631168894,-2.90,6256
100/02/24,50.50,52.70,49.90,51.60,13230782,681046115,+1.30,7136
100/02/25,52.50,54.00,51.60,51.80,18143486,958794452,+0.20,8633
100/03/01,52.20,52.20,49.20,50.40,7167722,362573475,-1.40,3895
100/03/02,50.20,51.50,50.00,50.50,5819448,295040214,+0.10,3125
100/03/03,51.40,52.50,51.00,51.00,7485622,386747322,+0.50,4041
100/03/04,51.10,51.40,50.00,50.00,6931613,350297191,-1.00,3532
100/03/07,50.60,51.30,50.50,50.70,4273690,217439367,+0.70,2134
100/03/08,50.90,52.40,50.00,51.50,9502336,489749991,+0.80,4705
100/03/09,51.50,53.30,51.30,53.00,17176932,903386196,+1.50,7232
100/03/10,54.50,56.70,53.80,54.30,44272170,2459371280,+1.30,16951
100/03/11,54.00,56.00,53.20,56.00,21996127,1205651512,+1.70,9924
100/03/14,58.10,58.50,53.20,55.00,23187961,1298996455,-1.00,9959
100/03/15,55.00,56.50,51.20,52.30,19821579,1065363743,-2.70,9039
100/03/16,54.80,55.90,53.70,55.90,21655669,1193741363,+3.60,8076
100/03/17,55.70,58.50,55.60,56.40,38264404,2179208837,+0.50,16812
100/03/18,56.90,57.00,54.20,55.10,14704260,815471300,-1.30,6834
100/03/21,55.30,56.90,54.70,56.50,14612653,818416978,+1.40,6835
100/03/22,57.40,57.40,55.70,55.70,9185181,516360160,-0.80,4457
100/03/23,55.70,56.90,55.20,55.20,8366585,469068275,-0.50,4381
100/03/24,55.60,56.10,53.60,54.10,9663576,527018747,-1.10,4908
100/03/25,54.10,54.30,51.70,51.70,9578901,503628751,-2.40,5027
100/03/28,51.70,53.20,51.70,52.70,6442507,339887157,+1.00,3672
100/03/29,52.80,53.60,51.80,51.90,3747744,196744595,-0.80,2181
100/03/30,52.50,53.10,52.00,52.70,5302518,279501582,+0.80,2777
100/03/31,53.10,53.20,51.70,51.90,3434513,179522217,-0.80,1930
100/04/01,52.10,52.80,52.10,52.40,2775403,145572310,+0.50,1604
100/04/06,53.00,53.00,50.90,51.10,6556769,338213184,-1.30,3492
100/04/07,51.50,52.80,51.30,52.40,6323567,331265185,+1.30,3552
100/04/08,53.20,53.70,52.50,52.60,6638720,351798062,+0.20,3458
100/04/11,52.90,53.50,52.40,52.80,3901140,206669379,+0.20,2068
100/04/12,52.20,52.20,49.15,49.20,9865325,491815328,-3.60,5268
100/04/13,48.80,48.90,47.45,48.90,5933140,285504130,-0.30,3440
100/04/14,48.90,51.00,48.90,50.60,6036532,300561654,+1.70,3559
100/04/15,50.80,50.80,48.65,48.65,3919662,193505962,-1.95,2295
100/04/18,48.90,48.90,46.80,47.10,5023595,238842415,-1.55,2645
100/04/19,45.90,47.00,45.80,46.90,3620240,168117130,-0.20,2096
100/04/20,47.50,47.65,46.50,46.60,2537228,118909557,-0.30,1584
100/04/21,47.30,47.95,47.00,47.40,2880784,136763646,+0.80,1744
100/04/22,47.80,49.80,47.40,49.25,6785698,332243564,+1.85,3857
100/04/25,49.50,49.65,48.30,48.55,2845958,138602147,-0.70,1685
100/04/26,48.95,50.50,48.95,49.40,5103069,253943206,+0.85,2946
100/04/27,49.95,50.00,49.10,49.25,2524208,124720388,-0.15,1438
100/04/28,49.00,49.80,47.70,47.85,3477098,168961124,-1.40,1968
100/04/29,47.85,47.85,45.90,46.20,4339904,202967001,-1.65,2526
100/05/03,45.90,45.90,43.05,43.20,4326897,188270550,-3.00,2379
100/05/04,42.80,44.35,42.00,44.30,3500947,153007691,+1.10,2041
100/05/05,44.45,45.45,44.00,44.30,3546168,158326324,0.00,2288
100/05/06,43.10,45.00,43.10,44.60,2607201,115950439,+0.30,1494
100/05/09,44.90,44.95,43.80,43.80,1827536,80749965,-0.80,1175
100/05/10,43.80,45.00,43.80,44.35,2941582,131330094,+0.55,1727
100/05/11,44.80,44.85,43.80,43.80,1568995,69231820,-0.55,941
100/05/12,43.20,44.50,43.20,44.00,1284281,56445914,+0.20,889
100/05/13,44.60,45.90,44.40,45.00,5071973,229688235,+1.00,2875
100/05/16,45.00,45.00,44.05,44.05,1817796,80532787,-0.95,974
100/05/17,44.20,44.45,43.60,43.60,1422447,62424335,-0.45,880
100/05/18,43.80,44.10,42.90,43.10,1961554,84900958,-0.50,1188
100/05/19,43.25,43.85,42.80,42.80,1854571,79930464,-0.30,1093
100/05/20,42.80,43.10,40.85,41.10,3354216,139737488,-1.70,1862
100/05/23,40.20,40.60,39.60,40.00,2696912,107772783,-1.10,1369
100/05/24,39.25,40.30,39.25,40.00,2322678,92188440,0.00,1185
100/05/25,40.00,40.80,40.00,40.55,1514768,61441034,+0.55,991
100/05/26,41.00,42.00,40.65,42.00,2350808,97137984,+1.45,1419
100/05/27,42.80,42.80,41.50,41.55,1891379,79384322,-0.45,1235
100/05/30,41.60,42.20,41.30,41.60,1280887,53545313,+0.05,835
100/05/31,42.00,43.20,41.80,42.70,2922295,124953528,+1.10,1931
100/06/01,43.00,43.05,42.50,42.65,1609095,68684419,-0.05,942
100/06/02,42.20,42.20,41.55,41.55,1088787,45505089,-1.10,759
100/06/03,41.50,42.20,41.50,41.80,1354183,56674859,+0.25,877
100/06/07,41.50,41.65,41.10,41.30,1078976,44619352,-0.50,662
100/06/08,41.30,41.85,41.25,41.30,1352714,56108623,0.00,795
100/06/09,41.45,42.00,41.30,41.70,1579061,65776474,+0.40,919
100/06/10,41.95,42.00,40.90,40.90,1560603,64293357,-0.80,951
100/06/13,40.50,41.40,40.50,40.60,1285101,52521885,-0.30,789
100/06/14,41.00,41.65,40.75,41.15,1896038,78343004,+0.55,1135
100/06/15,41.35,42.25,41.35,41.80,3950941,165383075,+0.65,2108
100/06/16,41.50,42.40,41.35,41.50,2769716,116239958,-0.30,1676
100/06/17,42.20,42.50,41.60,41.60,2227093,93677611,+0.10,1415
100/06/20,42.00,42.35,40.00,40.00,2524915,104261850,-1.60,1445
100/06/21,40.70,40.70,39.10,40.60,1891589,75669405,+0.60,1141
100/06/22,41.10,41.45,40.65,40.80,1313913,53932444,+0.20,869
100/06/23,40.50,40.90,40.05,40.10,1044295,42246219,-0.70,667
100/06/24,40.15,40.80,40.10,40.80,806833,32662065,+0.70,556
100/06/27,40.10,42.80,40.10,42.15,3470508,145720050,+1.35,2121
100/06/28,42.80,43.05,42.10,42.55,4273872,182245342,+0.40,2335
100/06/29,43.50,44.30,43.05,43.60,6559578,287372585,+1.05,3768
100/06/30,44.20,45.00,43.65,44.55,6287302,279567335,+0.95,3503
100/07/01,45.00,45.15,43.85,43.85,3383234,150222713,-0.70,1967
100/07/04,43.90,44.20,42.90,43.00,2358313,102059783,-0.85,1523
100/07/05,43.00,44.00,42.60,43.10,2012788,87279694,+0.10,1331
100/07/06,43.10,43.45,42.65,42.65,1548125,66604998,-0.45,959
100/07/07,42.50,44.30,42.50,44.20,4735398,207017532,+1.55,2605
100/07/08,44.70,44.70,43.00,43.10,2290546,99913874,-1.10,1341
100/07/11,43.50,43.70,42.80,43.10,1432560,61845431,0.00,923
100/07/12,42.20,42.80,40.20,40.70,3078342,126341972,-2.40,1754
100/07/13,40.50,40.70,38.00,38.40,3683899,145244942,-2.30,2042
100/07/14,38.45,39.40,37.60,39.15,2458621,95099998,+0.75,1479
100/07/15,39.20,39.70,38.70,39.50,1363449,53699951,+0.35,863
100/07/18,39.50,39.65,38.90,39.05,1159594,45489186,-0.45,680
100/07/19,39.10,39.50,39.00,39.30,1209313,47484243,+0.25,725
100/07/20,39.80,40.30,39.60,39.90,1430337,57113019,+0.60,919
100/07/21,40.10,41.30,39.90,40.90,2649264,107992387,+1.00,1574
100/07/22,41.50,41.50,40.30,40.60,1407456,57548702,-0.30,783
100/07/25,40.50,40.80,39.40,39.50,1388189,55335260,-1.10,803
100/07/26,39.50,40.50,39.30,40.15,1318814,52739923,+0.65,854
100/07/27,39.90,41.15,39.85,40.90,1768321,71950615,+0.75,1136
100/07/28,40.30,40.70,40.05,40.05,1166700,47042497,-0.85,669
100/07/29,40.05,40.45,39.50,39.60,1076031,42795070,-0.45,673
100/08/01,39.70,39.95,39.10,39.20,1412862,55914668,-0.40,816
100/08/02,39.20,39.80,39.20,39.50,800374,31603769,+0.30,482
100/08/03,39.05,39.35,38.05,39.00,1357385,52467265,-0.50,781
100/08/04,39.00,39.45,38.25,38.25,1066260,41576782,-0.75,711
100/08/05,35.60,36.10,35.60,35.60,2444594,87096536,-2.65,1080
100/08/08,33.80,34.00,33.15,33.15,2001164,66562113,-2.45,907
100/08/09,29.05,30.20,29.05,29.10,3741690,109105440,,1636
100/08/10,29.90,31.10,29.90,31.10,3043214,92668096,+2.00,1587
100/08/11,29.20,32.90,29.10,32.30,4018380,125829730,+1.20,2301
100/08/12,32.90,33.25,31.35,31.40,2090955,67380230,-0.90,1211
100/08/15,31.70,32.00,30.75,30.95,2335368,72728273,-0.45,1468
100/08/16,31.30,32.30,31.15,32.00,4024164,128287359,+1.05,2184
100/08/17,32.05,32.05,30.90,30.90,1520132,47456793,-1.10,927
100/08/18,29.00,30.00,28.75,28.80,2744267,79964393,-2.10,1574
100/08/19,26.80,27.45,26.80,26.80,2380936,63906372,-2.00,1148
100/08/22,25.20,27.00,24.95,24.95,2784080,70683450,-1.85,1466
100/08/23,25.40,26.65,25.10,26.65,3152216,82707701,+1.70,1680
100/08/24,26.70,27.70,26.00,26.20,2628856,70747812,-0.45,1441
100/08/25,26.20,26.30,25.00,25.05,2001634,50601884,-1.15,1191
100/08/26,24.95,25.30,23.90,24.50,1958611,48181352,-0.55,1159
100/08/29,25.75,26.20,25.10,26.20,2500988,65095427,+1.70,1352
100/08/30,25.80,26.00,24.75,25.65,2916869,73866294,-0.55,1587
100/08/31,26.35,27.40,26.10,27.40,5157002,138875447,+1.75,2370
100/09/01,28.50,29.30,28.10,29.30,4297404,123712981,+1.90,1748
100/09/02,29.40,29.60,28.60,29.05,7587225,221785414,-0.25,2476
100/09/05,27.70,28.90,27.70,28.35,1602219,45345415,-0.70,947
100/09/06,27.80,28.60,26.80,27.15,1923922,53961448,-1.20,1010
100/09/07,27.50,28.60,27.50,28.25,2614742,73550105,+1.10,1314
100/09/08,28.75,29.20,28.25,28.50,2317813,66525766,+0.25,1121
100/09/09,28.50,28.70,27.90,28.50,1470063,41778439,0.00,696
100/09/13,28.00,28.00,27.00,27.00,807093,22246389,-1.50,492
100/09/14,27.80,27.95,25.85,26.00,1870828,50606778,-1.00,960
100/09/15,27.00,27.15,26.25,26.85,1985067,52905695,+0.85,878
100/09/16,27.60,28.70,27.50,28.70,3668022,104535824,+1.85,1704
100/09/19,28.60,29.35,28.10,28.90,6473968,187110618,+0.20,2234
100/09/20,28.85,29.20,28.20,29.00,1674477,48170480,+0.10,987
100/09/21,29.30,29.70,29.05,29.05,2424348,70993592,+0.05,1268
100/09/22,28.10,28.50,28.10,28.20,1147130,32391863,-0.85,608
100/09/23,26.40,27.30,26.40,27.15,1578788,42285788,-1.05,795
100/09/26,27.10,27.15,25.25,25.25,1832240,47512001,-1.90,910
100/09/27,25.60,26.15,25.15,25.15,1458746,37450399,-0.10,790
100/09/28,25.60,26.25,25.15,25.60,1634068,42204635,+0.45,956
100/09/29,25.50,26.65,25.30,26.25,1609927,42263621,+0.65,926
100/09/30,26.30,26.60,25.90,26.00,729530,19067280,-0.25,538
100/10/03,25.50,27.00,25.50,26.40,1763880,46688052,+0.40,1125
100/10/04,26.00,26.20,25.80,26.00,679389,17626272,-0.40,469
100/10/05,26.35,26.50,25.80,25.80,708840,18516740,-0.20,533
100/10/06,26.20,26.45,25.60,25.60,1040621,27059559,-0.20,664
100/10/07,26.00,26.75,26.00,26.00,1260563,33205972,+0.40,887
100/10/11,26.50,26.75,25.85,26.15,1650874,43217201,+0.15,1092
100/10/12,26.10,26.90,26.05,26.35,2189195,58107959,+0.20,1407
100/10/13,26.70,27.80,26.45,27.45,4114980,112017704,+1.10,2279
100/10/14,27.50,27.65,27.00,27.00,2063087,56364749,-0.45,1123
100/10/17,27.30,27.85,27.20,27.25,1983845,54617304,+0.25,1104
100/10/18,27.00,27.05,26.30,26.60,994684,26445752,-0.65,622
100/10/19,26.80,27.15,26.50,26.50,901968,24140134,-0.10,662
100/10/20,26.60,26.80,25.80,25.95,788415,20554102,-0.55,468
100/10/21,26.00,26.20,25.60,25.70,688561,17756972,-0.25,421
100/10/24,26.05,26.15,25.50,25.70,1399003,36009610,0.00,853
100/10/25,26.00,26.50,25.65,25.75,2226983,58102588,+0.05,1236
100/10/26,25.70,26.00,25.50,25.90,917543,23702768,+0.15,602
100/10/27,25.70,25.70,24.30,24.45,2326249,57396925,-1.45,1436
100/10/28,25.00,25.20,23.90,23.95,1702733,41540742,-0.50,1129
100/10/31,23.70,23.70,22.30,22.30,2565827,58245467,-1.65,1456
100/11/01,21.60,22.55,21.50,22.50,2001943,44332605,+0.20,1180
100/11/02,21.80,22.35,21.60,22.15,1401339,30752414,-0.35,752
100/11/03,22.20,22.75,21.70,21.70,1374777,30672896,-0.45,883
100/11/04,22.00,22.30,21.90,22.00,1269636,28009742,+0.30,721
100/11/07,22.20,22.80,21.80,22.50,1416006,31838476,+0.50,880
100/11/08,22.50,22.85,22.25,22.30,1024017,23062210,-0.20,620
100/11/09,22.30,22.40,21.50,21.50,1889072,41194876,-0.80,1062
100/11/10,20.90,21.00,20.00,20.00,2072728,41795860,-1.50,1057
100/11/11,18.70,20.00,18.60,18.70,3261386,61383889,-1.30,1763
100/11/14,18.20,19.65,18.20,19.65,3194475,61182819,+0.95,1576
100/11/15,19.65,19.65,18.85,19.00,1043136,19991684,-0.65,651
100/11/16,19.30,19.35,18.85,19.00,1456775,27825725,0.00,873
100/11/17,19.00,20.10,19.00,20.00,3630736,71425120,+1.00,1738
100/11/18,19.45,19.90,18.65,18.65,2282607,43844237,-1.35,1233
100/11/21,18.25,18.30,17.35,17.35,1715208,30057536,-1.30,875
100/11/22,16.30,16.60,16.15,16.15,2323981,37811863,-1.20,1148
100/11/23,15.90,16.45,15.05,15.05,2273847,35719822,-1.10,1279
100/11/24,15.00,15.80,14.15,15.40,2783459,42218805,+0.35,1621
100/11/25,15.60,15.95,15.00,15.30,1798691,27922933,-0.10,1080
100/11/28,15.50,15.75,15.35,15.60,981979,15296108,+0.30,569
100/11/29,16.00,16.65,15.85,16.65,2841571,46816941,+1.05,1330
100/11/30,16.35,17.30,16.30,16.30,4006627,67255202,-0.35,2065
100/12/01,17.30,17.40,17.00,17.40,2282536,39460459,+1.10,1061
100/12/02,17.40,17.40,16.90,17.20,1951708,33411470,-0.20,939
100/12/05,17.20,17.20,16.40,16.40,880475,14638418,-0.80,522
100/12/06,16.50,17.15,16.20,16.20,1928422,32271439,-0.20,1028
100/12/07,16.60,16.85,16.25,16.30,928145,15346406,+0.10,573
100/12/08,16.50,16.50,15.70,15.80,794339,12687793,-0.50,503
100/12/09,15.10,16.90,15.10,16.50,2899762,47842569,+0.70,1580
100/12/12,16.70,17.65,16.65,17.50,5098492,89225602,+1.00,2118
100/12/13,17.50,17.65,17.15,17.35,2181558,37966404,-0.15,1127
100/12/14,17.50,18.30,17.35,18.00,2995296,53619151,+0.65,1607
100/12/15,17.55,18.00,16.75,16.80,2082416,35691154,-1.20,1108
100/12/16,16.80,17.00,16.35,16.55,1038874,17291904,-0.25,596
100/12/19,16.55,17.05,15.60,15.80,1703943,28118041,-0.75,1047
100/12/20,15.80,16.60,15.80,16.05,1926974,31317522,+0.25,1094
100/12/21,17.00,17.15,16.80,17.15,2127945,36356582,+1.10,1033
100/12/22,16.90,18.35,16.90,18.35,4864759,87468815,+1.20,2163
100/12/23,18.90,19.20,18.50,19.00,5736716,108263615,+0.65,2349
100/12/26,19.00,19.00,18.25,18.40,2067672,38330287,-0.60,1068
100/12/27,18.60,19.25,18.25,18.75,4255221,80623280,+0.35,2031
100/12/28,18.50,19.05,18.20,18.30,2194135,40849611,-0.45,1101
100/12/29,18.45,19.20,18.20,18.75,4346046,81891251,+0.45,2059
100/12/30,18.85,18.90,18.50,18.55,1653609,30842981,-0.20,878
101/01/02,18.60,18.95,18.40,18.45,1478083,27539971,-0.10,767
101/01/03,18.60,18.75,18.45,18.50,1437092,26684943,+0.05,711
101/01/04,18.80,19.60,18.70,19.60,5479000,105335193,+1.10,2266
101/01/05,19.60,19.85,19.35,19.60,5772361,113166133,0.00,2208
101/01/06,19.80,20.80,19.65,20.40,10073883,203937062,+0.80,4273
101/01/09,20.35,20.35,19.40,19.40,3042877,60251003,-1.00,1517
101/01/10,19.70,19.80,19.35,19.70,1935924,37827188,+0.30,1017
101/01/11,19.75,20.00,19.65,19.65,1953802,38699650,-0.05,1045
101/01/12,20.00,20.70,19.65,19.65,4592546,92501302,0.00,2058
101/01/13,19.95,19.95,18.90,18.95,2342726,45324585,-0.70,1215
101/01/16,19.20,19.20,18.70,18.75,1560616,29513459,-0.20,861
101/01/17,19.00,19.35,18.80,19.25,1769621,33925222,+0.50,961
101/01/18,19.25,20.15,19.20,19.75,4898198,96998515,+0.50,2316
101/01/30,20.10,21.00,20.10,20.85,4910457,100940932,+1.10,2402
101/01/31,21.00,22.05,20.80,21.50,6282283,135794894,+0.65,2944
101/02/01,21.50,22.50,21.20,22.30,5949751,130534926,+0.80,2866
101/02/02,22.80,23.85,22.80,23.75,11412468,269147975,+1.45,3960
101/02/03,23.90,24.30,23.00,24.20,8367063,198599649,+0.45,3625
101/02/04,24.50,25.05,23.10,24.00,13741429,334919985,-0.20,5346
101/02/06,22.60,25.10,22.60,24.05,10124468,245901746,+0.05,4387
101/02/07,24.05,24.80,23.75,24.00,4795135,116146510,-0.05,2322
101/02/08,24.50,25.35,24.15,25.10,10143754,252498733,+1.10,4042
101/02/09,25.10,26.40,25.00,26.10,10910427,281605869,+1.00,4720
101/02/10,26.70,27.00,25.60,25.80,8699604,228660404,-0.30,3668
101/02/13,26.80,27.45,26.30,27.15,13258521,357049067,+1.35,5382
101/02/14,27.15,27.30,25.80,26.50,6280281,166609954,-0.65,2745
101/02/15,26.30,26.90,25.80,26.00,7627543,201599218,-0.50,3495
101/02/16,26.00,26.75,25.00,25.00,4495921,117359025,-1.00,2270
101/02/17,25.50,25.95,24.50,24.90,3679867,93094376,-0.10,1836
101/02/20,25.20,25.90,24.90,25.90,2698832,68817793,+1.00,1497
101/02/21,26.20,27.70,26.20,27.40,12074642,329041878,+1.50,5019
101/02/22,27.80,29.30,27.60,29.30,17382865,500888909,+1.90,6821
101/02/23,29.10,29.50,27.30,27.35,10615211,300933929,-1.95,5094
101/02/24,27.35,27.80,25.65,26.50,5952195,157499896,-0.85,2960
101/02/29,26.70,27.10,25.80,27.00,4342031,115479655,+0.50,2296
101/03/01,26.80,27.20,26.40,26.55,2537988,67942194,-0.45,1477
101/03/02,26.80,27.80,26.60,27.10,5729932,155648635,+0.55,2528
101/03/03,27.20,27.45,26.80,27.10,2646305,71618969,0.00,1309
101/03/05,28.90,28.95,28.90,28.95,5844731,169166578,+1.85,2119
101/03/06,28.90,28.95,26.95,26.95,7348239,202229201,-2.00,2862
101/03/07,25.10,27.25,25.10,26.20,5677781,150562823,-0.75,2619
101/03/08,26.50,27.15,26.20,26.20,3461597,92625179,0.00,1673
101/03/09,27.20,27.35,26.60,26.80,3334650,89895194,+0.60,1730
101/03/12,27.20,27.30,26.20,26.50,3373759,90706103,-0.30,1575
101/03/13,26.50,26.90,25.65,25.65,2765185,71989251,-0.85,1449
101/03/14,26.20,26.80,25.65,26.80,3456273,90895161,+1.15,1920
101/03/15,26.60,27.00,26.00,26.10,2119245,56087915,-0.70,1182
101/03/16,27.00,27.65,26.50,27.25,7208989,195763027,+1.15,3266
101/03/19,27.35,27.50,26.35,26.35,2782772,74354675,-0.90,1484
101/03/20,26.50,27.00,26.20,26.35,2081281,55392902,0.00,1212
101/03/21,26.50,26.80,26.00,26.05,1797597,47124072,-0.30,1008
101/03/22,26.05,26.40,25.85,26.00,2185455,57039626,-0.05,1031
101/03/23,26.00,26.40,25.85,25.90,1526627,39858372,-0.10,829
101/03/26,26.10,26.75,26.00,26.15,1727969,45569494,+0.25,991
101/03/27,26.65,26.65,26.00,26.00,1145707,30016532,-0.15,713
101/03/28,26.00,26.60,25.80,25.80,1839121,48118836,-0.20,1031
101/03/29,25.50,25.60,24.00,24.00,3478456,84962544,-1.80,1621
101/03/30,22.50,23.65,22.40,23.40,2520804,57943368,-0.60,1415
101/04/02,23.60,24.30,23.50,23.50,1606250,38429933,+0.10,968
101/04/03,24.00,24.30,21.90,22.15,2268156,52034437,-1.35,1329
101/04/05,20.95,21.85,20.65,21.50,2342257,49492237,-0.65,1191
101/04/06,21.60,22.95,21.60,22.95,2118726,47280673,+1.45,1101
101/04/09,22.50,23.40,22.00,23.20,1627317,37306193,+0.25,913
101/04/10,23.40,23.80,23.15,23.30,1428134,33611350,+0.10,830
101/04/11,22.50,24.70,22.50,24.60,3348021,80586293,+1.30,1826
101/04/12,24.60,25.20,24.15,24.25,2683990,66517301,-0.35,1549
101/04/13,24.95,25.50,24.70,24.85,2583019,64816356,+0.60,1344
101/04/16,24.30,24.55,24.05,24.05,750703,18218686,-0.80,495
101/04/17,24.10,24.50,23.50,23.50,1296401,30865477,-0.55,727
101/04/18,24.10,24.15,23.25,23.25,882645,20847407,-0.25,517
101/04/19,23.25,23.25,22.55,22.70,763431,17465070,-0.55,505
101/04/20,22.70,22.95,21.85,21.90,1056264,23581308,-0.80,638
101/04/23,21.90,22.15,20.50,20.80,1313372,27737712,-1.10,730
101/04/24,20.65,21.30,20.60,21.25,1278814,26835689,+0.45,698
101/04/25,21.65,21.90,21.45,21.60,979871,21244320,+0.35,590
101/04/26,22.00,22.50,21.40,21.40,1203295,26404278,-0.20,800
101/04/27,21.50,21.80,20.20,20.30,906430,18811526,-1.10,580
101/04/30,20.30,21.20,20.15,21.20,830623,17156481,+0.90,522
101/05/02,21.50,22.10,21.30,22.00,1113133,24232203,+0.80,691
101/05/03,22.00,22.00,21.50,21.55,646879,14052804,-0.45,384
101/05/04,21.30,22.75,21.30,22.20,1872383,41785213,+0.65,1164
101/05/07,21.60,22.05,21.50,21.50,841453,18256387,-0.70,499
101/05/08,21.85,22.40,21.60,21.60,1034384,22714053,+0.10,597
101/05/09,21.70,23.10,21.60,23.10,4121915,93911376,+1.50,1571
101/05/10,23.30,23.55,22.75,23.10,6583313,153633249,0.00,2638
101/05/11,22.75,23.10,21.95,21.95,1996296,44930612,-1.15,1047
101/05/14,22.30,23.30,22.00,22.35,6136243,139332198,+0.40,2019
101/05/15,21.85,22.50,21.35,22.20,1922619,42329176,-0.15,911
101/05/16,22.10,22.70,21.70,21.70,3907397,87303445,-0.50,1748
101/05/17,21.70,22.40,21.55,21.90,2062809,45223798,+0.20,1163
101/05/18,21.60,22.40,21.00,21.00,2379433,51879393,-0.90,1384
101/05/21,21.50,22.20,21.50,21.80,2081166,45659928,+0.80,1231
101/05/22,22.20,22.40,21.55,22.20,2986030,66077160,+0.40,1507
101/05/23,21.90,22.45,21.90,21.90,1481934,32793504,-0.30,869
101/05/24,22.10,22.35,21.00,21.00,1446315,31237315,-0.90,789
101/05/25,21.20,21.80,20.85,21.00,1462529,31062597,0.00,855
101/05/28,21.20,21.30,20.55,20.95,855092,17840716,-0.05,536
101/05/29,21.30,22.10,21.25,21.80,1987208,43288021,+0.85,1047
101/05/30,21.80,22.05,21.55,21.80,1254544,27397099,0.00,648
101/05/31,21.70,22.05,21.60,22.00,1396919,30566366,+0.20,702
101/06/01,22.00,22.10,20.80,20.85,1181811,25378503,-1.15,650
101/06/04,19.60,20.00,19.40,19.40,1243801,24232483,-1.45,650
101/06/05,19.50,20.10,19.10,19.10,1107456,21674202,-0.30,634
101/06/06,19.25,20.10,19.25,19.75,1386112,27393765,+0.65,760
101/06/07,20.50,20.50,19.70,19.75,1405194,28184322,0.00,756
101/06/08,19.60,20.00,19.40,19.45,680546,13377296,-0.30,380
101/06/11,19.80,19.90,19.45,19.50,640398,12557707,+0.05,380
101/06/12,19.05,19.75,19.05,19.45,643000,12542100,-0.05,367
101/06/13,19.80,20.40,19.75,19.80,1667601,33446796,+0.35,984
101/06/14,20.10,20.15,19.80,19.90,616831,12312592,+0.10,402
101/06/15,20.00,20.20,19.85,20.05,787848,15761264,+0.15,425
101/06/18,20.50,20.70,20.30,20.55,1494495,30699692,+0.50,775
101/06/19,20.55,21.10,20.55,20.80,2161181,44983557,+0.25,989
101/06/20,21.20,21.20,20.45,20.55,1449856,30013690,-0.25,897
101/06/21,20.80,21.30,20.75,21.05,2783154,58545764,+0.50,1274
101/06/22,20.75,20.85,20.60,20.85,765441,15872908,-0.20,369
101/06/25,20.60,21.00,20.50,20.50,793822,16475545,-0.35,414
101/06/26,20.40,20.50,20.05,20.05,582582,11798190,-0.45,322
101/06/27,20.05,20.45,20.05,20.10,417115,8421050,+0.05,281
101/06/28,20.30,20.40,19.80,19.85,711595,14265116,-0.25,421
101/06/29,20.00,20.85,19.85,20.55,1491406,30512570,+0.70,888
101/07/02,20.90,21.20,20.50,20.60,1218944,25207940,+0.05,624
101/07/03,20.80,20.80,20.60,20.65,729180,15065537,+0.05,357
101/07/04,20.80,21.15,20.80,20.90,1127117,23597875,+0.25,577
101/07/05,20.90,21.30,20.75,20.90,1322982,27894014,0.00,602
101/07/06,20.90,21.00,20.60,20.90,479873,9969756,0.00,276
101/07/09,20.60,20.80,20.55,20.55,397361,8211499,-0.35,220
101/07/10,20.55,21.00,20.35,20.35,786989,16304071,-0.20,411
101/07/11,20.40,20.55,20.05,20.10,646714,13091780,-0.25,327
101/07/12,20.15,20.25,19.05,19.20,1147727,22511155,-0.90,549
101/07/13,18.80,19.20,18.15,18.20,1042863,19471797,-1.00,602
101/07/16,18.20,18.50,17.65,17.65,774761,13934765,-0.55,425
101/07/17,17.65,18.20,17.65,17.90,701400,12579113,+0.25,404
101/07/18,17.90,18.05,17.55,17.55,426896,7589011,-0.35,264
101/07/19,17.90,17.90,17.50,17.70,587413,10393162,+0.15,345
101/07/20,17.70,18.10,17.70,17.90,803427,14426635,+0.20,447
101/07/23,17.80,17.80,17.20,17.20,582609,10184399,-0.70,255
101/07/24,17.20,17.30,16.00,16.30,1028506,16865794,-0.90,518
101/07/25,16.30,16.85,16.30,16.40,968422,16007874,+0.10,489
101/07/26,16.50,16.80,16.50,16.65,520018,8666893,+0.25,264
101/07/27,16.75,17.15,16.75,17.05,639726,10869796,+0.40,334
101/07/30,17.60,17.60,17.00,17.15,301302,5175371,+0.10,192
101/07/31,17.25,17.30,16.80,17.20,453673,7756603,+0.05,275
101/08/01,17.00,17.40,17.00,17.25,559294,9668452,+0.05,292
101/08/03,17.35,17.35,16.80,16.90,419457,7140823,-0.35,248
101/08/06,17.00,17.10,15.75,15.75,1808410,29077346,-1.15,933
101/08/07,15.15,15.15,14.40,14.45,2166213,31779653,,1067
101/08/08,14.40,14.85,14.10,14.55,1691496,24518595,+0.10,912
101/08/09,14.55,15.10,14.55,15.00,1364864,20360506,+0.45,769
101/08/10,15.00,15.30,14.90,15.00,872390,13192950,0.00,515
101/08/13,15.05,15.20,14.90,15.00,481606,7252323,0.00,258
101/08/14,15.15,15.40,15.05,15.10,758498,11544313,+0.10,427
101/08/15,15.10,15.25,15.00,15.10,457723,6908911,0.00,220
101/08/16,15.10,15.70,15.05,15.55,1290212,19963878,+0.45,653
101/08/17,15.70,15.85,15.40,15.60,906908,14237769,+0.05,464
101/08/20,15.75,15.95,15.60,15.65,508063,8004525,+0.05,293
101/08/21,15.85,16.70,15.85,16.70,2746731,45438272,+1.05,1209
101/08/22,16.70,17.00,16.50,16.70,2006019,33655106,0.00,931
101/08/23,16.70,16.70,16.35,16.40,975265,16129116,-0.30,485
101/08/24,16.25,16.70,16.25,16.35,746688,12291135,-0.05,434
101/08/27,16.35,16.50,16.20,16.30,454214,7437910,-0.05,254
101/08/28,16.40,16.50,16.05,16.05,612889,9960471,-0.25,340
101/08/29,16.05,16.30,15.85,16.05,585183,9400828,0.00,324
101/08/30,15.80,16.30,15.80,16.05,595244,9604079,0.00,313
101/08/31,15.80,16.10,15.80,15.80,640935,10178067,-0.25,282
101/09/03,16.00,16.00,15.85,15.90,439719,7006997,+0.10,251
101/09/04,16.10,17.00,15.90,17.00,2087478,35071976,+1.10,940
101/09/05,17.10,17.50,17.00,17.40,5219760,90230286,+0.40,2034
101/09/06,17.50,18.30,17.30,18.00,4015967,71325156,+0.60,1938
101/09/07,18.45,18.45,17.55,17.90,1934070,34759270,-0.10,915
101/09/10,18.00,18.00,17.60,17.85,1285787,22952754,-0.05,701
101/09/11,17.85,19.00,17.85,18.80,3486072,64810887,+0.95,1787
101/09/12,18.80,18.80,18.35,18.45,1549608,28792913,-0.35,867
101/09/13,18.50,19.20,18.30,18.30,2183446,40920309,-0.15,1090
101/09/14,18.50,18.75,18.25,18.30,1365868,25264733,0.00,750
101/09/17,18.50,18.60,17.85,17.90,1133171,20526381,-0.40,612
101/09/18,17.85,18.40,17.85,18.00,1243539,22613052,+0.10,652
101/09/19,18.35,18.80,18.30,18.30,1696985,31435111,+0.30,827
101/09/20,18.25,18.30,17.45,17.55,1422212,25218357,-0.75,638
101/09/21,17.55,17.85,17.30,17.30,1369124,23977187,-0.25,749
101/09/24,17.40,17.50,17.05,17.30,1187347,20559944,0.00,638
101/09/25,17.45,17.70,17.20,17.25,921481,16032388,-0.05,446
101/09/26,16.80,17.35,16.80,16.95,851490,14526586,-0.30,470
101/09/27,16.95,17.20,16.80,16.85,895571,15203486,-0.10,462
101/09/28,17.00,17.15,16.70,16.80,1182205,19976024,-0.05,516
101/10/01,16.95,16.95,16.50,16.50,645303,10748374,-0.30,363
101/10/02,16.50,16.70,16.15,16.25,977552,15933757,-0.25,533
101/10/03,16.50,16.55,16.20,16.45,956505,15684472,+0.20,489
101/10/04,16.45,16.50,16.00,16.00,744769,12018936,-0.45,457
101/10/05,16.00,16.20,15.95,15.95,1033289,16560524,-0.05,592
101/10/08,15.80,15.95,15.40,15.40,757986,11839821,-0.55,436
101/10/09,15.30,15.60,14.95,15.00,737618,11200528,-0.40,469
101/10/11,15.00,15.25,14.70,14.85,1044713,15704903,-0.15,591
101/10/12,15.15,15.15,14.80,14.85,514929,7681866,0.00,359
101/10/15,15.00,15.00,14.45,14.45,647085,9488619,-0.40,379
101/10/16,14.65,14.65,14.50,14.50,560082,8146024,+0.05,441
101/10/17,14.70,15.50,14.70,15.50,3110766,47784721,+1.00,1299
101/10/18,15.75,15.75,15.15,15.30,1223204,18877130,-0.20,586
101/10/19,15.30,15.30,14.70,14.70,1048006,15664516,-0.60,486
101/10/22,14.30,14.40,14.15,14.20,925408,13207768,-0.50,451
101/10/23,14.20,14.65,14.20,14.30,1169285,16872755,+0.10,610
101/10/24,14.15,14.30,14.10,14.15,635157,9018544,-0.15,360
101/10/25,14.40,14.40,13.35,13.40,944942,13084360,-0.75,521
101/10/26,13.50,13.60,12.50,12.50,1865593,23860401,-0.90,835
101/10/29,12.50,12.50,11.65,11.65,1750619,20721340,-0.85,774
101/10/30,11.30,11.85,11.25,11.55,1463114,16988332,-0.10,926
101/10/31,11.60,11.80,11.50,11.55,1320942,15334560,0.00,829
101/11/01,11.50,12.30,11.15,12.00,2845455,33578710,+0.45,1428
101/11/02,12.50,12.60,11.90,11.90,1889304,23245950,-0.10,965
101/11/05,12.05,12.05,11.60,11.65,823885,9715102,-0.25,462
101/11/06,11.80,12.10,11.55,12.05,1125479,13399548,+0.40,616
101/11/07,12.15,12.75,12.05,12.75,2545624,31910303,+0.70,1221
101/11/08,12.40,13.00,12.40,12.75,2313887,29472181,0.00,1076
101/11/09,12.80,13.50,12.80,13.40,2922748,38829601,+0.65,1386
101/11/12,13.65,14.25,13.20,14.05,2869314,39451547,+0.65,1419
101/11/13,14.00,14.00,13.10,13.10,1740704,23315119,-0.95,995
101/11/14,12.90,13.25,12.90,13.05,1018507,13331541,-0.05,553
101/11/15,12.90,13.50,12.80,13.30,1502715,19978578,+0.25,834
101/11/16,13.30,13.50,12.90,12.90,1143094,15059446,-0.40,635
101/11/19,12.95,13.10,12.25,12.25,1077224,13601020,-0.65,570
101/11/20,12.50,12.70,12.25,12.30,836213,10434393,+0.05,515
101/11/21,12.35,12.55,12.00,12.10,715320,8734890,-0.20,411
101/11/22,12.35,12.45,12.05,12.10,700921,8563002,0.00,382
101/11/23,12.30,12.85,12.20,12.80,1732986,21825151,+0.70,758
101/11/26,13.00,13.15,12.80,12.80,1704568,22054150,0.00,903
101/11/27,12.85,13.20,12.70,12.90,1798972,23326778,+0.10,913
101/11/28,12.85,13.25,12.85,13.05,1039396,13605209,+0.15,531
101/11/29,13.30,13.40,12.95,13.00,1190705,15658995,-0.05,622
101/11/30,13.20,13.75,13.20,13.55,3454844,46831930,+0.55,1466
101/12/03,13.55,13.90,13.55,13.75,2219477,30438294,+0.20,972
101/12/04,13.75,14.60,13.75,14.50,5217429,74803951,+0.75,2076
101/12/05,14.60,14.80,14.40,14.55,2928607,42751713,+0.05,1356
101/12/06,14.65,15.10,14.10,14.20,3037279,44545086,-0.35,1392
101/12/07,14.35,14.45,13.90,13.95,1583812,22386171,-0.25,763
101/12/10,14.00,14.20,13.70,13.70,1283671,17875727,-0.25,569
101/12/11,13.85,14.20,13.60,13.75,1867925,25864708,+0.05,994
101/12/12,13.80,14.25,13.80,13.85,1682207,23575138,+0.10,774
101/12/13,14.10,14.70,14.10,14.60,4268526,61613415,+0.75,1839
101/12/14,14.55,14.60,14.10,14.15,1872263,26797075,-0.45,805
101/12/17,14.05,14.20,13.60,13.60,1548956,21448049,-0.55,678
101/12/18,13.85,14.00,13.65,13.80,1154980,15953909,+0.20,633
101/12/19,14.05,14.05,13.80,13.90,808764,11240225,+0.10,458
101/12/20,14.10,14.55,14.10,14.10,3041573,43554813,+0.20,1265
101/12/21,14.10,14.35,13.85,13.90,980498,13740415,-0.20,453
101/12/22,13.95,14.35,13.95,14.15,1293963,18362067,+0.25,614
101/12/24,14.25,14.40,13.95,14.00,1235626,17484611,-0.15,548
101/12/25,14.15,14.50,14.15,14.30,1713008,24570046,+0.30,743
101/12/26,14.35,15.25,14.35,14.90,4711215,70496492,+0.60,1843
101/12/27,15.00,15.20,14.70,14.80,2554098,38126172,-0.10,1040
101/12/28,15.05,15.25,14.70,14.70,2068465,30765770,-0.10,800
102/01/02,15.00,15.20,14.50,15.10,2490488,36977970,+0.40,822
102/01/03,15.20,16.15,15.15,15.70,8579725,136635879,+0.60,2575
102/01/04,15.70,16.75,15.70,16.50,12216913,200373736,+0.80,4444
102/01/07,16.70,17.65,16.60,17.60,11245000,194376080,+1.10,4305
102/01/08,17.60,17.60,16.45,17.00,7249009,123387453,-0.60,2904
102/01/09,17.15,17.40,16.65,16.65,3523460,59504484,-0.35,1575
102/01/10,17.00,17.70,16.70,17.00,10155789,176317799,+0.35,3920
102/01/11,17.00,17.15,16.65,16.90,3278248,55352996,-0.10,1354
102/01/14,16.90,17.45,16.80,17.45,3556256,61134562,+0.55,1621
102/01/15,17.50,18.35,17.35,17.70,7868709,139620553,+0.25,3161
102/01/16,17.70,17.70,16.50,16.50,4077495,68958702,-1.20,1666
102/01/17,16.50,16.70,15.35,15.50,4480687,71258192,-1.00,1979
102/01/18,15.85,16.05,15.45,15.90,2425385,38238683,+0.40,1254
102/01/21,15.90,16.40,15.80,15.90,2102953,33712986,0.00,1010
102/01/22,16.30,16.40,15.80,15.90,1737026,27958744,0.00,897
102/01/23,16.20,16.20,15.80,15.90,1237901,19781271,0.00,582
102/01/24,15.90,16.15,15.70,15.70,1161651,18463890,-0.20,623
102/01/25,15.80,15.80,15.15,15.15,1545431,23732898,-0.55,723
102/01/28,15.15,15.30,15.05,15.05,1163518,17615408,-0.10,530
102/01/29,15.10,15.70,15.10,15.70,1577926,24348972,+0.65,901
102/01/30,15.80,16.60,15.70,16.60,3619577,58556757,+0.90,1527
102/01/31,16.60,16.60,15.95,15.95,2848262,46417059,-0.65,1109
102/02/01,16.05,16.20,15.75,15.80,1611634,25796000,-0.15,865
102/02/04,16.10,16.25,15.75,15.80,1525031,24340268,0.00,797
102/02/06,16.35,16.35,15.80,15.95,1859770,29846929,-0.15,833
102/02/18,16.45,17.05,16.45,16.85,5448521,92107777,+0.90,1778
102/02/19,16.85,17.25,16.65,17.20,2872032,48903267,+0.35,1209
102/02/20,17.35,17.35,16.80,17.05,2277485,38901271,-0.15,1038
102/02/21,16.85,17.15,16.75,16.75,1267728,21489207,-0.30,649
102/02/22,16.90,16.90,16.50,16.55,1250247,20854168,-0.20,650
102/02/23,16.60,16.75,16.20,16.25,1507597,24753551,-0.30,742
102/02/25,16.25,17.25,16.25,16.85,4042780,68242969,+0.60,1302
102/02/26,16.85,17.60,16.80,16.85,5230924,90250299,0.00,1842
102/02/27,17.10,17.10,16.65,16.65,1501085,25255493,-0.20,737
102/03/01,16.65,17.25,16.65,17.10,3243862,55404104,+0.45,1282
102/03/04,17.40,17.40,16.95,17.10,1905672,32640074,0.00,865
102/03/05,17.15,17.45,17.00,17.25,3971100,68483437,+0.15,1267
102/03/06,17.40,18.00,17.35,17.70,11102911,196781989,+0.45,3829
102/03/07,17.85,17.85,17.30,17.30,3856332,67277020,-0.40,1533
102/03/08,17.60,17.65,17.15,17.20,2461695,42904867,-0.10,1000
102/03/11,17.40,18.40,17.20,17.80,9077291,163055489,+0.60,3385
102/03/12,18.40,18.40,17.70,17.80,6643225,120332766,0.00,2455
102/03/13,18.00,18.05,17.40,17.80,2424951,42897163,0.00,1059
102/03/14,17.80,17.90,17.55,17.70,1595459,28273862,-0.10,651
102/03/15,17.70,17.95,17.70,17.80,2151498,38309904,+0.10,918
102/03/18,17.80,17.90,16.65,16.75,1880910,32497322,-1.05,918
102/03/19,16.95,17.40,16.80,17.15,3849685,66125511,+0.40,1292
102/03/20,16.80,17.60,16.80,17.00,2755110,47570170,-0.15,1021
102/03/21,17.20,17.50,17.10,17.25,2257080,39107812,+0.25,919
102/03/22,17.10,17.45,17.10,17.20,1055596,18186778,-0.05,475
102/03/25,17.25,17.35,16.90,17.05,1864979,31922122,-0.15,726
102/03/26,17.05,17.10,16.85,16.85,1312003,22236984,-0.20,528
102/03/27,16.90,17.35,16.90,16.95,2771379,47366535,+0.10,1175
102/03/28,16.95,17.10,16.40,16.45,1879367,31357117,-0.50,813
102/03/29,16.50,16.85,16.50,16.55,1549044,25767115,+0.10,730
102/04/01,17.00,17.00,16.60,16.70,1259516,21112294,+0.15,552
102/04/02,16.70,17.10,16.65,16.85,1587616,26830715,+0.15,771
102/04/03,17.10,17.30,16.85,16.85,1368264,23287655,0.00,717
102/04/08,16.50,16.50,15.70,15.90,2347020,37421393,-0.95,897
102/04/09,16.10,16.20,15.80,15.90,1140292,18216927,0.00,543
102/04/10,16.20,16.90,16.20,16.45,3568159,59443138,+0.55,1474
102/04/11,16.60,16.85,16.40,16.40,2026917,33615382,-0.05,880
102/04/12,16.45,16.60,16.15,16.25,1102662,18138946,-0.15,499
102/04/15,16.25,16.45,15.90,15.95,798518,12868632,-0.30,478
102/04/16,15.70,15.95,15.60,15.85,1059149,16721942,-0.10,503
102/04/17,16.15,16.25,16.00,16.00,927929,14929714,+0.15,471
102/04/18,16.00,16.30,15.90,16.05,808247,13019152,+0.05,422
102/04/19,16.10,16.70,16.10,16.45,1922856,31723071,+0.40,937
102/04/22,16.45,16.45,16.05,16.05,1130011,18287753,-0.40,597
102/04/23,16.10,16.30,16.00,16.05,591041,9525945,0.00,282
102/04/24,16.10,16.35,16.05,16.10,841092,13589509,+0.05,461
102/04/25,16.10,16.50,16.10,16.20,841039,13735808,+0.10,519
102/04/26,16.20,16.50,16.20,16.20,2694955,43969057,0.00,619
102/04/29,16.45,17.20,16.20,16.90,7086783,119456563,+0.70,1899
102/04/30,16.60,17.20,16.60,16.80,8925907,151564478,-0.10,1441
102/05/02,16.80,16.85,16.40,16.45,1451785,24007214,-0.35,663
102/05/03,16.70,17.05,16.45,16.90,7852077,132166218,+0.45,1393
102/05/06,17.00,17.40,16.70,16.75,4175709,71158311,-0.15,876
102/05/07,16.75,16.95,16.55,16.65,3783800,63605825,-0.10,989
102/05/08,16.90,17.10,16.65,16.85,3457913,58280921,+0.20,1203
102/05/09,17.00,17.55,17.00,17.35,8290850,144191036,+0.50,2684
102/05/10,17.40,17.70,17.05,17.10,2522285,43720586,-0.25,969
102/05/13,17.30,17.60,17.15,17.15,2971303,51464426,+0.05,1021
102/05/14,17.30,17.30,16.70,16.75,2556381,43320064,-0.40,909
102/05/15,16.80,17.05,16.80,16.90,2577404,43578126,+0.15,1027
102/05/16,17.15,17.30,16.20,16.45,4151211,69951546,-0.45,1754
102/05/17,16.45,16.80,16.45,16.55,2756960,45777782,+0.10,1256
102/05/20,16.80,17.00,16.65,16.65,1727828,28994815,+0.10,711
102/05/21,16.95,17.15,16.65,16.70,2606824,44077947,+0.05,1061
102/05/22,16.70,16.90,16.50,16.65,1902335,31694093,-0.05,770
102/05/23,16.60,16.80,16.30,16.35,1253595,20661585,-0.30,621
102/05/24,16.35,16.50,16.10,16.25,876540,14262542,-0.10,416
102/05/27,16.35,16.45,16.25,16.40,535713,8767944,+0.15,283
102/05/28,16.50,16.80,16.45,16.55,1328228,22088405,+0.15,643
102/05/29,16.55,16.55,16.15,16.20,1948846,31686941,-0.35,775
102/05/30,16.10,16.40,16.10,16.20,817724,13258948,0.00,364
102/05/31,16.35,16.40,16.15,16.25,649930,10565554,+0.05,341
102/06/03,16.15,16.45,16.10,16.25,1068638,17406223,0.00,464
102/06/04,16.30,16.40,16.15,16.25,1099903,17888216,0.00,538
102/06/05,16.35,16.40,15.90,15.90,1227647,19773555,-0.35,572
102/06/06,16.20,16.20,15.85,15.90,1223283,19551432,0.00,481
102/06/07,16.10,16.25,15.45,15.50,1573192,24975467,-0.40,674
102/06/10,15.60,15.80,15.55,15.65,1023300,16003482,+0.15,347
102/06/11,15.70,15.75,15.50,15.55,707113,11046882,-0.10,358
102/06/13,15.55,15.70,15.40,15.40,699814,10862130,-0.15,303
102/06/14,15.40,15.55,14.35,14.60,1677461,24949824,-0.80,720
102/06/17,14.60,14.70,14.45,14.65,807640,11797637,+0.05,401
102/06/18,14.75,14.85,14.65,14.65,628646,9253496,0.00,324
102/06/19,14.65,14.90,14.60,14.65,759941,11190473,0.00,337
102/06/20,14.65,14.65,14.05,14.05,904248,12880925,-0.60,429
102/06/21,13.45,13.65,13.30,13.50,1099720,14842634,-0.55,469
102/06/24,13.50,13.95,13.50,13.85,1945674,26772242,+0.35,495
102/06/25,13.85,13.85,13.55,13.55,783388,10731980,-0.30,344
102/06/26,13.65,14.30,13.65,14.05,1992357,28006755,+0.50,670
102/06/27,14.25,14.35,14.05,14.10,1061168,15062552,+0.05,402
102/06/28,14.10,14.30,14.05,14.10,564475,7986813,0.00,266
102/07/01,14.10,14.70,14.10,14.70,1772745,25534910,+0.60,556
102/07/02,14.70,15.10,14.60,14.60,1266141,18772089,-0.10,474
102/07/03,14.70,15.00,14.60,14.60,1207660,17792067,0.00,378
102/07/04,14.70,15.40,14.70,14.95,1627819,24482396,+0.35,729
102/07/05,15.25,15.25,14.75,14.75,867240,12919464,-0.20,353
102/07/08,14.75,14.90,14.25,14.30,584327,8487987,-0.45,300
102/07/09,14.30,14.60,14.25,14.30,546371,7870777,0.00,298
102/07/10,14.30,14.45,14.00,14.20,712836,10131629,-0.10,310
102/07/11,14.30,14.50,14.15,14.15,842562,12020227,-0.05,371
102/07/12,14.20,14.30,14.00,14.05,690000,9744200,-0.10,289
102/07/15,14.05,14.50,14.05,14.45,1084791,15609933,+0.40,536
102/07/16,14.45,14.55,14.25,14.35,567523,8164244,-0.10,289
102/07/17,14.30,14.45,14.15,14.20,562599,8017932,-0.15,253
102/07/18,14.20,14.25,13.75,13.75,921831,12852065,-0.45,416
102/07/19,13.70,14.00,13.55,13.60,910668,12481178,-0.15,404
102/07/22,13.50,13.70,13.50,13.70,391965,5342815,+0.10,206
102/07/23,13.75,14.20,13.75,14.00,663154,9307123,+0.30,407
102/07/24,14.10,14.15,13.85,13.90,479464,6697344,-0.10,267
102/07/25,13.90,14.40,13.90,14.00,878319,12431916,+0.10,391
102/07/26,14.05,14.20,13.80,13.85,660694,9199998,-0.15,299
102/07/29,13.95,13.95,13.60,13.65,455419,6247889,-0.20,226
102/07/30,13.65,13.80,13.60,13.60,491777,6726981,-0.05,261
102/07/31,13.70,13.75,13.25,13.25,747681,10010512,-0.35,338
102/08/01,13.25,13.40,13.25,13.30,535676,7131898,+0.05,225
102/08/02,13.45,13.55,13.40,13.45,556596,7497744,+0.15,300
102/08/05,13.50,13.80,13.50,13.75,1167947,15953303,+0.30,417
102/08/06,13.80,13.85,13.55,13.85,858415,11770193,+0.10,409
102/08/07,13.85,14.10,13.60,13.60,1132379,15700431,-0.25,573
102/08/08,13.70,13.90,13.60,13.65,892701,12264290,+0.05,457
102/08/09,13.70,13.95,13.15,13.15,2992825,40301186,-0.50,1001
102/08/12,13.15,13.20,12.25,12.25,5053696,63025045,-0.90,1679
102/08/13,12.35,12.45,12.15,12.45,3351264,41437489,+0.20,807
102/08/14,12.45,12.45,12.10,12.10,3139243,38364532,-0.35,1264
102/08/15,12.10,12.60,12.00,12.30,3290816,40679326,+0.20,972
102/08/16,12.30,12.45,12.20,12.40,2916041,36047941,+0.10,775
102/08/19,12.50,12.65,12.40,12.40,2986449,37265129,0.00,824
102/08/20,12.40,12.45,12.25,12.40,1160446,14328025,0.00,426
102/08/22,12.20,12.40,12.20,12.30,1040908,12799675,-0.10,383
102/08/23,11.80,11.85,11.45,11.50,9203409,106831640,-0.80,2588
102/08/26,11.50,11.65,11.35,11.45,3764448,43240944,-0.05,1053
102/08/27,11.30,11.40,11.10,11.10,3334005,37467346,-0.35,978
102/08/28,11.05,11.30,11.00,11.30,2857685,32060131,+0.20,958
102/08/29,11.40,12.05,11.40,12.05,8801984,104267708,+0.75,2413
102/08/30,12.20,12.20,11.75,11.80,4225906,50531479,-0.25,1531
102/09/02,11.60,12.60,11.55,12.60,25435171,304323984,+0.80,4321
102/09/03,12.90,12.90,12.35,12.60,14222409,179177686,0.00,3109
102/09/04,12.60,13.10,12.60,13.10,10028045,129241326,+0.50,2988
102/09/05,13.20,13.45,13.00,13.05,7793749,102706205,-0.05,2318
102/09/06,13.15,13.95,13.15,13.95,18481316,254966630,+0.90,4498
102/09/09,13.90,13.90,13.30,13.75,9854471,133713193,-0.20,3375
102/09/10,13.85,13.95,13.05,13.20,7971439,107151504,-0.55,2237
102/09/11,13.25,13.70,13.20,13.45,7750071,104316941,+0.25,2012
102/09/12,13.45,13.55,13.20,13.30,3270635,43724421,-0.15,1084
102/09/13,13.30,13.70,13.25,13.30,5235458,70560358,0.00,1729
102/09/14,13.35,13.65,13.25,13.25,4921961,66281779,-0.05,1475
102/09/16,13.50,13.60,13.30,13.35,3249969,43686676,+0.10,960
102/09/17,13.50,13.55,13.30,13.30,2481538,33309443,-0.05,781
102/09/18,13.45,14.20,13.45,14.15,14067250,196389995,+0.85,4075
102/09/23,14.70,15.10,14.45,15.10,15964593,236203645,+0.95,4190
102/09/24,15.10,15.70,14.70,15.65,18201225,278744569,+0.55,5770
102/09/25,15.25,16.00,15.25,15.85,14957714,236413957,+0.20,4617
102/09/26,15.85,15.85,14.95,15.00,11332761,173711478,-0.85,3735
102/09/27,14.85,15.40,14.85,15.15,8143040,123694942,+0.15,2608
102/09/30,15.15,15.75,15.00,15.70,10656913,165739271,+0.55,3315
102/10/01,15.60,16.50,15.35,15.35,19198002,307015510,-0.35,5866
102/10/02,15.65,15.95,15.45,15.75,11651647,182627749,+0.40,3435
102/10/03,15.70,15.90,15.50,15.65,5980205,94052127,-0.10,1863
102/10/04,15.85,16.50,15.85,16.20,12155529,197506492,+0.55,3882
102/10/07,16.35,16.45,15.75,16.25,8271307,133471940,+0.05,2745
102/10/08,16.25,17.05,16.10,16.50,11674553,194697759,+0.25,3790
102/10/09,16.30,16.55,15.60,15.70,8948502,143202712,-0.80,3197
102/10/11,16.00,16.30,15.65,15.70,6830126,109296303,0.00,2229
102/10/14,16.00,16.05,15.30,15.35,5086806,79147827,-0.35,1808
102/10/15,15.55,16.40,15.55,16.40,12609383,202673900,+1.05,4001
102/10/16,16.40,16.50,16.00,16.10,6723098,108839218,-0.30,2372
102/10/17,16.30,16.60,15.75,16.45,8201184,133339178,+0.35,2787
102/10/18,16.55,16.90,16.10,16.10,9722541,160828486,-0.35,3272
102/10/21,16.20,16.20,15.70,16.10,5638234,90288994,0.00,1898
102/10/22,16.10,16.45,16.05,16.05,4717864,76461374,-0.05,1687
102/10/23,16.10,16.20,15.30,15.40,6364021,99936199,-0.65,2233
102/10/24,15.40,16.10,15.40,15.90,5622046,88386162,+0.50,2007
102/10/25,15.65,16.20,15.65,15.70,5768936,92087285,-0.20,2040
102/10/28,15.70,15.90,15.50,15.70,2858165,44796407,0.00,961
102/10/29,15.70,15.90,15.60,15.60,2304645,36263191,-0.10,855
102/10/30,15.70,16.00,15.70,15.85,4332123,68768180,+0.25,1393
102/10/31,15.85,16.30,15.85,15.90,5498918,88379890,+0.05,1981
102/11/01,16.00,16.45,16.00,16.05,6109908,99146953,+0.15,2014
102/11/04,16.20,16.80,16.10,16.50,8530998,140121858,+0.45,2913
102/11/05,16.70,17.45,15.85,16.20,21389136,362726777,-0.30,7274
102/11/06,16.30,17.20,15.90,17.20,13512560,225183353,+1.00,4757
102/11/07,17.30,17.35,16.30,16.35,12242185,205348554,-0.85,4203
102/11/08,16.05,16.60,16.00,16.10,6241791,101200031,-0.25,2328
102/11/11,16.25,16.80,16.20,16.40,5067972,83454079,+0.30,1919
102/11/12,16.40,16.55,15.30,15.35,9793352,152690835,-1.05,3475
102/11/13,14.90,15.15,14.30,14.60,10118156,148710464,-0.75,3396
102/11/14,14.70,14.85,14.20,14.60,6256371,91152659,0.00,2114
102/11/15,14.70,15.20,14.70,14.95,5553290,83208976,+0.35,1863
102/11/18,15.20,15.20,14.35,14.40,3101361,45501057,-0.55,1300
102/11/21,14.50,14.65,14.30,14.35,1684978,24326173,-0.20,735
102/11/22,14.40,14.60,14.30,14.30,1588662,22851104,-0.05,617
102/11/25,14.60,14.65,14.40,14.65,1488865,21678957,+0.35,625
102/11/26,14.60,14.65,14.40,14.50,1447725,20993106,-0.15,676
102/11/27,14.50,15.35,14.50,15.15,4809902,72877260,+0.65,1929
102/11/28,15.35,15.35,15.00,15.20,3012832,45734245,+0.05,1189
102/11/29,15.25,15.50,15.10,15.10,2459021,37598000,-0.10,1086
102/12/02,15.25,16.10,14.90,16.10,6953618,108746138,+1.00,2659
102/12/03,16.10,16.65,15.95,15.95,9219618,150686112,-0.15,3287
102/12/04,15.95,16.25,15.65,15.65,5052251,80700665,-0.30,1861
102/12/05,15.75,15.90,15.40,15.80,3298549,51527517,+0.15,1251
102/12/06,15.95,16.00,15.50,15.60,2111462,33358404,-0.20,869
102/12/09,15.95,15.95,14.90,15.15,4606224,70684214,-0.45,1781
102/12/10,15.15,15.35,15.10,15.15,1956274,29697433,0.00,861
102/12/11,15.30,15.30,14.80,14.85,1833868,27510570,-0.30,774
102/12/12,14.80,15.40,14.70,15.30,2512829,38170046,+0.45,1077
102/12/13,15.30,15.95,15.30,15.70,6089107,95854355,+0.40,2433
102/12/16,15.90,16.10,15.60,15.60,4485170,71250792,-0.10,1723
102/12/17,15.75,16.20,15.75,15.95,8193438,131493600,+0.35,2720
102/12/18,16.05,16.40,15.90,16.25,7137301,115160008,+0.30,2307
102/12/19,16.35,16.40,15.80,15.80,4530289,72428664,-0.45,1573
102/12/20,15.85,16.05,15.70,15.70,1906000,30223039,-0.10,810
102/12/23,15.80,15.90,15.65,15.65,1310532,20620337,-0.05,645
102/12/24,15.80,16.30,15.65,16.20,5408878,86893016,+0.55,1912
102/12/25,16.25,16.40,16.05,16.05,8849404,143640164,-0.15,2742
102/12/26,16.25,16.60,16.10,16.30,7689082,126173821,+0.25,2810
102/12/27,16.60,16.60,16.15,16.15,4211715,69108626,-0.15,1657
102/12/30,16.30,16.70,16.25,16.40,6888685,113770244,+0.25,2393
102/12/31,16.50,17.20,16.50,16.65,11073594,186075512,+0.25,3654
103/01/02,16.55,16.60,16.10,16.30,6865347,112195438,-0.35,2345
103/01/03,16.25,17.35,16.25,17.15,13836077,234676837,+0.85,4524
103/01/06,17.50,18.15,17.45,17.95,17285510,307847008,+0.80,5350
103/01/07,18.20,18.20,17.50,17.55,7533240,133236486,-0.40,2533
103/01/08,17.80,18.20,17.65,17.90,8795934,157665744,+0.35,2796
103/01/09,17.90,18.50,17.70,17.70,14230874,258395696,-0.20,4504
103/01/10,18.20,18.90,18.15,18.90,15518858,289239705,+1.20,4614
103/01/13,19.40,19.45,17.90,18.10,21542799,405058536,-0.80,5785
103/01/14,17.90,18.20,17.60,18.05,8590697,153405096,-0.05,2676
103/01/15,18.30,18.40,17.80,17.85,3736104,67536783,-0.20,1582
103/01/16,18.00,18.15,17.55,17.80,8438739,150072682,-0.05,2710
103/01/17,18.00,18.60,17.90,18.10,8874950,162321369,+0.30,3289
103/01/20,18.15,18.40,17.65,17.70,4961563,88864240,-0.40,1821
103/01/21,17.70,18.20,17.50,17.75,4283017,76679337,+0.05,1807
103/01/22,17.90,18.05,17.60,17.60,2210158,39244665,-0.15,976
103/01/23,17.70,18.10,17.70,17.90,7282215,130535217,+0.30,2328
103/01/24,18.00,18.00,17.40,17.40,3482380,61320766,-0.50,1432
103/01/27,17.00,17.20,16.25,16.25,5275217,87781127,-1.15,2081
103/02/05,15.70,16.50,15.70,16.50,2792135,44844370,+0.25,1164
103/02/06,16.55,17.35,16.55,17.20,6363748,109220379,+0.70,2336
103/02/07,17.30,17.40,16.85,16.90,2616101,44394984,-0.30,1111
103/02/10,17.10,17.65,17.00,17.10,5454890,94574180,+0.20,1984
103/02/11,17.10,17.30,17.05,17.10,2040570,35007804,0.00,825
103/02/12,17.10,17.40,16.85,17.35,3377950,57743228,+0.25,1446
103/02/13,17.40,17.65,17.10,17.20,2843106,49454361,-0.15,1215
103/02/14,17.30,17.45,17.00,17.00,1567461,26946321,-0.20,734
103/02/17,16.70,16.80,15.90,16.00,5103428,82880498,-1.00,2057
103/02/18,16.00,16.35,15.90,16.20,2602672,41968602,+0.20,1070
103/02/19,16.35,16.35,15.90,15.95,2053237,32962015,-0.25,878
103/02/20,15.95,16.30,15.95,16.00,1618673,26040580,+0.05,710
103/02/21,16.25,16.60,16.15,16.35,3897725,63824964,+0.35,1591
103/02/24,16.50,17.15,16.45,16.70,4020820,67616198,+0.35,1625
103/02/25,16.90,17.10,16.55,16.60,2874628,48222524,-0.10,1147
103/02/26,16.65,16.80,16.35,16.50,1891511,31307919,-0.10,803
103/02/27,16.55,16.90,16.40,16.40,2669530,44302169,-0.10,1069
103/03/03,16.30,16.70,16.25,16.70,1887412,31222019,+0.30,838
103/03/04,16.80,17.45,16.65,17.25,7183035,122947584,+0.55,2709
103/03/05,17.95,18.10,17.70,17.75,11776051,210572669,+0.50,3786
103/03/06,17.75,18.40,17.60,18.15,11834182,214442498,+0.40,4091
103/03/07,18.30,18.30,17.35,17.60,5750363,102234638,-0.55,2187
103/03/10,17.60,17.90,17.35,17.40,2458289,43301081,-0.20,1149
103/03/11,17.50,17.65,17.30,17.40,2006741,35021295,0.00,956
103/03/12,17.40,18.00,17.15,18.00,4742897,83501280,+0.60,1727
103/03/13,18.10,18.35,17.85,17.85,7715922,139496100,-0.15,2792
103/03/14,17.75,18.05,17.60,17.60,2975639,52860296,-0.25,1317
103/03/17,17.70,18.20,17.55,18.15,5196235,93556662,+0.55,1871
103/03/18,18.20,18.50,18.05,18.05,7892440,144343822,-0.10,2547
103/03/19,18.40,18.40,17.60,17.65,6117426,110052929,-0.40,2091
103/03/20,17.50,17.80,17.15,17.30,3548187,61971570,-0.35,1361
103/03/21,17.35,17.60,16.90,16.90,2719670,46717490,-0.40,1135
103/03/24,16.80,17.10,16.60,16.85,1802975,30287701,-0.05,846
103/03/25,16.70,17.25,16.70,17.15,2126635,36297214,+0.30,960
103/03/26,17.25,17.35,16.85,17.00,2766742,47127314,-0.15,1066
103/03/27,17.10,17.30,17.00,17.00,1931093,33016706,0.00,986
103/03/28,17.00,17.15,16.50,16.50,2617096,43729429,-0.50,1249
103/03/31,16.50,16.80,16.50,16.65,1642677,27281771,+0.15,729
103/04/01,16.65,16.95,16.65,16.95,2084799,35079998,+0.30,847
103/04/02,17.20,17.40,16.95,17.10,5995887,102915644,+0.15,2199
103/04/03,17.10,17.25,16.80,16.80,3631023,61605322,-0.30,1324
103/04/07,16.50,17.15,16.45,17.00,5787888,96862042,+0.20,2178
103/04/08,16.70,17.20,16.70,16.70,4196045,70849869,-0.30,1622
103/04/09,16.80,16.90,16.70,16.70,2709880,45489120,0.00,974
103/04/10,16.85,17.00,16.50,16.50,2981409,49819982,-0.20,1180
103/04/11,16.50,16.50,15.90,16.25,4910998,79273952,-0.25,1949
103/04/14,16.05,16.15,15.70,15.70,1560312,24768556,-0.55,756
103/04/15,15.80,16.00,15.75,15.95,1530809,24269664,+0.25,602
103/04/16,15.95,16.05,15.55,15.80,1790641,28139046,-0.15,803
103/04/17,15.85,16.00,15.75,15.75,1278600,20313684,-0.05,620
103/04/18,15.90,16.60,15.90,16.45,4886375,79631046,+0.70,1944
103/04/21,16.50,17.10,16.50,16.85,5975243,100912308,+0.40,2292
103/04/22,16.95,17.00,16.55,16.55,2404635,40116497,-0.30,1024
103/04/23,16.60,16.70,16.25,16.40,2356277,38724200,-0.15,1089
103/04/24,16.55,16.80,16.10,16.10,3140199,51870229,-0.30,1401
103/04/25,16.20,16.30,15.05,15.40,4699074,72606525,-0.70,1938
103/04/28,15.10,15.90,15.10,15.75,2856388,44672078,+0.35,1464
103/04/29,15.80,15.85,15.55,15.70,1603653,25230824,-0.05,680
103/04/30,15.80,16.05,15.35,15.40,2278202,35593925,-0.30,779
103/05/02,15.45,15.75,15.40,15.50,1560560,24248593,+0.10,682
103/05/05,15.60,15.85,15.50,15.75,1652420,25942721,+0.25,722
103/05/06,15.75,16.00,15.70,15.70,1528217,24161026,-0.05,706
103/05/07,15.60,15.80,15.50,15.55,1490963,23227123,-0.15,591
103/05/08,15.60,15.70,15.55,15.55,1153804,17986654,0.00,495
103/05/09,15.50,15.60,15.05,15.05,2931911,44587415,-0.50,1157
103/05/12,15.00,15.40,15.00,15.05,2319806,35261417,0.00,982
103/05/13,15.25,15.35,14.90,15.10,2073790,31354078,+0.05,928
103/05/14,15.10,15.45,15.05,15.20,2979473,45452226,+0.10,1217
103/05/15,15.15,15.30,14.90,15.00,1815962,27320080,-0.20,846
103/05/16,14.95,15.10,14.80,14.90,1631635,24426775,-0.10,721
103/05/19,15.00,15.20,14.90,15.05,1617512,24365430,+0.15,688
103/05/20,15.10,15.20,14.85,14.90,1237057,18574088,-0.15,548
103/05/21,14.80,15.10,14.80,14.80,1127721,16825208,-0.10,559
103/05/22,14.95,15.20,14.95,14.95,1998903,30127845,+0.15,833
103/05/23,15.05,15.15,14.95,15.00,1304840,19617951,+0.05,549
103/05/26,15.05,15.15,15.00,15.00,1324026,19941422,0.00,552
103/05/27,15.00,15.20,15.00,15.00,1583614,23915310,0.00,662
103/05/28,15.05,15.20,15.00,15.00,1233441,18599857,0.00,546
103/05/29,15.00,15.40,15.00,15.20,2919182,44572130,+0.20,985
103/05/30,15.25,15.35,14.50,14.50,3934755,58321803,-0.70,1206
103/06/03,14.75,14.85,14.55,14.60,3050325,44839002,+0.10,1098
103/06/04,14.65,14.80,14.50,14.55,2072512,30351137,-0.05,969
103/06/05,14.65,14.70,14.50,14.60,1774239,25883309,+0.05,769
103/06/06,14.70,14.75,14.55,14.55,1823683,26704097,-0.05,611
103/06/09,14.60,15.55,14.60,15.55,8134374,125048193,+1.00,2949
103/06/10,15.55,15.60,15.05,15.15,4108495,62664106,-0.40,1573
103/06/11,15.15,15.70,15.15,15.55,5362422,83482885,+0.40,2249
103/06/12,15.55,16.60,15.55,16.40,9709398,158522155,+0.85,3929
103/06/13,16.40,16.60,16.00,16.10,4568450,74117205,-0.30,1809
103/06/16,16.15,16.40,16.05,16.05,2534895,40958909,-0.05,1009
103/06/17,16.15,16.50,16.00,16.05,3497098,56732346,0.00,1501
103/06/18,16.05,16.30,15.50,15.55,3862562,60876952,-0.50,1688
103/06/19,15.70,15.80,15.60,15.70,1607166,25217724,+0.15,724
103/06/20,15.80,15.85,15.60,15.80,1494985,23518843,+0.10,648
103/06/23,15.75,15.75,14.70,14.80,4401787,66234504,-1.00,1828
103/06/24,14.80,15.10,14.50,15.10,2183723,32359995,+0.30,979
103/06/25,15.20,15.20,14.90,14.95,1339812,20147844,-0.15,640
103/06/26,15.00,15.10,14.80,14.80,1568307,23412645,-0.15,706
103/06/27,14.80,14.95,14.60,14.70,1779271,26206755,-0.10,848
103/06/30,14.80,14.90,14.75,14.85,1191423,17662517,+0.15,531
103/07/01,14.85,15.25,14.85,15.10,2328835,35218125,+0.25,1023
103/07/02,15.10,15.30,14.80,14.95,1824968,27398455,-0.15,807
103/07/03,15.00,15.05,14.85,14.85,1589642,23741796,-0.10,765
103/07/04,14.90,15.70,14.90,15.50,4698639,72084095,+0.65,1827
103/07/07,15.50,15.65,15.05,15.30,4690712,71993325,-0.20,1486
103/07/08,15.30,15.30,15.15,15.25,1500023,22830083,-0.05,555
103/07/09,15.15,15.60,15.15,15.15,3208819,49336637,-0.10,1272
103/07/10,15.10,15.20,14.90,14.90,2078161,31204647,-0.25,880
103/07/11,14.90,15.00,14.50,14.60,1733199,25473492,-0.30,748
103/07/14,14.60,14.80,14.60,14.70,951540,13997509,+0.10,458
103/07/15,14.70,15.20,14.70,15.10,2059323,31039345,+0.40,874
103/07/16,15.10,15.20,14.85,14.95,1283428,19248631,-0.15,636
103/07/17,15.00,15.15,14.95,15.00,800406,12032881,+0.05,416
103/07/18,14.95,15.20,14.95,15.05,1085081,16357989,+0.05,484
103/07/21,15.15,15.15,14.90,14.90,872657,13099156,-0.15,430
103/07/22,15.05,15.10,14.95,15.05,715939,10757468,+0.15,358
103/07/24,15.15,15.50,15.00,15.35,2920540,44708237,+0.30,1172
103/07/25,15.40,15.45,15.10,15.25,1335537,20415876,-0.10,622
103/07/28,14.40,14.60,14.20,14.30,3273396,46997144,-0.95,1273
103/07/29,14.40,14.50,13.95,14.05,1752181,24853480,-0.25,740
103/07/30,14.05,14.40,14.00,14.25,863089,12288235,+0.20,499
103/07/31,14.40,14.40,14.15,14.20,644583,9178524,-0.05,296
103/08/01,14.10,14.10,13.85,13.90,1267506,17680941,-0.30,519
103/08/04,13.90,14.20,13.90,14.15,735661,10345579,+0.25,375
103/08/05,14.30,14.40,14.10,14.20,837882,11915220,+0.05,375
103/08/06,14.30,14.35,13.50,13.80,1570367,21725373,-0.40,697
103/08/07,13.95,14.10,13.85,13.90,824364,11523001,+0.10,487
103/08/08,13.90,14.00,13.75,13.90,871366,12075279,0.00,415
103/08/11,14.00,14.15,14.00,14.05,580794,8162515,+0.15,312
103/08/12,14.15,14.15,14.00,14.00,472276,6627978,-0.05,249
103/08/13,14.00,14.00,13.70,13.75,701183,9683538,-0.25,359
103/08/14,13.90,14.00,13.75,13.80,444617,6159376,+0.05,275
103/08/15,13.90,13.90,13.65,13.70,541535,7436920,-0.10,294
103/08/18,13.65,13.70,12.75,12.75,2319994,29796513,-0.95,957
103/08/19,12.75,13.25,12.75,13.10,1744622,22809186,+0.35,777
103/08/20,13.10,13.25,12.95,12.95,652302,8535405,-0.15,349
103/08/21,12.95,13.00,12.70,12.90,633335,8135282,-0.05,298
103/08/22,13.00,13.10,12.95,13.00,755542,9834046,+0.10,349
103/08/25,13.10,13.45,13.10,13.25,1039770,13829668,+0.25,551
103/08/26,13.30,13.35,13.10,13.10,533878,7031140,-0.15,298
103/08/27,13.30,13.35,13.20,13.20,546023,7233036,+0.10,310
103/08/28,13.20,13.40,13.20,13.20,508202,6735049,0.00,285
103/08/29,13.30,13.40,13.20,13.20,622610,8279841,0.00,330
103/09/01,13.25,13.60,13.20,13.50,1072139,14351553,+0.30,463
103/09/02,13.75,14.40,13.75,14.40,4076434,58139288,+0.90,1193
103/09/03,14.50,14.60,14.10,14.30,5287631,75874668,-0.10,1595
103/09/04,14.40,14.50,14.10,14.10,3727030,53511514,-0.20,1070
103/09/05,14.20,14.35,14.10,14.20,2128255,30332640,+0.10,729
103/09/09,14.35,14.40,13.90,13.90,1548039,21963582,-0.30,580
103/09/10,13.95,14.05,13.85,14.00,644415,8991914,+0.10,327
103/09/11,14.10,14.40,14.10,14.10,1442342,20539265,+0.10,649
103/09/12,14.30,14.30,13.95,13.95,644326,9032169,-0.15,330
103/09/15,13.95,14.10,13.75,13.75,638324,8848632,-0.20,234
103/09/16,13.75,13.85,13.30,13.30,961457,12967225,-0.45,486
103/09/17,13.30,13.60,13.30,13.45,569246,7669221,+0.15,302
103/09/18,13.55,14.15,13.50,13.95,1981793,27665708,+0.50,961
103/09/19,14.00,14.15,13.75,13.80,990367,13779255,-0.15,467
103/09/22,13.80,14.10,13.70,13.80,922773,12817435,0.00,428
103/09/23,13.90,14.20,13.85,13.85,874791,12242148,+0.05,465
103/09/24,13.90,14.00,13.75,13.85,398470,5509303,0.00,245
103/09/25,13.90,14.05,13.50,13.50,848530,11616897,-0.35,452
103/09/26,13.35,13.55,13.35,13.40,598966,8050234,-0.10,325
103/09/29,13.45,13.70,13.45,13.50,304662,4131932,+0.10,197
103/09/30,13.50,13.60,13.30,13.55,395434,5314805,+0.05,223
103/10/01,13.45,13.65,13.45,13.50,378190,5124941,-0.05,191
103/10/02,13.45,13.70,13.45,13.60,450590,6136861,+0.10,284
103/10/03,13.65,13.80,13.55,13.55,755915,10322287,-0.05,311
103/10/06,13.70,13.75,13.60,13.65,475207,6498694,+0.10,231
103/10/07,13.65,13.75,13.55,13.55,480820,6554617,-0.10,243
103/10/08,13.50,13.60,13.20,13.20,665207,8907858,-0.35,312
103/10/09,13.40,13.45,12.90,12.90,906664,11885249,-0.30,453
103/10/13,12.50,12.70,12.00,12.00,1375777,16822347,-0.90,607
103/10/14,12.00,12.20,11.90,12.20,717553,8656032,+0.20,383
103/10/15,12.20,12.35,11.80,11.80,807215,9729127,-0.40,465
103/10/16,11.50,11.60,11.00,11.45,1352753,15307861,-0.35,630
103/10/17,11.55,11.55,11.15,11.15,651472,7398057,-0.30,324
103/10/20,11.30,11.90,11.30,11.90,1746279,20614915,+0.75,700
103/10/21,11.80,12.10,11.70,12.05,1098016,13064542,+0.15,551
103/10/22,12.15,12.35,12.00,12.15,1020250,12451981,+0.10,596
103/10/23,12.15,12.35,12.10,12.25,712864,8711683,+0.10,416
103/10/24,12.40,12.40,12.10,12.15,465709,5685410,-0.10,315
103/10/27,12.00,12.20,11.60,11.60,800229,9465624,-0.55,426
103/10/28,11.60,12.30,11.60,12.25,1787307,21586888,+0.65,843
103/10/29,12.35,12.55,12.25,12.55,1254943,15604530,+0.30,635
103/10/30,12.55,12.55,12.30,12.50,587913,7309867,-0.05,337
103/10/31,12.65,12.70,12.50,12.60,435130,5481017,+0.10,298
103/11/03,12.70,12.95,12.50,12.85,1048630,13399387,+0.25,542
103/11/04,12.80,12.90,12.60,12.70,512449,6514744,-0.15,326
103/11/05,12.70,12.70,12.35,12.45,871254,10869144,-0.25,432
103/11/06,12.50,12.65,12.25,12.25,537949,6678938,-0.20,306
103/11/07,12.35,12.60,12.30,12.55,658124,8228437,+0.30,386
103/11/10,12.75,12.75,12.55,12.55,361781,4563315,0.00,189
103/11/11,12.65,12.70,12.35,12.40,441379,5517686,-0.15,213
103/11/12,12.40,12.50,12.30,12.30,310572,3833824,-0.10,143
103/11/13,12.30,12.45,12.30,12.30,266340,3291408,0.00,148
103/11/14,12.35,12.45,12.30,12.35,324732,4005108,+0.05,165
103/11/17,12.30,12.45,12.25,12.25,463199,5703269,-0.10,243
103/11/18,12.25,12.30,11.50,11.50,1650665,19358488,-0.75,618
103/11/19,11.65,11.85,11.55,11.70,548727,6422723,+0.20,260
103/11/20,11.70,11.95,11.70,11.90,555838,6575874,+0.20,272
103/11/21,11.90,12.20,11.90,11.95,1057249,12672484,+0.05,427
103/11/24,12.00,12.05,11.80,11.80,300157,3569926,-0.15,186
103/11/25,11.80,12.00,11.80,11.85,300523,3564278,+0.05,180
103/11/26,11.90,12.10,11.90,11.90,919199,11023036,+0.05,346
103/11/27,11.95,12.10,11.75,11.75,608510,7241482,-0.15,244
103/11/28,11.80,11.85,11.65,11.70,468212,5484852,-0.05,217
103/12/01,11.25,11.60,11.20,11.60,724541,8283713,-0.10,314
103/12/02,11.60,12.00,11.50,11.95,1135478,13438328,+0.35,418
103/12/03,11.95,12.20,11.95,12.10,1188276,14372262,+0.15,505
103/12/04,12.30,12.50,12.10,12.50,2938227,36205042,+0.40,1089
103/12/05,12.50,13.10,12.40,12.80,2792564,35619552,+0.30,1336
103/12/08,12.90,13.20,12.80,13.00,1990134,25920765,+0.20,843
103/12/09,12.90,12.95,12.60,12.70,1230472,15694037,-0.30,511
103/12/10,12.50,12.60,12.30,12.35,959001,11891653,-0.35,358
103/12/11,12.15,12.50,12.15,12.40,449142,5544746,+0.05,208
103/12/12,12.40,12.50,12.30,12.40,817493,10153002,0.00,249
103/12/15,11.60,11.85,11.60,11.85,4689103,55185010,,858
103/12/16,11.85,12.30,11.80,12.10,5753903,69538936,+0.25,1534
103/12/17,12.40,12.90,12.40,12.90,10610734,136510707,+0.80,2175
103/12/18,13.25,13.80,13.20,13.55,19576545,266104065,+0.65,4771
103/12/19,13.80,14.10,13.50,14.10,12028957,165572148,+0.55,3086
103/12/22,14.20,14.45,14.15,14.20,10454569,149371497,+0.10,2974
103/12/23,14.20,14.20,13.75,13.85,5342093,74281190,-0.35,1963
103/12/24,13.95,14.25,13.80,14.00,5677506,79902634,+0.15,2131
103/12/25,14.10,14.15,13.70,13.85,4144346,57517624,-0.15,1844
103/12/26,13.80,14.80,13.80,14.80,18290136,267818956,+0.95,5395
103/12/27,15.25,15.80,15.15,15.80,26392825,409091092,+1.00,7709
103/12/29,16.00,16.10,15.40,15.55,15706530,247133016,-0.25,5234
103/12/30,15.40,15.85,15.30,15.80,9161596,143191821,+0.25,3284
103/12/31,15.80,16.00,15.45,15.45,6803199,106413952,-0.35,2351
104/01/05,15.20,15.35,14.90,15.15,11966603,180275987,-0.30,5153
104/01/06,14.80,14.95,14.15,14.25,11661969,168537220,-0.90,3847
104/01/07,14.20,14.60,14.15,14.50,6342161,91292628,+0.25,2339
104/01/08,14.60,14.70,14.30,14.40,5327992,77232733,-0.10,1837
104/01/09,14.60,14.90,14.35,14.65,6026405,88034156,+0.25,2249
104/01/12,14.40,14.60,14.25,14.30,3132511,45037616,-0.35,1062
104/01/13,14.25,14.50,14.20,14.45,4267389,61341427,+0.15,1421
104/01/14,14.45,14.45,14.15,14.20,4080066,58245615,-0.25,1249
104/01/15,14.20,14.45,14.15,14.25,3567859,51003973,+0.05,1119
104/01/16,14.25,14.35,13.40,13.45,6377195,88046221,-0.80,2015
104/01/19,13.65,13.65,13.35,13.35,2857736,38601741,-0.10,990
104/01/20,13.65,14.25,13.55,14.25,8235784,115028383,+0.90,2439
104/01/21,14.25,14.25,13.75,13.85,5024998,70013245,-0.40,1692
104/01/22,14.25,14.25,13.70,13.85,2615907,36482877,0.00,980
104/01/23,13.70,13.90,13.65,13.65,2437545,33460394,-0.20,948
104/01/26,13.65,13.80,13.60,13.75,1295313,17742440,+0.10,536
104/01/27,13.70,14.10,13.65,13.85,2891784,40202137,+0.10,1242
104/01/28,13.95,14.20,13.85,13.90,2108064,29523676,+0.05,919
104/01/29,13.90,13.90,13.75,13.80,1272218,17584494,-0.10,491
104/01/30,13.90,14.45,13.85,14.20,8697553,123406175,+0.40,2850
104/02/02,14.40,14.45,14.00,14.05,2494753,35403313,-0.15,1064
104/02/03,14.25,14.35,13.85,13.90,3017852,42590768,-0.15,1177
104/02/04,14.05,14.65,13.95,14.45,9061540,129849108,+0.55,3122
104/02/05,14.40,14.60,14.20,14.50,4673481,67325503,+0.05,1415
104/02/06,14.60,14.80,14.40,14.60,9484963,138932797,+0.10,2591
104/02/09,14.65,15.15,14.55,15.00,13367441,199414072,+0.40,4178
104/02/10,15.00,15.05,14.60,14.60,3924771,57944234,-0.40,1503
104/02/11,14.65,14.85,14.45,14.45,3475125,50921823,-0.15,1153
104/02/12,14.55,14.60,14.30,14.30,2363956,34002708,-0.15,785
104/02/13,14.35,14.95,14.30,14.75,8472624,124890863,+0.45,2657
104/02/24,15.00,15.40,14.80,15.40,13165300,199964186,+0.65,3340
104/02/25,15.50,15.65,15.30,15.50,15786632,244406947,+0.10,4246
104/02/26,15.45,15.80,15.25,15.80,9791441,152316634,+0.30,2571
104/03/02,15.85,15.95,15.50,15.50,8767136,137117974,-0.30,2294
104/03/03,15.65,15.75,15.35,15.60,10104464,156910473,+0.10,2368
104/03/04,15.60,15.85,15.40,15.40,13430617,210257244,-0.20,3648
104/03/05,15.40,15.55,15.35,15.45,5136115,79372590,+0.05,1560
104/03/06,15.55,15.80,15.35,15.40,6357126,98913861,-0.05,2181
104/03/09,15.50,16.35,15.40,16.05,17201293,275965715,+0.65,5308
104/03/10,16.10,16.45,15.50,15.50,12631189,201393263,-0.55,4164
104/03/11,15.30,15.65,15.30,15.40,3765253,58216452,-0.10,1380
104/03/12,15.50,15.70,15.35,15.35,4486751,69425607,-0.05,1460
104/03/13,15.40,15.65,15.20,15.25,4252629,65601309,-0.10,1400
104/03/16,15.25,15.35,14.85,14.95,4266627,64056755,-0.30,1487
104/03/17,15.00,15.10,14.70,14.75,3607889,53548898,-0.20,1133
104/03/18,14.90,15.10,14.85,14.90,2594399,38850679,+0.15,976
104/03/19,15.00,15.05,14.70,14.75,3824792,56636487,-0.15,1285
104/03/20,14.75,15.30,14.75,15.25,6786742,102346000,+0.50,2356
104/03/23,15.35,15.60,15.10,15.10,4627460,71005367,-0.15,1908
104/03/24,15.20,15.25,15.00,15.15,1727197,26118412,+0.05,689
104/03/25,15.20,15.35,15.05,15.20,5275859,80344503,+0.05,1735
104/03/26,15.00,15.20,14.80,14.80,3028967,45347183,-0.40,1157
104/03/27,14.95,15.30,14.85,14.90,5258027,79293070,+0.10,1966
104/03/30,14.95,15.10,14.30,14.30,4848251,70593538,-0.60,1664
104/03/31,14.10,14.15,13.65,13.80,8304069,114982717,-0.50,2861
104/04/01,13.80,14.20,13.70,13.95,3583925,50234326,+0.15,1452
104/04/02,14.10,14.30,14.00,14.00,3147981,44540118,+0.05,1130
104/04/07,14.00,14.15,13.90,13.95,3266748,45666460,-0.05,1141
104/04/08,13.80,13.95,13.80,13.85,2037223,28229688,-0.10,739
104/04/09,13.95,14.00,13.70,13.70,1891097,26117109,-0.15,763
104/04/10,13.80,14.00,13.60,13.70,2266779,31256240,0.00,847
104/04/13,13.75,13.95,13.75,13.85,1280795,17778579,+0.15,588
104/04/14,13.85,14.20,13.75,14.10,4218319,59115016,+0.25,1616
104/04/15,14.10,14.35,14.10,14.15,3524371,50124721,+0.05,1252
104/04/16,14.35,14.70,14.30,14.45,4438184,64286980,+0.30,1647
104/04/17,14.50,14.50,14.15,14.20,1764236,25222590,-0.25,696
104/04/20,14.05,14.30,13.90,13.90,1838135,25749232,-0.30,729
104/04/21,14.00,14.05,13.30,13.50,3194815,43629937,-0.40,1067
104/04/22,13.50,13.65,13.05,13.15,3320161,43949704,-0.35,1233
104/04/23,13.20,13.25,12.80,12.80,4477446,58100540,-0.35,1622
104/04/24,13.00,13.00,12.00,12.50,8362967,104237808,-0.30,2975
104/04/27,12.60,12.70,12.40,12.65,2701911,33975156,+0.15,927
104/04/28,12.70,13.00,12.65,12.90,3109542,40085212,+0.25,1151
104/04/29,12.85,12.85,12.45,12.50,2211535,27910143,-0.40,688
104/04/30,12.60,12.80,12.55,12.80,1308689,16618672,+0.30,597
104/05/04,13.00,13.15,12.70,12.75,2008371,25941011,-0.05,869
104/05/05,13.00,13.25,12.90,13.00,3121444,40838267,+0.25,1227
104/05/06,13.00,13.40,12.90,13.30,5766771,76572486,+0.30,1928
104/05/07,13.30,13.30,13.05,13.05,1343545,17652603,-0.25,614
104/05/08,13.05,13.15,12.80,12.80,1445905,18687070,-0.25,658
104/05/11,13.00,13.00,12.00,12.30,2959797,36533591,-0.50,1161
104/05/12,12.30,12.45,11.60,12.25,2069395,24868906,-0.05,894
104/05/13,12.25,12.40,12.05,12.30,1156018,14219060,+0.05,598
104/05/14,12.30,12.45,12.15,12.30,793029,9716091,0.00,381
104/05/15,12.40,12.40,12.00,12.05,1496416,18110424,-0.25,654
104/05/18,11.80,12.15,11.35,11.40,3382910,39017189,-0.65,1141
104/05/19,11.25,11.70,11.25,11.70,2890557,33322369,+0.30,1049
104/05/20,11.70,11.75,11.50,11.60,1181207,13751388,-0.10,483
104/05/21,11.60,11.70,11.40,11.50,1141225,13231132,-0.10,552
104/05/22,11.70,12.05,11.60,11.95,2445972,29176347,+0.45,946
104/05/25,11.95,12.30,11.85,12.15,1785384,21621839,+0.20,765
104/05/26,12.15,12.25,11.80,11.85,1424648,16989540,-0.30,582
104/05/27,11.80,12.05,11.75,11.85,1222479,14568014,0.00,549
104/05/28,11.90,12.30,11.90,12.10,1931498,23384165,+0.25,831
104/05/29,12.15,12.35,11.90,12.05,2343703,28453186,-0.05,967
104/06/01,12.05,12.25,11.75,11.75,1814282,21563983,-0.30,921
104/06/02,11.75,11.95,11.60,11.60,2123222,24950713,-0.15,797
104/06/03,11.70,11.75,11.40,11.40,1859594,21444962,-0.20,672
104/06/04,11.45,11.60,11.10,11.15,2190606,24669361,-0.25,897
104/06/05,11.30,11.40,11.05,11.15,1615105,18092677,0.00,615
104/06/08,11.10,11.20,10.55,10.85,2223020,24089003,-0.30,866
104/06/09,10.85,11.15,9.77,9.77,5232193,53925250,-1.08,1552
104/06/10,9.97,10.45,9.97,10.40,3122727,31930763,+0.63,1032
104/06/11,10.50,10.65,10.20,10.20,1920613,20023210,-0.20,738
104/06/12,10.20,10.35,10.05,10.25,1081268,11081975,+0.05,453
104/06/15,10.35,10.60,10.35,10.50,1203566,12634679,+0.25,524
104/06/16,10.50,10.60,10.35,10.40,848735,8837329,-0.10,355
104/06/17,10.50,10.50,10.30,10.35,531960,5529876,-0.05,256
104/06/18,10.45,10.90,10.45,10.70,1587428,16964503,+0.35,591
104/06/22,10.70,10.80,10.50,10.55,989457,10465845,-0.15,427
104/06/23,10.80,11.30,10.70,11.00,3801348,42215878,+0.45,1439
104/06/24,11.00,11.10,10.70,10.75,1618917,17508009,-0.25,525
104/06/25,10.90,11.00,10.80,10.85,1245567,13554983,+0.10,468
104/06/26,11.40,11.90,11.35,11.90,11157104,132024217,+1.05,3059
104/06/29,12.05,12.05,11.70,11.90,5269822,62553064,0.00,1715
104/06/30,12.00,12.00,11.45,11.65,2929580,34285673,-0.25,972
104/07/01,11.75,11.95,11.70,11.80,2595395,30630667,+0.15,810
104/07/02,12.00,12.50,12.00,12.00,7453392,91186154,+0.20,2147
104/07/03,12.00,12.15,11.85,11.85,2348218,28056066,-0.15,819
104/07/06,11.80,12.00,11.50,11.55,2414085,28206929,-0.30,808
104/07/07,11.70,12.05,11.60,11.60,3013827,35548231,+0.05,986
104/07/08,11.70,11.70,10.70,10.90,3945632,43844502,-0.70,1262
104/07/09,10.55,11.25,10.30,11.15,3427761,37182145,+0.25,1245
104/07/13,11.35,11.55,11.25,11.35,2893992,33001854,+0.20,993
104/07/14,11.55,11.60,11.20,11.30,1717916,19562706,-0.05,603
104/07/15,11.30,11.50,11.20,11.30,1753632,19900537,0.00,683
104/07/16,11.40,11.45,11.25,11.45,1635421,18568319,+0.15,466
104/07/17,11.55,11.55,11.35,11.40,1271190,14571210,-0.05,506
104/07/20,11.50,11.55,11.00,11.10,1316171,14787881,-0.30,495
104/07/21,11.10,11.65,11.10,11.30,3965140,45385662,+0.20,1240
104/07/22,11.25,11.40,11.10,11.15,2154015,24129311,-0.15,816
104/07/23,11.10,11.20,10.70,10.80,1549001,16923006,-0.35,675
104/07/24,10.75,10.85,10.40,10.40,1907966,20093191,-0.40,680
104/07/27,10.40,10.55,9.70,9.71,3258994,32871503,-0.69,1001
104/07/28,9.71,10.10,9.71,10.00,2632133,26048190,+0.29,876
104/07/29,10.80,10.80,10.30,10.35,3812208,40046538,+0.35,1292
104/07/30,10.60,11.10,10.55,10.80,5316253,57836503,+0.45,1726
104/07/31,10.95,10.95,10.50,10.55,1781998,18998375,-0.25,640
104/08/03,10.55,10.55,10.20,10.25,1288821,13291912,-0.30,534
104/08/04,10.30,10.35,9.75,9.80,3461431,34405056,-0.45,1096
104/08/05,9.85,10.10,9.83,10.10,1472360,14726690,+0.30,634
104/08/06,10.10,10.25,9.81,9.94,1655587,16468192,-0.16,586
104/08/07,9.90,10.70,9.85,10.50,4436727,45791811,+0.56,1585
104/08/10,10.40,10.55,10.25,10.40,1625301,16882746,-0.10,600
104/08/11,10.50,10.60,10.10,10.10,1396897,14498844,-0.30,549
104/08/12,10.10,10.45,9.95,10.45,2974902,30465737,+0.35,1138
104/08/13,10.45,10.45,10.30,10.35,1250898,12947930,-0.10,492
104/08/14,10.45,10.45,10.20,10.20,783247,8076555,-0.15,313
104/08/17,10.25,10.25,10.00,10.05,1386655,13978300,-0.15,433
104/08/18,10.15,10.20,9.97,10.05,1057322,10625840,0.00,413
104/08/19,10.10,10.25,9.96,9.99,1636840,16463840,-0.06,629
104/08/20,10.00,10.15,9.95,9.97,997460,9984720,-0.02,391
104/08/21,9.83,9.90,8.98,8.98,5110353,46960607,-0.99,1557
104/08/24,8.31,8.60,8.09,8.09,4020526,32785316,-0.89,908
104/08/25,7.30,8.65,7.30,8.45,5418130,43585020,+0.36,1841
104/08/26,8.10,8.80,8.10,8.63,2842411,24126519,+0.18,1066
104/08/27,8.75,8.85,8.65,8.66,2176041,19053803,+0.03,834
104/08/28,8.90,9.26,8.84,9.06,4619788,41978603,+0.40,1531
104/08/31,9.02,9.19,8.95,9.15,2772713,25264278,+0.09,956
104/09/01,9.25,9.88,9.23,9.56,4512277,43364733,+0.41,1579
104/09/02,9.41,9.50,9.10,9.50,1842254,17251188,-0.06,781
104/09/03,9.60,9.71,9.44,9.54,1966417,18857163,+0.04,780
104/09/04,9.55,9.88,9.55,9.60,5342445,52151638,+0.06,1871
104/09/07,9.65,9.79,9.55,9.63,1450020,14013156,+0.03,573
104/09/08,9.76,9.85,9.68,9.70,1572665,15375673,+0.07,677
104/09/09,10.05,10.15,9.92,10.05,4524980,45406328,+0.35,1443
104/09/10,10.00,10.25,9.90,10.05,2680627,27085280,0.00,940
104/09/11,10.05,10.15,9.95,9.96,1384203,13885493,-0.09,571
104/09/14,10.15,10.15,9.86,9.92,1373654,13699581,-0.04,438
104/09/15,10.00,10.05,9.86,9.86,1142583,11333022,-0.06,425
104/09/16,9.98,10.10,9.98,9.98,1864496,18691700,+0.12,687
104/09/17,10.25,10.75,10.25,10.45,7465219,78528818,+0.47,2455
104/09/18,10.55,10.85,10.45,10.50,5591440,59576540,+0.05,1660
104/09/21,10.30,10.35,10.15,10.20,2224260,22727769,-0.30,739
104/09/22,10.30,10.80,10.30,10.60,4998383,53270650,+0.40,1620
104/09/23,10.40,10.80,10.35,10.60,3732182,39701808,0.00,1188
104/09/24,10.75,10.80,10.25,10.25,3011600,31455546,-0.35,1018
104/09/25,10.25,10.45,10.15,10.35,1573861,16235665,+0.10,622
104/09/30,10.35,10.45,10.30,10.30,1452934,15039721,-0.05,542
104/10/01,10.50,10.65,10.35,10.55,3001588,31549835,+0.25,791
104/10/02,10.60,10.75,10.50,10.50,2196725,23331238,-0.05,724
104/10/05,10.65,10.75,10.60,10.65,2267447,24229001,+0.15,751
104/10/06,10.75,10.80,10.40,10.40,2617900,27665812,-0.25,723
104/10/07,10.50,10.60,10.45,10.50,1695821,17816368,+0.10,505
104/10/08,10.65,11.00,10.55,10.60,4319423,46437360,+0.10,1193
104/10/12,10.75,10.75,10.50,10.55,1966244,20808606,-0.05,514
104/10/13,10.60,10.65,10.50,10.65,1305792,13825950,+0.10,501
104/10/14,10.75,11.15,10.70,10.95,7942686,87298414,+0.30,2298
104/10/15,11.05,11.10,10.75,10.85,3343501,36349953,-0.10,999
104/10/16,10.90,11.60,10.90,11.20,7403242,83487628,+0.35,2375
104/10/19,11.30,11.40,11.10,11.20,2503261,28110466,0.00,742
104/10/20,11.30,11.70,11.20,11.60,6625638,76550582,+0.40,1875
104/10/21,11.75,11.75,11.30,11.45,5782691,66550703,-0.15,1675
104/10/22,11.40,11.70,11.35,11.55,3709942,42913927,+0.10,1095
104/10/23,11.85,12.00,11.60,11.60,5251223,61962020,+0.05,1602
104/10/26,11.65,11.85,11.55,11.60,2658070,30983101,0.00,707
104/10/27,11.65,11.85,11.60,11.60,3316842,38788248,0.00,1014
104/10/28,11.70,11.75,11.20,11.30,3327415,38083013,-0.30,1019
104/10/29,11.45,11.45,11.00,11.05,2206307,24671077,-0.25,784
104/10/30,11.15,11.35,10.90,11.10,3187950,35439936,+0.05,949
104/11/02,11.10,11.30,11.05,11.25,2276561,25501989,+0.15,1021
104/11/03,11.45,11.70,11.30,11.65,4772930,55129331,+0.40,1684
104/11/04,11.70,11.70,11.50,11.50,2291214,26570879,-0.15,793
104/11/05,11.50,11.70,11.50,11.55,1916622,22232395,+0.05,655
104/11/06,11.50,11.55,11.20,11.20,2675021,30245729,-0.35,883
104/11/09,11.30,11.30,10.85,10.85,2052039,22594714,-0.35,702
104/11/10,10.65,10.85,10.60,10.60,1840852,19672011,-0.25,683
104/11/11,10.70,10.80,10.15,10.15,2500064,26079300,-0.45,804
104/11/12,10.15,10.40,10.05,10.25,2167101,22150897,+0.10,649
104/11/13,10.10,10.30,10.05,10.15,1085489,11078858,-0.10,376
104/11/16,10.05,10.25,10.05,10.20,912412,9265857,+0.05,363
104/11/17,10.40,10.45,10.30,10.30,1061855,10986258,+0.10,420
104/11/18,10.35,10.55,10.30,10.35,2069936,21628227,+0.05,762
104/11/19,10.60,10.70,10.40,10.40,1553020,16344000,+0.05,644
104/11/20,10.40,10.50,10.25,10.30,788266,8147836,-0.10,397
104/11/23,10.45,10.9,10.45,10.75,4329633,46590144,0.45,1402
104/11/24,10.80,11.10,10.70,10.70,2497161,27133797,-0.05,874
104/11/25,10.85,10.95,10.70,10.85,2303170,25000229,+0.15,851
104/11/26,10.95,11.05,10.75,10.85,2461704,26823163,0.00,957
104/11/27,10.90,10.95,10.70,10.70,1358633,14665327,-0.15,518
104/11/30,10.80,11.75,10.80,11.75,8960540,103139135,+1.05,2198
104/12/01,12.00,12.65,12.00,12.55,27061523,333500574,+0.80,7048
104/12/02,12.60,13.80,12.35,13.70,29508049,386393276,+1.15,8496
104/12/03,13.70,14.20,13.15,13.35,21674122,298882295,-0.35,7026
104/12/04,13.10,14.40,13.05,14.10,22285273,308973522,+0.75,6550
104/12/07,14.10,14.20,13.35,13.40,14587821,199014135,-0.70,4565
104/12/08,13.35,13.40,12.70,12.70,10310196,133898118,-0.70,3255
104/12/09,12.90,13.20,12.30,12.95,12244682,156728550,+0.25,3610
104/12/10,12.95,13.40,12.75,13.05,13670955,178657665,+0.10,3740
104/12/11,12.90,13.00,12.05,12.10,7908190,99004030,-0.95,2867
104/12/14,11.85,12.50,11.65,12.35,6138493,74625706,+0.25,2026
104/12/15,12.70,13.55,12.65,13.55,16120447,213914086,+1.20,4469
104/12/16,13.75,13.85,13.10,13.10,13838788,185275364,-0.45,4003
104/12/17,13.35,13.90,13.35,13.60,13371888,182198068,+0.50,4438
104/12/18,13.30,13.80,13.25,13.50,7307693,98653526,-0.10,2386
104/12/21,13.45,14.00,13.45,13.55,9382710,129359720,+0.05,3254
104/12/22,13.65,13.80,13.35,13.35,6460272,87244271,-0.20,2058
104/12/23,13.50,13.60,13.25,13.45,5823933,78205845,+0.10,1807
104/12/24,13.55,13.80,12.85,12.85,13929284,186336270,-0.60,3549
104/12/25,12.85,13.10,12.55,13.00,4295646,55242598,+0.15,1659
104/12/28,13.20,13.45,13.00,13.05,3578195,47316785,+0.05,1235
104/12/29,13.00,13.15,12.80,12.80,2299567,29671496,-0.25,975
104/12/30,12.95,13.10,12.55,12.60,3491622,44461624,-0.20,1216
104/12/31,12.80,12.95,12.70,12.80,2993998,38461164,,1180
105/01/04,13.00,13.05,12.65,12.65,2637523,33818447,-0.15,960
105/01/05,12.60,12.80,12.40,12.40,2818805,35523234,-0.25,1070
105/01/06,12.55,12.65,11.90,12.00,3806760,46382620,-0.40,1572
105/01/07,11.95,12.20,11.10,11.40,4576445,53121815,-0.60,1748
105/01/08,11.35,12.45,11.35,12.30,5670308,68238581,+0.90,1995
105/01/11,12.15,12.15,11.80,11.85,2470859,29527470,-0.45,1023
105/01/12,12.05,12.15,11.30,11.40,2957876,34435762,-0.45,1265
105/01/13,11.65,11.75,11.20,11.50,3471195,39864082,+0.10,1211
105/01/14,11.35,11.70,11.10,11.40,3211106,36699837,-0.10,1201
105/01/15,11.80,11.90,11.35,11.35,2528395,29233835,-0.05,945
105/01/18,11.20,12.35,11.20,12.20,7069023,84637769,+0.85,2570
105/01/19,12.20,12.25,11.85,12.00,3171267,38051154,-0.20,1226
105/01/20,11.90,12.15,11.55,11.55,2458372,28977022,-0.45,1066
105/01/21,11.65,11.75,11.35,11.50,2400204,27651902,-0.05,901
105/01/22,11.65,11.75,11.50,11.50,1847523,21408406,0.00,679
105/01/25,11.60,11.75,11.55,11.55,1306400,15176664,+0.05,535
105/01/26,11.50,11.60,11.35,11.35,1079709,12338259,-0.20,518
105/01/27,11.50,11.55,11.30,11.35,1300524,14850743,0.00,524
105/01/28,11.40,11.50,11.35,11.45,928012,10595478,+0.10,428
105/01/29,11.45,11.70,11.45,11.60,2762531,32017604,+0.15,905
105/01/30,11.75,12.15,11.65,11.85,4084793,48533739,+0.25,1212
105/02/01,11.90,11.90,11.55,11.65,2508611,29301505,-0.20,646
105/02/02,11.75,11.80,11.50,11.55,2087212,24198074,-0.10,517
105/02/03,11.55,11.90,11.45,11.50,3488295,40684998,-0.05,1299
105/02/15,11.50,11.90,11.50,11.65,4516015,53071510,+0.15,1446
105/02/16,11.75,12.00,11.70,11.75,5910115,69977975,+0.10,2080
105/02/17,11.85,12.85,11.85,12.75,18469260,229873907,+1.00,5723
105/02/18,12.90,13.05,12.40,12.50,10552531,133576072,-0.25,3226
105/02/19,12.60,12.80,12.45,12.55,6242318,78970490,+0.05,2204
105/02/22,12.80,13.00,12.20,12.25,7112240,89253602,-0.30,2405
105/02/23,12.40,12.45,12.15,12.20,3675068,45064466,-0.05,1579
105/02/24,12.15,12.30,11.80,11.90,3721241,44591461,-0.30,1543
105/02/25,12.00,12.05,11.70,11.75,3252008,38456110,-0.15,1340
105/02/26,11.80,11.95,11.65,11.85,2226177,26311214,+0.10,978
105/03/01,11.90,12.00,11.85,11.90,2010377,23918857,+0.05,818
105/03/02,12.05,12.55,12.05,12.40,10329161,127511060,+0.50,3376
105/03/03,12.25,12.35,12.00,12.05,6290411,76435169,-0.35,2983
105/03/04,12.15,12.35,12.10,12.10,2787997,33984583,+0.05,1293
105/03/07,12.15,12.30,12.05,12.10,3075463,37359127,0.00,1160
105/03/08,12.10,12.55,12.10,12.30,7281765,89943221,+0.20,2214
105/03/09,12.40,12.50,12.05,12.10,3395751,41418996,-0.20,1109
105/03/10,12.00,12.20,11.90,11.90,3645037,43770594,-0.20,1255
105/03/11,12.00,12.20,12.00,12.05,2911256,35226928,+0.15,1004
105/03/14,12.20,12.30,11.95,12.05,3625828,43985108,0.00,1311
105/03/15,12.10,12.20,11.65,11.65,3267868,38808376,-0.40,1159
105/03/16,11.70,11.95,11.70,11.80,2087469,24615065,+0.15,691
105/03/17,11.90,12.10,11.70,11.75,2674840,31873631,-0.05,874
105/03/18,11.80,11.90,11.65,11.80,1993041,23349108,+0.05,763
105/03/21,11.80,11.85,11.65,11.70,1317280,15446235,-0.10,544
105/03/22,11.70,12.15,11.70,11.85,5071094,60659598,+0.15,1524
105/03/23,11.90,12.05,11.70,11.70,2174396,25737256,-0.15,738
105/03/24,11.70,11.70,11.45,11.50,1957525,22620887,-0.20,736
105/03/25,11.55,11.60,11.30,11.30,2172584,24732318,-0.20,757
105/03/28,11.35,11.35,11.00,11.00,2491004,27651985,-0.30,903
105/03/29,11.00,11.15,10.55,10.70,3327788,35970298,-0.30,1052
105/03/30,10.80,10.85,10.65,10.70,1652859,17764603,0.00,630
105/03/31,10.85,10.95,10.75,10.85,1134964,12303331,+0.15,589
105/04/01,10.85,10.90,10.65,10.75,802530,8608479,-0.10,398
105/04/06,10.65,10.65,10.40,10.40,1694698,17765146,-0.35,595
105/04/07,10.50,10.55,10.40,10.50,702143,7358287,+0.10,388
105/04/08,10.40,10.65,10.40,10.65,820791,8686901,+0.15,434
105/04/11,10.55,10.65,10.50,10.50,959389,10142192,-0.15,431
105/04/12,10.55,10.65,10.25,10.30,1631615,16969499,-0.20,606
105/04/13,10.40,10.60,10.35,10.60,1551010,16245892,+0.30,567
105/04/14,10.60,10.65,10.35,10.40,1570781,16458404,-0.20,517
105/04/15,10.50,10.50,10.30,10.35,776491,8062484,-0.05,381
105/04/18,10.35,10.45,10.30,10.35,580278,6014558,0.00,300
105/04/19,10.45,10.55,10.35,10.40,1057938,11060851,+0.05,425
105/04/20,10.40,10.50,10.20,10.20,1137990,11732638,-0.20,429
105/04/21,10.30,10.30,9.96,10.10,2565030,25789780,-0.10,897
105/04/22,10.00,10.10,9.50,9.68,2687888,26219269,-0.42,1131
105/04/25,9.56,9.93,9.50,9.70,1686631,16393658,+0.02,669
105/04/26,9.75,10.10,9.75,9.98,2075418,20681402,+0.28,783
105/04/27,10.05,10.05,9.84,9.85,748462,7408194,-0.13,413
105/04/28,9.90,9.94,9.69,9.69,810105,7893298,-0.16,381
105/04/29,9.71,9.88,9.63,9.72,922418,9002144,+0.03,410
105/05/03,9.78,9.85,9.68,9.68,648164,6323245,-0.04,335
105/05/04,9.72,9.77,9.52,9.52,902638,8691353,-0.16,369
105/05/05,9.53,9.58,9.36,9.46,1090060,10301658,-0.06,442
105/05/06,9.53,9.53,9.38,9.38,608479,5728657,-0.08,275
105/05/09,9.47,9.56,9.37,9.37,587405,5558539,-0.01,316
105/05/10,9.39,9.41,9.28,9.30,768410,7174068,-0.07,298
105/05/11,9.31,9.45,9.20,9.20,972665,9035798,-0.10,368
105/05/12,9.18,9.18,8.61,8.61,2728189,24168269,-0.59,1025
105/05/13,8.48,8.64,8.22,8.64,3238050,27313434,+0.03,1006
105/05/16,8.53,8.75,8.41,8.68,872254,7537979,+0.04,377
105/05/17,8.80,9.12,8.69,9.00,3018527,26808843,+0.32,1048
105/05/18,9.01,9.09,8.92,8.93,910655,8188340,-0.07,369
105/05/19,9.00,9.05,8.90,8.90,945591,8486435,-0.03,378
105/05/20,9.00,9.09,8.93,9.00,920012,8297758,+0.10,377
105/05/23,9.00,9.35,9.00,9.22,1122290,10323905,+0.22,490
105/05/24,9.21,9.50,9.21,9.46,2280814,21466634,+0.24,835
105/05/25,9.59,9.59,9.41,9.45,1478450,14012589,-0.01,647
105/05/26,9.53,10.05,9.53,9.93,4617847,45751903,+0.48,1776
105/05/27,9.95,9.97,9.81,9.85,1208286,11930914,-0.08,591
105/05/30,9.85,9.97,9.84,9.93,813781,8048881,+0.08,362
105/05/31,10.00,10.20,9.94,9.99,2065850,20710493,+0.06,844
105/06/01,10.00,10.10,9.96,9.99,1098371,10986683,0.00,449
105/06/02,9.99,9.99,9.64,9.67,2254735,22010202,-0.32,917
105/06/03,9.69,9.77,9.60,9.67,933028,9035562,0.00,464
105/06/04,9.71,9.87,9.70,9.73,656094,6411441,+0.06,274
105/06/06,9.70,9.70,9.55,9.56,684532,6562997,-0.17,348
105/06/07,9.64,9.75,9.64,9.69,771985,7500384,+0.13,373
105/06/08,9.75,9.76,9.61,9.64,467472,4521761,-0.05,253
105/06/13,9.50,9.53,9.38,9.38,754991,7124708,-0.26,293
105/06/14,9.48,9.74,9.48,9.65,1125596,10821514,+0.27,454
105/06/15,9.60,9.87,9.59,9.80,1037005,10117161,+0.15,434
105/06/16,9.80,9.85,9.64,9.75,725384,7053445,-0.05,317
105/06/17,9.79,9.84,9.70,9.79,809403,7911749,+0.04,281
105/06/20,9.85,9.88,9.79,9.85,1515132,14893393,+0.06,473
105/06/21,9.95,9.95,9.85,9.85,1034246,10236976,0.00,394
105/06/22,9.86,10.10,9.86,10.00,1906132,19045084,+0.15,726
105/06/23,10.10,10.15,9.88,9.90,1497001,14956706,-0.10,571
105/06/24,9.92,9.95,9.40,9.40,1981240,19058968,-0.50,694
105/06/27,9.40,9.57,9.40,9.50,914029,8683026,+0.10,379
105/06/28,9.50,9.63,9.50,9.57,872708,8362983,+0.07,311
105/06/29,9.94,9.98,9.76,9.85,1808823,17849703,+0.28,650
105/06/30,9.93,10.15,9.92,9.94,3596137,36034108,+0.09,1165
105/07/01,10.00,10.25,9.95,10.00,2570775,25915622,+0.06,865
105/07/04,9.91,9.95,9.85,9.85,1363698,13492547,-0.15,474
105/07/05,9.86,9.95,9.86,9.90,586139,5815024,+0.05,247
105/07/06,10.05,10.05,9.85,9.85,1174259,11668982,-0.05,468
105/07/07,9.99,10.05,9.86,9.86,1082273,10746759,+0.01,435
105/07/11,9.95,9.98,9.85,9.86,921860,9128297,0.00,420
105/07/12,9.95,10.10,9.91,10.00,2081181,20795615,+0.14,713
105/07/13,10.00,10.05,9.95,10.05,1140213,11410720,+0.05,449
105/07/14,10.10,10.10,9.95,9.95,984145,9837575,-0.10,478
105/07/15,10.05,10.10,9.98,9.98,1206256,12082435,+0.03,606
105/07/18,10.10,10.15,9.99,10.00,1532326,15404831,+0.02,506
105/07/19,10.05,10.10,9.93,9.94,789569,7878165,-0.06,297
105/07/20,9.96,9.99,9.90,9.91,922516,9165545,-0.03,469
105/07/21,9.95,10.05,9.93,9.98,1189094,11863267,+0.07,485
105/07/22,10.05,10.25,10.00,10.10,3701538,37645080,+0.12,1129
105/07/25,10.20,10.20,9.95,9.95,1629060,16341819,-0.15,508
105/07/26,9.95,10.00,9.93,9.96,398690,3972705,+0.01,185
105/07/27,10.05,10.05,9.94,9.94,675902,6742418,-0.02,249
105/07/28,9.94,9.95,9.72,9.73,1698334,16710910,-0.21,609
105/07/29,9.76,9.83,9.67,9.74,1227635,11968599,+0.01,308
105/08/01,10.00,10.20,9.86,10.00,2923083,29329036,+0.26,814
105/08/02,10.25,10.25,9.96,9.96,1509692,15181994,-0.04,474
105/08/03,9.92,9.92,9.84,9.85,778554,7687388,-0.11,332
105/08/04,9.90,9.94,9.81,9.81,578778,5691433,-0.04,335
105/08/05,9.85,9.85,9.76,9.76,851586,8334563,-0.05,386
105/08/08,9.78,9.87,9.75,9.75,509789,4982687,-0.01,275
105/08/09,9.77,9.85,9.68,9.68,817280,7956085,-0.07,375
105/08/10,9.70,9.77,9.62,9.62,758830,7329407,-0.06,325
105/08/11,9.63,9.73,9.51,9.51,955888,9151389,-0.11,382
105/08/12,9.54,9.59,9.44,9.44,620078,5879395,-0.07,294
105/08/15,9.46,9.48,9.14,9.18,1242672,11513021,-0.26,554
105/08/16,9.18,9.55,9.18,9.44,1485043,13911487,+0.26,596
105/08/17,9.46,9.51,9.25,9.28,855672,7983048,-0.16,386
105/08/18,9.31,9.46,9.31,9.38,666774,6271637,+0.10,302
105/08/19,9.40,9.46,9.27,9.27,691571,6461514,-0.11,381
105/08/22,9.25,9.32,9.18,9.19,750271,6911257,-0.08,336
105/08/23,9.23,9.25,9.16,9.19,237336,2182410,0.00,160
105/08/24,9.20,9.29,9.18,9.19,513005,4724572,0.00,249
105/08/25,9.29,9.30,9.19,9.28,1118243,10349455,+0.09,511
105/08/26,9.24,9.29,9.20,9.20,540983,4986604,-0.08,281
105/08/29,9.20,9.25,9.16,9.19,474114,4359606,-0.01,298
105/08/30,9.13,9.29,9.13,9.18,885851,8144743,-0.01,440
105/08/31,9.20,9.24,9.15,9.24,890117,8180766,+0.06,441
105/09/01,9.24,9.29,9.20,9.20,1000552,9253542,-0.04,381
105/09/02,9.21,9.21,9.01,9.01,1419842,12923681,-0.19,584
105/09/05,9.07,9.11,9.02,9.02,435160,3935404,+0.01,186
105/09/06,9.03,9.10,9.03,9.05,288909,2618511,+0.03,131
105/09/07,9.03,9.09,9.02,9.04,664267,6011103,-0.01,365
105/09/08,9.03,9.14,9.03,9.06,1106329,10050671,+0.02,400
105/09/09,9.10,9.16,9.04,9.04,989392,9000328,-0.02,345
105/09/10,9.04,9.04,8.99,9.00,787269,7090766,-0.04,278
105/09/12,9.03,9.27,9.03,9.07,1671023,15284738,+0.07,590
105/09/13,9.11,9.17,8.88,8.93,1030506,9248133,-0.14,390
105/09/14,9.04,9.04,8.91,8.94,701304,6274547,+0.01,286
105/09/19,8.92,8.96,8.90,8.90,611129,5458712,-0.04,290
105/09/20,8.90,8.90,8.55,8.59,2155684,18650181,-0.31,893
105/09/21,8.60,8.75,8.60,8.70,1116386,9704921,+0.11,498
105/09/22,8.73,8.83,8.70,8.72,1037721,9102255,+0.02,508
105/09/23,8.79,8.81,8.74,8.74,568514,4982562,+0.02,258
105/09/26,8.84,8.84,8.74,8.75,475845,4176003,+0.01,203
105/09/29,8.82,8.89,8.78,8.78,759852,6700855,+0.03,288
105/09/30,8.75,8.75,8.65,8.65,556163,4840500,-0.13,229
105/10/03,8.73,8.76,8.69,8.69,380913,3320393,+0.04,169
105/10/04,8.70,8.90,8.69,8.88,1397566,12362196,+0.19,570
105/10/05,8.91,8.99,8.90,8.93,921805,8253193,+0.05,361
105/10/06,9.02,9.25,9.02,9.22,2137870,19610182,+0.29,870
105/10/07,9.23,9.30,9.12,9.12,882006,8104229,-0.10,372
105/10/11,9.24,9.26,8.93,8.93,1045402,9448104,-0.19,412
105/10/12,8.95,9.09,8.95,9.04,597125,5391250,+0.11,268
105/10/13,9.06,9.15,9.00,9.00,947363,8581531,-0.04,427
105/10/14,9.00,9.06,8.88,8.88,796170,7109307,-0.12,270
105/10/17,8.88,9.00,8.87,8.90,359136,3195787,+0.02,151
105/10/18,8.90,8.90,8.84,8.86,316037,2801212,-0.04,134
105/10/19,8.88,8.91,8.82,8.83,439903,3900577,-0.03,204
105/10/20,8.98,9.03,8.91,8.91,820700,7349501,+0.08,281
105/10/21,9.01,9.01,8.91,8.92,366570,3280830,+0.01,164
105/10/24,8.92,8.93,8.83,8.83,481767,4269599,-0.09,204
105/10/25,8.85,8.93,8.82,8.86,324304,2865951,+0.03,144
105/10/26,8.86,8.95,8.86,8.86,492219,4370260,0.00,191
105/10/27,8.87,8.90,8.83,8.83,361432,3199227,-0.03,161
105/10/28,8.85,8.85,8.74,8.74,446101,3920484,-0.09,195
105/10/31,8.80,8.80,8.72,8.73,297856,2608118,-0.01,125
105/11/01,8.72,8.78,8.69,8.74,432451,3776084,+0.01,160
105/11/02,8.74,8.88,8.70,8.72,1405534,12399846,-0.02,560
105/11/03,8.74,8.78,8.57,8.60,750343,6493451,-0.12,258
105/11/04,8.59,9.40,8.59,9.24,7667895,69207043,+0.64,2356
105/11/07,9.28,9.30,9.08,9.10,2093651,19190759,-0.14,771
105/11/08,9.15,9.17,9.01,9.05,946090,8579114,-0.05,388
105/11/09,9.08,9.12,8.50,8.55,1831746,16025979,-0.50,673
105/11/10,8.80,9.05,8.71,8.92,2018414,17948726,+0.37,779
105/11/11,8.87,8.87,8.65,8.67,1340788,11678855,-0.25,444
105/11/14,8.65,8.68,8.50,8.58,1104313,9460739,-0.09,422
105/11/15,8.58,8.66,8.58,8.60,334240,2877088,+0.02,204
105/11/16,8.65,9.08,8.64,9.08,4101917,36635261,+0.48,1045
105/11/17,9.10,9.18,8.94,9.18,7642068,69475172,+0.10,2031
105/11/18,9.25,9.48,9.21,9.35,10826468,101059433,+0.17,2816
105/11/21,9.32,9.36,9.27,9.28,1983744,18439146,-0.07,718
105/11/22,9.28,9.88,9.28,9.55,7491130,72494806,+0.27,2463
105/11/23,9.60,9.69,9.46,9.46,2153492,20471991,-0.09,776
105/11/24,9.50,9.68,9.30,9.30,2486243,23444710,-0.16,917
105/11/25,9.40,9.99,9.36,9.97,12251109,119817278,+0.67,2939
105/11/28,10.00,10.10,9.68,9.70,6365046,63184571,-0.27,1696
105/11/29,9.70,9.84,9.67,9.69,1460469,14214623,-0.01,640
105/11/30,9.69,9.83,9.68,9.69,1430952,13930118,0.00,503
105/12/01,9.77,9.94,9.75,9.78,1925181,18945592,+0.09,717
105/12/02,9.80,9.85,9.48,9.48,2070480,19884248,-0.30,790
105/12/05,9.45,9.59,9.42,9.42,1229779,11642073,-0.06,526
105/12/06,9.55,9.66,9.46,9.46,1451801,13873615,+0.04,572
105/12/07,9.48,9.54,9.31,9.39,1597711,15005577,-0.07,552
105/12/08,9.52,9.85,9.52,9.70,5269633,51253223,+0.31,1863
105/12/09,9.74,9.85,9.65,9.66,1719513,16701168,-0.04,588
105/12/12,9.70,9.74,9.53,9.53,1062081,10206745,-0.13,431
105/12/13,9.53,9.65,9.51,9.51,805291,7693684,-0.02,333
105/12/14,9.53,10.15,9.53,9.95,11027837,109423505,+0.44,2889
105/12/15,9.90,10.35,9.72,10.30,7894603,79325688,+0.35,2183
105/12/16,10.60,11.30,10.50,11.30,31964474,352406243,+1.00,7126
105/12/19,11.40,12.15,11.40,11.45,40208447,471654426,+0.15,9230
105/12/20,11.50,12.55,11.25,12.45,40399145,486748970,+1.00,9282
105/12/21,12.45,13.00,12.00,12.75,34065027,429822509,+0.30,9126
105/12/22,12.70,13.00,12.55,12.80,16193448,206487604,+0.05,4612
105/12/23,12.70,12.75,12.35,12.60,15032488,188370437,-0.20,3941
105/12/26,12.85,13.25,12.60,12.60,14319712,183704003,0.00,3850
105/12/27,12.70,12.90,12.20,12.75,13009043,163112230,+0.15,3850
105/12/28,12.60,13.65,12.55,13.40,27637780,363754389,+0.65,7577
105/12/29,13.30,13.60,13.15,13.15,12290839,164708676,-0.25,3673
105/12/30,13.35,14.45,13.25,14.40,43673484,618851020,+1.25,9988
106/01/03,14.30,14.60,14.10,14.35,21771954,311984066,-0.05,5814
106/01/04,14.40,14.85,14.25,14.25,35026791,508796312,-0.10,8429
106/01/05,14.40,14.65,14.15,14.45,13818078,198665981,+0.20,3796
106/01/06,14.60,14.70,14.15,14.15,15988540,230168989,-0.30,3893
106/01/09,14.25,14.35,13.80,14.10,15648904,219541906,-0.05,3613
106/01/10,14.20,14.25,13.70,13.80,10697996,148612271,-0.30,2902
106/01/11,13.90,14.05,13.75,13.80,5007640,69496458,0.00,1677
106/01/12,14.00,14.65,13.90,13.95,21690621,309826772,+0.15,6226
106/01/13,13.85,14.05,13.55,13.85,10200062,140654541,-0.10,2831
106/01/16,13.90,14.05,13.75,13.85,5130208,71366838,0.00,1812
106/01/17,13.90,14.00,13.65,13.75,4752105,65502698,-0.10,1410
106/01/18,13.75,14.40,13.75,14.05,15282287,216639879,+0.30,4460
106/01/19,14.05,15.10,14.05,14.40,31569097,463319236,+0.35,9141
106/01/20,14.65,14.70,14.05,14.05,10619745,151799480,-0.35,3351
106/01/23,14.20,14.75,14.05,14.50,11029258,158953093,+0.45,3245
106/01/24,14.65,14.70,14.20,14.20,7423986,106777191,-0.30,2181
106/02/02,14.40,15.60,14.25,15.30,37228417,564660754,+1.10,9300
106/02/03,15.70,16.50,15.00,15.45,44852096,705723539,+0.15,11873
106/02/06,15.40,16.20,15.15,15.90,19260213,302181862,+0.45,5595
106/02/07,15.90,16.75,15.85,16.20,26371009,431837356,+0.30,7521
106/02/08,16.40,16.90,16.05,16.70,27609928,457459419,+0.50,7525
106/02/09,16.70,17.60,16.65,17.50,36435650,628329438,+0.80,10048
106/02/10,18.00,18.05,16.45,16.55,26987420,463336443,-0.95,8255
106/02/13,16.60,17.10,16.25,16.45,13596000,225207045,-0.10,4076
106/02/14,16.60,16.70,15.60,15.75,14935678,238670640,-0.70,4800
106/02/15,16.05,16.40,15.95,16.30,10339951,167607224,+0.55,3636
106/02/16,16.35,16.90,16.15,16.20,19739787,326696493,-0.10,5939
106/02/17,16.30,16.45,15.90,16.00,9761320,157445375,-0.20,3230
106/02/18,16.20,16.45,15.95,16.10,7501438,121307705,+0.10,2547
106/02/20,16.35,16.35,15.80,15.95,6985634,112101660,-0.15,2301
106/02/21,16.10,16.30,15.55,16.20,9555474,153030009,+0.25,2942
106/02/22,16.30,16.80,16.25,16.30,14123128,233506588,+0.10,4448
106/02/23,16.35,16.50,16.15,16.20,4898721,79739695,-0.10,1558
106/02/24,16.30,16.40,16.15,16.30,3765380,61232387,+0.10,1172
106/03/01,16.80,16.85,16.25,16.25,9710662,161246825,-0.05,3191
106/03/02,16.50,16.50,16.00,16.00,5653428,91713898,-0.25,2019
106/03/03,16.15,16.20,15.85,15.95,4506633,72237102,-0.05,1470
106/03/06,16.00,16.10,15.60,15.65,3171431,50183073,-0.30,1248
106/03/07,15.75,15.95,15.70,15.95,3481524,55163012,+0.30,1244
106/03/08,15.95,15.95,15.50,15.55,3979882,62240710,-0.40,1569
106/03/09,15.70,15.75,14.90,15.05,6528201,99311306,-0.50,2293
106/03/10,14.95,15.20,14.15,15.20,8469634,124000157,+0.15,2738
106/03/13,15.40,16.20,15.20,16.20,16979369,270362663,+1.00,4989
106/03/14,16.05,16.15,15.75,16.00,5893383,94149102,-0.20,1924
106/03/15,16.05,16.15,15.50,15.50,6290406,98951608,-0.50,1948
106/03/16,15.65,15.75,15.40,15.50,3688121,57267771,0.00,1333
106/03/17,15.50,16.80,15.45,16.65,29616048,484999376,+1.15,8136
106/03/20,16.80,17.60,16.40,17.20,36433423,622331981,+0.55,10539
106/03/21,17.20,17.50,16.50,17.10,19662876,333217308,-0.10,5787
106/03/22,16.60,17.75,16.55,17.75,26176829,452839331,+0.65,7448
106/03/23,18.30,19.50,18.00,19.00,84705409,1582142558,+1.25,19901
106/03/24,19.20,19.30,18.30,18.30,39006160,735622171,-0.70,9742
106/03/27,18.30,18.85,17.70,17.75,21846844,400324884,-0.55,6551
106/03/28,18.95,19.50,17.90,18.90,98938709,1874617540,+1.15,20634
106/03/29,19.70,19.95,18.90,19.85,67088223,1311470466,+0.95,15750
106/03/30,19.85,21.75,19.55,21.40,88913322,1856755574,+1.55,22943
106/03/31,22.30,23.00,21.20,21.55,76562813,1689568619,+0.15,20056
106/04/05,22.00,22.00,20.90,20.90,42536341,912419761,-0.65,10460
106/04/06,21.40,21.75,20.90,21.05,38473542,818658326,+0.15,9536
106/04/07,21.45,21.65,20.30,20.65,38747460,807057512,-0.40,10249
106/04/10,20.70,21.60,20.50,21.60,22405001,472804987,+0.95,6094
106/04/11,21.75,22.70,20.55,20.55,41907249,914513441,-1.05,11447
106/04/12,21.20,22.05,20.75,21.40,42126743,902717899,+0.85,9828
106/04/13,21.60,22.10,21.00,21.00,26843178,578264238,-0.40,8049
106/04/14,20.80,21.20,19.60,19.70,36068777,729813729,-1.30,9729
106/04/17,20.15,20.75,19.75,20.50,30509134,619159271,+0.80,8076
106/04/18,20.65,20.85,20.25,20.55,20343886,417436515,+0.05,5654
106/04/19,20.35,20.55,20.05,20.15,12375955,250884972,-0.40,4010
106/04/20,20.15,20.20,18.40,19.10,30196520,579899569,-1.05,9180
106/04/21,19.40,19.65,19.10,19.40,14327255,278095065,+0.30,4329
106/04/24,19.00,19.00,17.60,18.00,35191923,640334140,-1.40,9814
106/04/25,18.35,18.55,17.90,18.10,19350064,352459342,+0.10,5475
106/04/26,18.25,18.85,18.05,18.65,19224818,356486845,+0.55,5728
106/04/27,18.75,19.60,18.60,19.35,23685332,455180436,+0.70,7085
106/04/28,19.45,19.55,18.80,18.90,13572334,259046502,-0.45,4322
106/05/02,19.05,19.05,18.30,18.55,11034115,205191313,-0.35,3327
106/05/03,18.70,18.80,18.20,18.25,8710723,160159532,-0.30,2839
106/05/04,18.35,18.70,18.10,18.70,11239721,207515907,+0.45,3320
106/05/05,19.40,19.45,18.30,18.30,18278824,346335722,-0.40,5858
106/05/08,18.40,18.55,18.15,18.40,8711771,159924230,+0.10,2418
106/05/09,18.45,18.45,17.35,17.35,19369745,341470053,-1.05,5145
106/05/10,17.50,17.80,17.15,17.80,9536201,167032541,+0.45,2640
106/05/11,17.80,18.45,17.75,18.00,12554659,227734662,+0.20,3829
106/05/12,17.90,18.50,17.90,18.20,10075055,183347241,+0.20,3015
106/05/15,18.30,18.45,18.00,18.00,5333062,97117302,-0.20,1796
106/05/16,18.05,18.20,17.40,17.70,9431230,166853448,-0.30,2860
106/05/17,17.65,17.85,17.35,17.40,5693306,99568136,-0.30,1822
106/05/18,17.15,17.75,16.65,17.75,9584464,166856076,+0.35,3446
106/05/19,17.85,17.90,17.55,17.55,3961538,70145931,-0.20,1462
106/05/22,17.70,18.90,17.70,18.85,24186652,448917859,+1.30,7333
106/05/23,19.05,19.15,18.45,18.45,13483086,253815910,-0.40,4424
106/05/24,18.60,18.80,18.45,18.50,5511212,102515683,+0.05,1938
106/05/25,18.80,19.20,18.65,18.75,12893686,244407916,+0.25,4253
106/05/26,18.75,18.80,18.50,18.55,4132940,76860986,-0.20,1394
106/05/31,18.75,19.15,18.60,18.75,8888142,167985100,+0.20,2582
106/06/01,18.85,19.25,18.80,19.05,9648951,183988261,+0.30,3071
106/06/02,19.20,19.40,18.95,19.15,9669903,185133537,+0.10,3026
106/06/03,19.45,20.25,19.30,20.00,24754263,492073810,+0.85,7745
106/06/05,20.00,20.15,19.70,19.70,9767794,194088129,-0.30,3373
106/06/06,20.00,20.00,19.50,19.50,5660318,111252061,-0.20,2001
106/06/07,19.50,19.65,19.05,19.05,6033454,116361486,-0.45,2127
106/06/08,19.25,19.75,19.25,19.60,6609713,128735390,+0.55,2464
106/06/09,19.80,19.80,19.35,19.40,5702405,111394045,-0.20,1994
106/06/12,18.95,19.35,18.90,19.05,4981392,95133960,-0.35,1698
106/06/13,19.20,19.25,18.70,18.70,3989904,75454247,-0.35,1504
106/06/14,18.85,18.95,17.45,18.25,11033781,200022347,-0.45,3689
106/06/15,18.25,18.55,18.05,18.35,6077109,111525440,+0.10,1977
106/06/16,18.60,18.75,18.40,18.50,6072225,112858488,+0.15,2002
106/06/19,18.60,19.20,18.50,19.20,7565196,143634172,+0.70,2669
106/06/20,19.35,19.70,18.80,18.80,10850426,209773892,-0.40,3687
106/06/21,18.80,18.95,18.60,18.85,3912576,73599064,+0.05,1445
106/06/22,19.00,19.05,18.65,18.65,3022338,56978040,-0.20,1071
106/06/23,18.80,18.90,18.50,18.55,3028609,56400432,-0.10,1198
106/06/26,18.75,18.80,18.50,18.50,2518505,46858281,-0.05,876
106/06/27,18.50,18.65,18.25,18.25,2650799,48868012,-0.25,983
106/06/28,18.25,18.55,18.00,18.20,5643057,102733173,-0.05,1742
106/06/29,18.30,18.45,17.90,17.90,3846801,69773679,-0.30,1399
106/06/30,17.80,18.30,17.70,18.30,3475186,62646827,+0.40,1268
106/07/03,18.30,18.35,17.80,17.80,4011862,72094826,-0.50,1588
106/07/04,17.70,18.50,17.65,18.25,8531890,155199944,+0.45,2864
106/07/05,18.25,18.30,17.95,18.10,3247045,58734358,-0.15,1297
106/07/06,18.10,18.60,17.95,18.30,5873475,107443686,+0.20,2114
106/07/07,18.20,18.50,18.10,18.25,4172163,76374994,-0.05,1416
106/07/10,18.35,18.90,18.35,18.55,8866930,165240996,+0.30,3010
106/07/11,18.70,18.80,18.20,18.20,5793559,107281112,-0.35,1963
106/07/12,18.30,18.55,18.20,18.45,3721088,68523345,+0.25,1425
106/07/13,18.70,19.40,18.60,19.35,25572616,490666847,+0.90,7212
106/07/14,19.55,20.10,19.40,20.00,28955128,574193860,+0.65,8634
106/07/17,20.55,20.80,19.80,19.85,23351958,472321547,-0.15,6507
106/07/18,19.90,20.35,19.85,20.30,14048375,282841840,+0.45,4326
106/07/19,20.45,20.50,19.65,19.65,11612407,232172229,-0.65,4179
106/07/20,19.75,19.95,19.40,19.40,8276925,162590385,-0.25,2874
106/07/21,19.65,20.15,19.45,19.90,16206960,322980988,+0.50,4820
106/07/24,19.85,19.90,19.65,19.65,6187168,122117263,-0.25,1909
106/07/25,19.70,21.25,19.50,21.25,41810090,854066096,+1.60,11811
106/07/26,21.50,22.25,20.60,20.80,70178637,1512102576,-0.45,18828
106/07/27,20.80,21.40,20.60,21.20,29165955,612529424,+0.40,7863
106/07/28,21.80,22.10,20.70,20.70,75986160,1634680846,-0.50,20154
106/07/31,20.75,21.05,20.55,20.55,20523599,425506985,-0.15,6272
106/08/01,20.70,21.10,20.65,21.00,19216501,401978271,+0.45,5278
106/08/02,21.40,21.40,20.85,21.10,16168561,340837437,+0.10,4262
106/08/03,20.90,22.10,20.75,21.60,44913031,969640186,+0.50,12324
106/08/04,22.15,22.85,21.25,21.30,56266507,1242864121,-0.30,16556
106/08/07,21.55,22.00,21.30,21.85,30441166,661204489,+0.55,8127
106/08/08,22.00,22.05,21.30,21.40,14283581,307797341,-0.45,4393
106/08/09,20.70,21.05,20.35,20.50,22661594,468039038,-0.90,6546
106/08/10,20.90,20.90,19.85,20.00,16951831,343459235,-0.50,5283
106/08/11,19.80,20.30,19.70,19.90,13779195,275329309,-0.10,3839
106/08/14,20.10,20.15,19.25,19.25,12096601,236495707,-0.65,3718
106/08/15,19.70,20.25,19.55,19.55,11260521,222873622,+0.30,3847
106/08/16,19.50,20.35,19.30,20.05,13941337,278006890,+0.50,4892
106/08/17,20.30,20.50,19.80,20.40,12543074,254074089,+0.35,4037
106/08/18,20.10,20.85,20.00,20.45,19318281,395648352,+0.05,5866
106/08/21,20.45,20.90,20.45,20.70,10853920,225072531,+0.25,3723
106/08/22,20.90,21.30,20.70,20.80,16172247,339310476,+0.10,4980
106/08/23,21.15,21.45,20.80,20.80,18256934,385604010,0.00,5607
106/08/24,20.90,21.30,20.80,20.85,10629498,223305214,+0.05,3178
106/08/25,20.90,21.25,20.80,20.85,11444710,240083755,0.00,3253
106/08/28,21.20,21.80,20.95,21.80,30133375,646373291,+0.95,8450
106/08/29,21.70,21.70,21.25,21.25,16783680,360067242,-0.55,4997
106/08/30,21.45,21.60,20.75,20.75,19623832,414698946,-0.50,6003
106/08/31,20.90,21.25,20.70,20.80,13431509,281195028,+0.05,3670
106/09/01,21.10,21.30,20.85,21.10,12449097,263178225,+0.30,3540
106/09/04,21.20,22.60,21.00,22.20,44855993,985708418,+1.10,12295
106/09/05,22.70,24.40,22.50,24.40,130712017,3129274293,+2.20,25816
106/09/06,25.00,26.45,24.60,26.00,188670993,4803536745,+1.60,50244
106/09/07,25.80,26.70,24.90,25.00,82975896,2141071115,-1.00,24986
106/09/08,25.50,26.70,25.00,26.60,69180318,1789179790,+1.60,20600
106/09/11,28.00,29.25,27.30,29.25,74820829,2126729451,+2.65,18753
106/09/12,29.60,30.10,28.35,28.55,102561879,2997682896,-0.70,32693
106/09/13,29.10,29.60,27.45,27.85,60335765,1718066766,-0.70,20341
106/09/14,28.55,29.25,28.15,28.65,66566391,1913088060,+0.80,21134
106/09/15,29.05,29.45,28.60,28.60,52753580,1530150236,-0.05,16291
106/09/18,28.95,29.25,28.30,28.55,38947950,1124127387,-0.05,12916
106/09/19,28.90,30.70,28.80,29.10,89477732,2664194560,+0.55,28025
106/09/20,30.00,30.40,28.90,29.35,53624742,1590840603,+0.25,17419
106/09/21,29.60,29.95,28.70,29.15,35890268,1048932081,-0.20,11800
106/09/22,29.90,30.45,29.25,30.45,84620124,2531609605,+1.30,25247
106/09/25,31.20,31.45,30.05,30.50,80575595,2481017161,+0.05,25516
106/09/26,30.30,30.30,27.45,27.45,71101197,2048528768,-3.05,23941
106/09/27,27.30,28.10,26.65,28.10,77689844,2137008582,+0.65,23755
106/09/28,28.30,28.65,27.60,27.60,32380624,908903004,-0.50,11277
106/09/29,27.30,27.40,25.95,26.50,46998449,1251625387,-1.10,15254
106/09/30,27.10,27.65,26.90,27.40,24337610,665685850,+0.90,8241
106/10/02,27.75,27.95,27.15,27.70,17739222,490399328,+0.30,6409
106/10/03,27.95,28.90,27.80,28.15,43122685,1225150204,+0.45,14464
106/10/05,28.55,29.70,28.40,29.70,61699032,1796096518,+1.55,18575
106/10/06,29.90,29.90,29.00,29.30,29782183,873762746,-0.40,10161
106/10/11,29.60,29.95,28.80,29.00,24608233,721899306,-0.30,7810
106/10/12,28.80,31.55,28.80,30.85,100447771,3073961561,+1.85,33619
106/10/13,31.10,32.20,30.75,30.75,85147119,2678789221,-0.10,27914
106/10/16,31.85,32.80,31.55,32.45,70355249,2274373413,+1.70,24443
106/10/17,32.80,32.80,31.30,31.45,46818576,1494380480,-1.00,16028
106/10/18,31.95,32.20,30.95,31.20,30273611,952852106,-0.25,10441
106/10/19,31.40,32.50,31.00,32.20,40283553,1288975964,+1.00,13858
106/10/20,32.30,33.70,32.15,33.55,72602251,2401165732,+1.35,24491
106/10/23,34.00,36.90,33.45,36.90,89038867,3124193542,+3.35,31072
106/10/24,36.90,37.75,36.50,37.00,75020007,2783184459,+0.10,27188
106/10/25,37.15,39.45,36.95,39.10,85382904,3286021506,+2.10,31305
106/10/26,38.50,39.00,37.90,38.35,44028326,1689034591,-0.75,16504
106/10/27,38.85,40.15,34.55,35.20,108333880,4070345236,-3.15,39743
106/10/30,36.55,37.00,34.80,37.00,57617351,2076707074,+1.80,21760
106/10/31,37.70,38.60,36.65,37.60,56384130,2117925397,+0.60,21194
106/11/01,37.65,37.90,36.70,36.70,39479034,1465856062,-0.90,15550
106/11/02,36.35,37.70,36.25,36.35,37190348,1372715073,-0.35,13805
106/11/03,36.35,36.50,34.60,34.85,43234854,1523254120,-1.50,16048
106/11/06,36.50,36.85,35.75,36.10,28972354,1047897001,+1.25,11424
106/11/07,36.70,39.65,36.40,39.25,76720173,2937848448,+3.15,28054
106/11/08,39.95,41.25,39.00,40.40,111977328,4510871021,+1.15,40938
106/11/09,41.00,42.45,37.65,39.20,115225708,4663073539,-1.20,42711
106/11/10,40.00,43.10,39.30,43.10,98074341,4062475366,+3.90,37724
106/11/13,43.15,44.65,41.50,41.50,132346363,5723604032,-1.60,48373
106/11/14,41.80,42.65,39.50,40.50,82981780,3417832042,-1.00,33185
106/11/15,40.50,42.00,39.90,42.00,40379101,1655036842,+1.50,16799
106/11/16,41.50,42.15,40.55,40.55,41529747,1721638078,-1.45,16734
106/11/17,41.30,41.80,40.80,41.35,34753755,1435584426,+0.80,13939
106/11/20,41.80,43.00,41.60,42.15,42332563,1794790670,+0.80,17664
106/11/21,43.05,46.35,42.75,46.35,107909881,4852347914,+4.20,41098
106/11/22,47.50,47.70,44.85,46.60,96682398,4518657026,+0.25,39070
106/11/23,46.30,47.75,45.70,47.75,51070336,2398541237,+1.15,22609
106/11/24,48.05,48.10,46.70,46.80,37019515,1751387313,-0.95,15570
106/11/27,47.45,48.60,46.65,47.15,46066327,2194822123,+0.35,19883
106/11/28,46.80,46.90,45.30,45.85,45510100,2095555000,-1.30,19435
106/11/29,46.40,47.40,45.90,46.05,35583520,1658064558,+0.20,15906
106/11/30,44.50,45.80,44.00,45.80,45927156,2053305630,-0.25,17538
106/12/01,45.70,46.70,42.05,43.35,44705744,1995026060,-2.45,19106
106/12/04,44.00,44.85,42.80,43.30,33827689,1480377348,-0.05,14349
106/12/05,41.85,42.10,39.00,39.00,62297375,2506918675,-4.30,26184
106/12/06,38.70,39.65,35.60,36.10,60072236,2261704007,-2.90,22711
106/12/07,37.70,38.60,36.70,38.20,44919624,1695189658,+2.10,19864
106/12/08,38.35,40.05,37.30,39.70,71225275,2766875380,+1.50,27855
106/12/11,39.60,40.50,38.75,40.00,35012450,1388774381,+0.30,14999
106/12/12,40.40,41.90,40.00,40.50,41586594,1705742169,+0.50,18512
106/12/13,40.50,41.45,39.80,40.05,27935562,1129269933,-0.45,12209
106/12/14,40.30,40.90,38.30,38.55,28768095,1141704734,-1.50,12321
106/12/15,38.30,39.75,37.60,39.75,29568804,1140001889,+1.20,13349
106/12/18,40.45,40.85,39.80,39.80,26548425,1067997995,+0.05,10694
106/12/19,40.20,40.75,39.35,40.00,19554796,783849349,+0.20,8386
106/12/20,39.50,40.80,39.30,40.75,22306993,897992946,+0.75,9133
106/12/21,40.85,42.65,40.80,41.35,55348883,2322643726,+0.60,22252
106/12/22,41.80,42.05,41.00,41.80,21600680,896672871,+0.45,8781
106/12/25,41.80,41.95,40.90,41.00,12200902,505198314,-0.80,5115
106/12/26,41.65,43.30,41.30,42.00,49968342,2111629069,+1.00,21587
106/12/27,42.50,42.95,40.90,41.35,38654341,1619416425,-0.65,16070
106/12/28,41.95,42.50,41.55,42.15,23386862,984661169,+0.80,9851
106/12/29,42.85,43.40,42.50,42.60,37119490,1592962737,+0.45,15204
107/01/02,42.75,43.10,42.15,42.35,16470721,699920658,-0.25,6772
107/01/03,43.10,45.40,43.05,43.95,59045550,2613048429,+1.60,24849
107/01/04,45.00,46.50,43.85,46.50,60916269,2756189498,+2.55,26653
107/01/05,47.00,48.50,46.90,47.15,64859928,3094426842,+0.65,27597
107/01/08,47.40,47.40,45.05,45.05,32575058,1502644821,-2.10,14681
107/01/09,46.00,47.35,45.80,47.25,45698945,2133230902,+2.20,20246
107/01/10,47.65,47.65,45.60,45.85,33036030,1534418859,-1.40,14164
107/01/11,45.80,46.40,45.35,46.20,21505536,986743956,+0.35,9165
107/01/12,46.60,47.20,45.90,45.90,24130094,1125356042,-0.30,9494
107/01/15,46.50,47.25,45.75,47.00,22193707,1033404247,+1.10,9483
107/01/16,47.10,48.30,46.70,47.05,47342381,2253220657,+0.05,18894
107/01/17,47.50,47.75,46.60,46.90,22396517,1057247826,-0.15,9502
107/01/18,47.95,49.30,47.40,47.90,69568898,3365160125,+1.00,28097
107/01/19,48.50,48.75,48.00,48.75,37328585,1808546639,+0.85,15270
107/01/22,49.70,53.60,49.60,53.60,67402045,3505299942,+4.85,26089
107/01/23,55.10,55.80,51.60,52.40,95481339,5145793513,-1.20,39496
107/01/24,52.20,53.20,51.20,52.30,41049105,2155266244,-0.10,17790
107/01/25,52.60,52.80,48.75,49.50,44142980,2243059884,-2.80,20033
107/01/26,49.90,51.20,48.45,49.00,42917526,2138011074,-0.50,19381
107/01/29,49.85,50.40,49.25,49.85,22485297,1117825368,+0.85,10328
107/01/30,50.00,50.50,48.20,48.60,26450817,1308479977,-1.25,12668
107/01/31,47.80,48.00,46.55,48.00,32434862,1534666526,-0.60,15872
107/02/01,48.50,49.40,48.00,48.00,21507530,1045994775,0.00,9803
107/02/02,47.30,47.75,46.80,47.20,13932149,657097019,-0.80,6717
107/02/05,45.00,47.20,44.75,47.20,16645304,760387251,0.00,8069
107/02/06,45.05,46.10,42.50,42.50,34231464,1502360649,-4.70,14761
107/02/07,44.50,46.70,44.50,45.10,31934304,1452492880,+2.60,14666
107/02/08,45.30,45.70,42.90,43.50,24514617,1078916981,-1.60,11724
107/02/09,39.60,43.50,39.55,42.90,23684230,988980190,-0.60,11542
107/02/12,44.30,44.30,43.00,43.00,14241126,619028068,+0.10,6802
107/02/21,44.95,45.35,44.20,45.00,22726374,1019005630,+2.00,9780
107/02/22,44.55,44.85,44.15,44.15,12658264,562092770,-0.85,6197
107/02/23,44.65,45.40,44.15,44.50,14009708,626776543,+0.35,6931
107/02/26,45.50,46.40,45.25,45.50,19667108,900704393,+1.00,9514
107/02/27,46.50,46.50,45.10,45.30,13694053,626299886,-0.20,6827
107/03/01,44.60,45.10,44.45,45.00,8928491,399953195,-0.30,4509
107/03/02,44.45,44.70,43.85,44.10,10438277,461191812,-0.90,5600
107/03/05,44.40,44.60,41.40,41.40,25970349,1103629511,-2.70,12755
107/03/06,42.25,43.15,41.80,42.40,21826898,927479599,+1.00,10899
107/03/07,42.20,43.30,41.65,42.70,17502914,745083810,+0.30,8801
107/03/08,43.20,43.40,42.85,43.20,9581847,413169178,+0.50,4857
107/03/09,44.30,47.50,44.30,47.50,60612231,2797539257,+4.30,26770
107/03/12,48.00,49.15,46.90,47.75,62487205,3003788437,+0.25,26870
107/03/13,47.80,48.85,47.50,48.55,24051148,1160639598,+0.80,10493
107/03/14,48.10,48.40,46.80,46.90,20513108,974840417,-1.65,9818
107/03/15,46.70,47.30,45.85,47.00,15673294,730686968,+0.10,7870
107/03/16,47.70,48.80,47.20,47.20,38958966,1878686927,+0.20,18188
107/03/19,48.20,49.25,47.50,47.65,43508159,2109718383,+0.45,20452
107/03/20,47.20,47.50,46.50,47.25,18288847,861043847,-0.40,8746
107/03/21,47.80,48.20,47.00,47.00,16396115,777918055,-0.25,7673
107/03/22,47.70,48.80,46.90,47.05,31469819,1506182193,+0.05,14588
107/03/23,45.15,45.95,44.70,45.00,22308361,1008593370,-2.05,10861
107/03/26,44.85,45.85,44.75,45.75,10994013,499163045,+0.75,5655
107/03/27,46.70,47.60,46.30,47.15,23570242,1107565141,+1.40,10978
107/03/28,46.45,46.70,45.65,45.80,11717243,539899428,-1.35,5689
107/03/29,46.50,47.35,45.50,45.50,21878214,1018310963,-0.30,10706
107/03/30,46.20,46.30,44.70,44.70,15496413,705438200,-0.80,7614
107/03/31,44.85,45.05,43.40,44.00,17541786,769270834,-0.70,8819
107/04/02,44.10,44.35,43.05,43.05,14394858,624568614,-0.95,7195
107/04/03,43.15,44.25,43.15,44.25,18788232,823280853,+1.20,10567
107/04/09,44.60,45.05,43.45,43.80,18426647,815127948,-0.45,8493
107/04/10,44.70,45.30,44.35,44.60,18160885,813272267,+0.80,8254
107/04/11,45.10,46.40,45.05,45.05,23198607,1059747781,+0.45,10548
107/04/12,45.45,45.70,44.35,44.90,12718445,569356254,-0.15,6228
107/04/13,45.80,47.85,45.25,45.65,45435713,2106252518,+0.75,19905
107/04/16,45.75,46.65,45.15,45.50,21236673,973677050,-0.15,9835
107/04/17,45.90,46.05,44.05,44.05,18599484,840036204,-1.45,8779
107/04/18,44.70,45.10,44.10,44.65,11016398,491412280,+0.60,5322
107/04/19,45.30,49.10,45.25,49.10,81507288,3905611043,+4.45,30026
107/04/20,49.20,50.40,48.15,48.70,74223472,3641827196,-0.40,28399
107/04/23,49.50,51.30,48.80,48.80,46123203,2314832995,+0.10,19491
107/04/24,50.70,51.10,45.80,46.25,56649846,2762150910,-2.55,24392
107/04/25,45.20,48.30,45.20,47.60,28502189,1332145423,+1.35,13020
107/04/26,47.65,48.70,45.90,45.90,27112788,1287029704,,12249
107/04/27,46.95,47.30,46.15,46.50,10434949,487190117,+0.60,5446
107/04/30,47.20,47.80,46.30,46.80,17638773,830045312,+0.30,7654
107/05/02,47.05,49.40,47.00,48.90,38495767,1865245952,+2.10,16981
107/05/03,49.00,50.60,48.45,48.75,39298687,1943796617,-0.15,18619
107/05/04,48.85,49.15,46.95,47.25,24099294,1153499027,-1.50,12190
107/05/07,47.85,50.00,47.40,50.00,25536229,1243031851,+2.75,12413
107/05/08,51.30,54.90,51.30,53.80,100112802,5348079930,+3.80,42279
107/05/09,54.20,54.60,52.10,52.50,72299424,3853900717,-1.30,30850
107/05/10,53.50,53.60,51.10,53.50,48192542,2522625329,+1.00,21955
107/05/11,54.50,56.20,52.90,52.90,82232766,4513197156,-0.60,38128
107/05/14,55.00,58.10,54.30,58.10,92120293,5211693394,+5.20,40318
107/05/15,58.70,59.10,56.40,57.30,71139199,4102590421,-0.80,32044
107/05/16,58.20,63.00,58.20,62.00,118917398,7297861028,+4.70,48727
107/05/17,63.50,65.60,60.90,61.20,102432666,6441432885,-0.80,46735
107/05/18,62.40,63.80,60.20,63.20,68398575,4247403203,+2.00,33037
107/05/21,63.90,64.00,62.30,62.60,43408027,2733911642,-0.60,20034
107/05/22,62.60,63.40,58.10,58.50,59582619,3599320124,-4.10,28663
107/05/23,59.30,60.70,58.00,58.90,44318552,2631625279,+0.40,21753
107/05/24,60.10,60.10,58.10,59.30,28371298,1680715635,+0.40,14716
107/05/25,58.70,61.80,57.70,60.50,47531847,2860785210,+1.20,24531
107/05/28,61.80,66.00,61.00,64.80,80886895,5185807997,+4.30,38495
107/05/29,64.80,69.70,64.50,66.40,104511328,7056615357,+1.60,50768
107/05/30,65.90,68.50,64.90,67.80,60258309,4034229198,+1.40,29941
107/05/31,70.00,74.40,67.80,69.90,111681034,7937479228,+2.10,53213
107/06/01,71.00,71.50,67.10,67.10,55140409,3792171274,-2.80,27541
107/06/04,67.60,68.30,66.20,67.30,36047812,2418577507,+0.20,19651
107/06/05,67.40,68.00,61.00,63.70,56681483,3654766264,-3.60,27162
107/06/06,65.10,66.40,63.70,66.00,31410169,2060643354,+2.30,16957
107/06/07,67.50,67.70,65.00,65.00,24842544,1638784160,-1.00,12764
107/06/08,64.50,64.90,61.30,63.40,34438027,2170108994,-1.60,18078
107/06/11,66.00,69.70,65.00,69.70,63630365,4308441761,+6.30,32245
107/06/12,70.80,75.60,70.00,70.00,101082531,7332890470,+0.30,51343
107/06/13,70.90,71.60,66.20,67.00,49441154,3383641492,-3.00,26875
107/06/14,67.10,68.80,64.90,68.10,30728225,2067287888,+1.10,16954
107/06/15,69.70,69.70,66.60,66.60,24466928,1657305176,-1.50,13074
107/06/19,65.10,66.30,64.50,64.50,22030640,1434923600,-2.10,12577
107/06/20,64.40,65.30,59.50,60.60,40310172,2500403898,-3.90,22076
107/06/21,61.10,63.60,61.10,62.50,25981955,1618220552,+1.90,15002
107/06/22,61.50,61.60,59.60,59.70,21434917,1293804516,-2.80,12497
107/06/25,59.70,60.50,57.30,57.60,24235332,1419860522,-2.10,13449
107/06/26,58.20,61.30,58.10,60.70,40943113,2457031089,+3.10,23353
107/06/27,60.90,61.80,59.70,61.60,35600984,2168307471,+0.90,18467
107/06/28,62.40,62.90,60.70,60.80,33612390,2081849917,-0.80,17707
107/06/29,61.40,62.30,60.30,62.30,17640518,1081949616,+1.50,9348
107/07/02,62.80,62.80,59.10,59.10,21364028,1294406965,-3.20,11409
107/07/03,59.40,60.40,58.00,58.10,18644166,1101256461,-1.00,10140
107/07/04,58.20,58.30,52.40,53.00,41257490,2262969670,-5.10,20222
107/07/05,53.60,55.30,53.00,53.90,27419246,1485019506,+0.90,15047
107/07/06,54.80,59.20,54.40,58.70,48498185,2741620974,+4.80,25250
107/07/09,59.50,60.00,57.00,57.80,32838582,1925055486,-0.90,17455
107/07/10,59.20,62.50,58.70,62.40,48224028,2950422075,+4.60,25806
107/07/11,61.10,62.80,60.20,62.00,32264907,1989061934,-0.40,17976
107/07/12,62.60,63.10,61.80,62.10,23520308,1468081796,+0.10,12136
107/07/13,63.60,64.80,62.30,62.30,28205919,1792229565,+0.20,14389
107/07/16,62.80,64.80,62.40,64.30,28404830,1810254666,+2.00,14318
107/07/17,64.40,64.70,62.60,62.60,22233707,1414231349,-1.70,11688
107/07/18,63.50,63.60,60.30,61.50,20868945,1296204076,-1.10,10892
107/07/19,62.70,64.40,62.60,64.00,32885070,2097256600,+2.50,17232
107/07/20,64.90,66.30,61.10,62.40,48819294,3123292172,-1.60,24493
107/07/23,61.70,62.80,59.00,62.80,27461383,1666143974,+0.40,14467
107/07/24,62.10,63.40,62.10,62.90,17613632,1106213505,+0.10,9239
107/07/25,63.40,64.30,63.00,63.00,16223329,1030997427,+0.10,8348
107/07/26,64.00,64.60,63.20,63.30,20910862,1336099282,+0.30,10043
107/07/27,63.60,64.60,63.00,64.60,14781014,942201939,+1.30,7731
107/07/30,63.80,64.30,61.70,61.80,16241341,1018453181,-2.80,8504
107/07/31,61.10,63.00,60.60,63.00,15295061,950247006,+1.20,7949
107/08/01,63.90,63.90,60.80,61.80,20512155,1270449843,-1.20,10609
107/08/02,61.20,61.20,56.50,56.50,37380680,2185170560,-5.30,19863
107/08/03,57.20,57.90,55.20,57.80,30179343,1709682592,+1.30,16029
107/08/06,57.00,58.30,56.40,58.30,13207787,760135252,+0.50,7111
107/08/07,58.20,60.30,57.80,59.50,19798165,1179554100,+1.20,10330
107/08/08,60.20,60.50,58.10,58.60,25288046,1499913774,-0.90,12491
107/08/09,59.00,59.80,57.70,59.60,14795208,871559261,+1.00,7681
107/08/10,59.20,60.90,58.80,58.80,14730281,881383399,-0.80,8420
107/08/13,58.00,58.20,53.00,53.60,28129978,1545816488,-5.20,14730
107/08/14,53.90,54.50,51.50,53.50,28293193,1500178336,-0.10,14804
107/08/15,53.90,53.90,50.20,50.20,23676749,1223155559,-3.30,12994
107/08/16,49.00,51.50,48.25,51.20,23836392,1199465936,+1.00,12719
107/08/17,52.20,52.60,50.40,51.80,16139073,831161156,+0.60,8015
107/08/20,52.00,52.10,46.65,47.00,29290365,1401806855,-4.80,14889
107/08/21,47.45,48.20,47.00,47.00,15799359,750954336,0.00,8632
107/08/22,47.50,48.10,46.85,47.10,11277629,533294005,+0.10,5682
107/08/23,46.70,47.50,46.40,46.40,12101060,566385980,,5975
107/08/24,46.70,46.80,42.80,42.95,24925020,1106430725,-3.45,12665
107/08/27,44.05,47.20,43.95,47.20,26216519,1198824725,+4.25,13433
107/08/28,48.20,48.50,46.85,47.10,26726900,1271353262,-0.10,12967
107/08/29,47.50,47.85,46.05,47.60,24225404,1138966152,+0.50,11413
107/08/30,47.70,49.15,47.50,47.50,28981389,1400523956,-0.10,13994
107/08/31,46.60,47.25,46.05,47.25,16064991,746060607,-0.25,8130
107/09/03,46.80,46.95,43.05,43.55,25960495,1161003480,-3.70,13191
107/09/04,44.00,44.50,43.10,43.85,17306568,759616456,+0.30,9355
107/09/05,44.05,45.00,43.40,44.55,12592005,559097399,+0.70,6734
107/09/06,44.35,45.25,43.80,44.00,15406800,687330293,-0.55,8348
107/09/07,45.00,45.35,40.00,41.50,34307751,1469047225,-2.50,17525
107/09/10,40.80,41.00,37.35,37.45,46780330,1817178298,-4.05,20684
107/09/11,38.70,40.55,38.10,39.60,35942820,1410032263,+2.15,17915
107/09/12,39.80,39.80,38.00,38.65,31031731,1200224913,-0.95,15698
107/09/13,39.00,39.90,37.70,37.70,22300446,868450910,-0.95,11294
107/09/14,38.65,41.45,38.20,41.45,37476599,1507178111,+3.75,17648
107/09/17,41.35,42.90,40.85,42.40,48997214,2057902652,+0.95,23029
107/09/18,41.50,42.15,40.80,40.95,23543495,972728079,-1.45,11962
107/09/19,41.90,42.60,40.20,40.20,23028017,958813564,-0.75,12471
107/09/20,40.95,42.05,40.40,40.75,28424701,1170724804,+0.55,14638
107/09/21,41.85,44.60,41.35,43.85,54029636,2329572052,+3.10,25991
107/09/25,44.00,46.65,43.30,44.15,66352291,2979054121,+0.30,32921
107/09/26,43.75,44.60,43.70,43.80,23737116,1045516925,-0.35,12810
107/09/27,43.20,44.05,42.15,42.20,21387709,921893586,-1.60,11593
107/09/28,42.80,43.90,42.25,43.50,28811463,1244011029,+1.30,15943
107/10/01,43.00,43.65,42.45,43.20,21736894,935624448,-0.30,11107
107/10/02,43.00,43.85,42.60,42.60,20710238,893959286,-0.60,10835
107/10/03,42.50,43.15,39.35,40.40,33510259,1374265499,-2.20,17673
107/10/04,40.90,41.20,39.85,40.00,20024450,810234569,-0.40,10649
107/10/05,39.30,39.30,36.15,36.80,39881895,1497452015,-3.20,19025
107/10/08,36.40,37.60,34.35,35.15,36861804,1323963876,-1.65,18373
107/10/09,35.90,36.40,34.35,35.30,39727426,1412770609,+0.15,19257
107/10/11,31.90,32.60,31.80,31.80,20431280,654123328,-3.50,8282
107/10/12,32.00,32.80,31.20,31.85,36793537,1179051024,+0.05,17443
107/10/15,31.95,32.40,31.20,32.00,20523496,654563431,+0.15,9690
107/10/16,32.65,34.80,32.55,33.25,52313053,1767882209,+1.25,24839
107/10/17,34.40,34.45,32.90,33.10,28804202,970144662,-0.15,12938
107/10/18,33.80,34.20,33.10,33.25,24105346,810797307,+0.15,11749
107/10/19,32.25,32.50,31.20,32.35,22888408,729340699,-0.90,11417
107/10/22,31.55,33.50,31.30,33.10,22078717,721325993,+0.75,11380
107/10/23,32.15,32.80,31.35,31.35,17881133,572258233,-1.75,9379
107/10/24,31.40,31.75,29.50,29.50,28802009,879693694,-1.85,14436
107/10/25,27.20,27.45,26.55,26.55,31599304,851063237,-2.95,13718
107/10/26,27.55,27.95,25.90,26.05,32622997,875327994,-0.50,15223
107/10/29,27.00,28.65,26.30,28.65,42616579,1180624065,+2.60,18292
107/10/30,28.60,28.65,27.65,28.55,37756256,1066225559,-0.10,16897
107/10/31,30.30,31.40,30.30,31.40,27038935,841453950,+2.85,10618
107/11/01,31.90,34.10,31.65,32.75,94965694,3143978948,+1.35,36063
107/11/02,33.15,34.25,32.20,33.30,70903171,2360696026,+0.55,28358
107/11/05,32.80,34.15,32.40,34.05,32814943,1100932327,+0.75,14820
107/11/06,34.20,34.20,31.95,32.55,29701912,980840065,-1.50,13379
107/11/07,33.80,35.80,33.60,35.80,68571008,2381522624,+3.25,26347
107/11/08,37.60,38.30,35.95,36.25,82110080,3042738892,+0.45,35890
107/11/09,36.25,37.30,35.70,37.00,42288155,1549116035,+0.75,20590
107/11/12,36.50,37.85,36.45,37.80,39308271,1465352680,+0.80,18739
107/11/13,36.30,38.35,36.25,38.35,40402580,1512258920,+0.55,19873
107/11/14,38.35,38.70,37.00,37.00,52557824,1977109874,-1.35,23067
107/11/15,36.80,37.70,36.15,37.70,45209304,1669734154,+0.70,20951
107/11/16,37.95,38.70,36.75,36.75,42216837,1594312619,-0.95,19910
107/11/19,36.75,37.70,36.75,37.70,20276322,756238976,+0.95,9708
107/11/20,37.35,37.95,37.20,37.45,15969273,600708869,-0.25,7708
107/11/21,37.00,40.65,37.00,39.50,86512910,3419232364,+2.05,40518
107/11/22,39.75,39.85,37.85,38.15,46049476,1794287872,-1.35,21652
107/11/23,38.50,39.35,37.35,37.35,35140832,1346243174,-0.80,18579
107/11/26,37.90,38.50,37.40,38.20,22418706,853801650,+0.85,11518
107/11/27,38.60,40.20,38.60,39.40,67086860,2645958657,+1.20,32464
107/11/28,39.20,41.00,39.10,39.85,64505469,2589610458,+0.45,29715
107/11/29,41.20,42.85,40.55,42.50,82029833,3428355963,+2.65,36232
107/11/30,42.40,43.40,41.80,43.20,48277202,2055922886,+0.70,21888
107/12/03,44.60,46.00,44.10,44.20,52065942,2332309846,+1.00,23747
107/12/04,43.50,44.50,42.90,43.20,33664693,1468479763,-1.00,17352
107/12/05,41.20,42.45,41.20,41.90,26164496,1096240461,-1.30,13112
107/12/06,42.05,42.65,38.80,40.15,41224003,1668331204,-1.75,19969
107/12/07,41.60,41.90,40.40,40.90,24662039,1013530799,+0.75,12601
107/12/10,39.70,41.45,39.50,41.45,24227031,979144022,+0.55,13026
107/12/11,41.40,42.20,40.55,40.55,26120037,1083875891,-0.90,12996
107/12/12,41.05,42.45,41.05,41.85,39623730,1662981915,+1.30,19771
107/12/13,42.25,42.50,41.60,42.30,27924750,1176303805,+0.45,13402
107/12/14,42.30,42.30,40.70,40.70,24107213,995840654,-1.60,12421
107/12/17,40.60,41.30,39.80,40.50,17151850,696912165,-0.20,9045
107/12/18,40.05,40.55,37.45,37.60,45046295,1748096910,-2.90,22015
107/12/19,37.90,38.20,34.95,35.20,65302579,2371498587,-2.40,29570
107/12/20,34.70,35.20,32.80,33.60,62030630,2092941910,-1.60,26197
107/12/21,33.90,35.45,33.80,35.45,44625256,1541624631,+1.85,21456
107/12/22,34.65,34.80,33.90,34.65,16264349,558697246,-0.80,7990
107/12/24,34.50,34.85,33.50,34.40,22592303,767681724,-0.25,11413
107/12/25,33.00,33.70,32.60,33.40,22440125,742901842,-1.00,10600
107/12/26,34.00,34.30,32.50,32.50,14984345,501754387,-0.90,7399
107/12/27,34.00,34.65,33.50,33.50,24537486,833641191,+1.00,12640
107/12/28,33.70,33.80,33.15,33.50,11494131,384879080,0.00,5914
108/01/02,34.10,34.15,33.40,33.50,9867901,332959008,0.00,4889
108/01/03,33.45,33.45,31.90,32.00,17525602,571872224,-1.50,9018
108/01/04,30.80,31.75,29.75,31.50,31623822,967307720,-0.50,14539
108/01/07,32.95,33.60,32.65,33.55,22473907,745306715,+2.05,9992
108/01/08,33.55,33.60,32.85,33.35,12322320,410396574,-0.20,5978
108/01/09,33.35,34.25,33.00,33.40,19225408,645394004,+0.05,9477
108/01/10,33.80,34.40,33.40,33.40,16237653,549561482,0.00,7999
108/01/11,33.75,34.15,32.95,32.95,14978507,502608421,-0.45,7146
108/01/14,32.65,32.80,31.15,31.85,16840875,537846484,-1.10,8049
108/01/15,31.75,32.40,31.65,32.05,13905249,445153466,+0.20,6100
108/01/16,32.10,32.80,32.05,32.60,11214884,364216353,+0.55,5749
108/01/17,32.85,33.10,32.00,32.00,10145438,329194267,-0.60,5121
108/01/18,32.20,32.25,31.20,32.20,18067732,572139710,+0.20,8537
108/01/21,32.50,32.60,32.05,32.20,8685791,280774908,0.00,4492
108/01/22,32.40,32.85,32.15,32.60,16511446,538050024,+0.40,7452
108/01/23,32.50,32.60,31.85,32.25,12735479,410440659,-0.35,6258
108/01/24,32.45,32.85,32.35,32.65,9577382,312416755,+0.40,4379
108/01/25,33.10,34.85,33.10,34.30,41095756,1401973914,+1.65,19039
108/01/28,34.70,35.10,34.25,34.25,21556061,746438620,-0.05,10521
108/01/29,34.00,34.00,33.10,33.40,10961895,366946508,-0.85,5672
108/01/30,33.80,34.10,33.40,33.40,11119444,375614435,0.00,5705
108/02/11,34.05,34.75,33.85,34.35,16758383,577196877,+0.95,8648
108/02/12,34.60,35.90,34.40,35.25,31268290,1104408104,+0.90,15316
108/02/13,35.55,38.75,35.50,38.75,49786237,1885055354,+3.50,19642
108/02/14,39.60,40.60,39.60,39.80,67419238,2696481769,+1.05,27605
108/02/15,39.90,39.90,38.35,38.80,30638396,1196186117,-1.00,13783
108/02/18,39.60,40.20,39.15,39.20,27339246,1084867192,+0.40,12614
108/02/19,39.00,39.75,38.80,39.50,13307671,522235389,+0.30,6867
108/02/20,40.25,41.25,39.50,39.50,31959901,1288522958,0.00,16075
108/02/21,39.40,39.45,38.60,39.40,18735302,731634910,-0.10,8972
108/02/22,39.00,39.90,38.75,38.75,14368979,563908063,-0.65,7631
108/02/25,38.60,38.60,37.30,37.80,23282746,881436514,-0.95,11541
108/02/26,38.20,39.70,38.20,38.60,35203096,1375392625,+0.80,17279
108/02/27,39.30,39.75,38.60,39.50,29639458,1164784772,+0.90,14249
108/03/04,39.80,40.20,38.90,38.95,19041119,750295129,-0.55,8625
108/03/05,38.55,39.30,38.40,38.60,10548572,409297301,-0.35,5657
108/03/06,38.70,39.50,38.65,38.65,13490167,527222361,+0.05,6952
108/03/07,38.50,38.70,37.00,37.05,17331748,654194564,-1.60,9033
108/03/08,36.60,37.25,36.20,37.25,10139777,372798526,+0.20,6026
108/03/11,37.25,37.70,37.10,37.30,5148599,192572746,+0.05,3149
108/03/12,37.95,38.25,37.35,37.35,12329367,465699537,+0.05,6412
108/03/13,37.55,37.60,36.95,37.10,9883632,367382002,-0.25,3758
108/03/14,37.35,37.40,36.25,36.45,10726609,393603407,-0.65,5698
108/03/15,36.50,37.25,36.50,36.70,7747441,286132704,+0.25,4152
108/03/18,36.90,37.00,36.05,36.25,8762293,318171511,-0.45,4587
108/03/19,36.40,36.85,36.25,36.45,5361953,195952918,+0.20,3203
108/03/20,37.00,37.30,36.85,37.10,10273372,380783991,+0.65,5031
108/03/21,37.40,37.55,36.70,36.75,8038589,297672342,-0.35,4213
108/03/22,37.50,37.55,37.00,37.10,7365545,274442647,+0.35,4074
108/03/25,36.45,36.70,36.05,36.70,4214589,153666586,-0.40,2498
108/03/26,37.20,37.40,36.85,36.90,4388916,162670716,+0.20,2525
108/03/27,37.25,37.30,36.75,36.80,4727731,174573564,-0.10,2638
108/03/28,36.80,37.45,36.55,36.55,9765503,361518885,-0.25,5481
108/03/29,36.70,36.90,36.25,36.90,4183547,153296774,+0.35,2350
108/04/01,37.30,38.65,37.10,37.90,23053788,873677335,+1.00,12085
108/04/02,38.40,39.60,38.05,39.45,30841678,1200441859,+1.55,15564
108/04/03,39.90,40.15,39.00,39.20,21124774,834100763,-0.25,10555
108/04/08,39.90,40.05,39.30,39.30,11338611,449448241,+0.10,5581
108/04/09,39.60,40.65,39.55,39.60,29779751,1194937407,+0.30,14866
108/04/10,39.60,39.70,39.05,39.35,8588632,337157607,-0.25,4637
108/04/11,39.35,39.35,38.10,38.10,13431153,519016782,-1.25,7357
108/04/12,38.00,38.05,37.15,37.25,11651669,436946831,-0.85,6864
108/04/15,37.60,37.85,37.30,37.30,8322310,312392234,+0.05,4362
108/04/16,37.50,38.15,37.45,38.05,7514935,284209354,+0.75,4163
108/04/17,38.50,38.65,38.15,38.25,9034573,346746197,+0.20,5022
108/04/18,38.45,39.40,37.70,37.85,17994294,696131571,-0.40,9271
108/04/19,38.30,39.00,38.05,39.00,14110589,544569466,+1.15,6681
108/04/22,40.00,41.45,39.25,39.25,41702013,1685239834,+0.25,19832
108/04/23,39.70,39.75,38.55,39.00,10991970,430192459,-0.25,5576
108/04/24,39.70,40.10,39.30,39.40,12575850,499428458,+0.40,6574
108/04/25,39.45,40.85,39.05,40.55,32909908,1327112302,+1.15,15564
108/04/26,40.40,41.30,40.20,41.15,38958339,1589029212,+0.60,17323
108/04/29,41.35,41.35,38.50,38.55,33522067,1324384672,-2.60,16690
108/04/30,38.55,39.20,37.90,39.05,15438382,596581628,+0.50,7888
108/05/02,38.80,39.40,38.80,38.90,8555886,334104704,-0.15,4352
108/05/03,39.10,39.65,39.10,39.35,11288684,444793349,+0.45,5587
108/05/06,38.20,38.80,38.05,38.15,11555563,442749147,-1.20,5985
108/05/07,38.65,38.70,38.25,38.40,6957160,267709002,+0.25,3428
108/05/08,38.15,39.20,38.15,38.90,15865914,615952596,+0.50,8181
108/05/09,38.60,39.10,37.10,37.25,17565419,667081574,-1.65,9098
108/05/10,38.20,38.50,36.35,36.60,20572563,767897731,-0.65,11121
108/05/13,36.00,36.30,33.55,33.80,25074452,870427403,-2.80,13487
108/05/14,32.85,35.30,32.10,35.25,17750029,604986831,+1.45,9702
108/05/15,35.20,35.60,34.85,34.90,13318986,468044902,-0.35,6910
108/05/16,34.90,35.15,33.75,33.80,8824752,303657060,-1.10,4987
108/05/17,34.20,34.75,33.45,33.80,10249821,349386691,0.00,5740
108/05/20,34.00,34.35,32.60,33.05,9815763,325671791,-0.75,5623
108/05/21,32.80,33.95,32.40,33.90,8459393,282365112,+0.85,4653
108/05/22,34.45,34.90,33.90,33.90,9554854,328742186,0.00,5309
108/05/23,33.30,33.50,32.80,33.30,6356662,210778933,-0.60,3827
108/05/24,33.60,33.85,33.05,33.05,6400491,214036669,-0.25,3273
108/05/27,33.50,33.60,32.85,32.90,5139868,170251600,-0.15,2809
108/05/28,32.85,33.20,32.60,32.95,5958625,195386275,+0.05,3334
108/05/29,32.50,32.55,32.10,32.30,5296021,171312673,-0.65,2808
108/05/30,32.50,33.15,32.50,33.15,5254814,172648222,+0.85,2947
108/05/31,33.15,33.90,33.05,33.50,7408456,248737607,+0.35,3929
108/06/03,33.20,33.25,32.70,33.25,3021546,99708247,-0.25,1956
108/06/04,33.60,33.70,33.15,33.50,3744229,125051718,+0.25,2075
108/06/05,34.20,34.25,33.10,33.10,6316696,213262160,-0.40,3478
108/06/06,33.10,33.25,32.65,32.80,4084280,134210240,-0.30,2088
108/06/10,33.30,33.45,33.05,33.25,4283220,142473902,+0.45,2230
108/06/11,33.50,34.15,33.25,34.05,7893235,267119395,+0.80,4195
108/06/12,34.50,35.45,34.50,34.60,20220363,707604369,+0.55,10470
108/06/13,34.35,34.55,33.95,34.25,6484510,221904110,-0.35,3647
108/06/14,34.40,35.05,34.30,34.40,7195319,249558968,+0.15,3869
108/06/17,34.40,36.20,34.40,35.50,24945399,890942055,+1.10,12751
108/06/18,35.60,35.95,34.80,35.05,9171626,323400743,-0.45,5173
108/06/19,35.85,35.85,35.20,35.55,8089971,287111209,+0.50,4206
108/06/20,35.90,36.30,35.70,35.70,10624187,382194275,+0.15,5531
108/06/21,36.00,36.20,35.05,35.05,6797997,241424034,-0.65,3763
108/06/24,35.25,36.00,34.90,36.00,6564003,233114058,+0.95,3493
108/06/25,36.10,36.15,35.05,35.30,8920860,315803996,-0.70,4825
108/06/26,34.50,34.90,34.25,34.70,12409471,429088032,-0.60,6500
108/06/27,35.00,35.30,34.80,35.15,6902666,242305691,+0.45,3587
108/06/28,35.25,35.45,35.00,35.35,4414546,155433136,+0.20,2627
108/07/01,36.10,36.50,35.85,36.45,15315125,554965076,+1.10,7787
108/07/02,36.60,37.60,36.50,37.10,19227774,713081742,+0.65,9886
108/07/03,37.20,37.35,36.65,36.90,9270317,342407297,-0.20,4464
108/07/04,37.10,37.80,37.10,37.55,10768433,403600743,+0.65,5369
108/07/05,37.65,37.80,37.35,37.80,8117046,305373037,+0.25,3879
108/07/08,37.75,38.75,37.70,38.05,10932144,417439458,+0.25,5654
108/07/09,38.05,38.20,37.40,37.40,7892125,297062732,-0.65,3875
108/07/10,37.60,37.80,37.40,37.60,10911300,409611206,+0.20,4512
108/07/11,35.70,36.00,35.60,35.60,9266281,331256472,,4620
108/07/12,35.60,35.95,35.40,35.40,6215830,221576106,-0.20,3040
108/07/15,35.60,36.00,35.45,35.70,5357648,191810076,+0.30,2768
108/07/16,36.05,36.20,35.80,35.90,4081695,146906133,+0.20,2117
108/07/17,36.10,36.10,35.50,35.65,3860839,137760565,-0.25,1911
108/07/18,35.45,35.65,34.45,34.50,9572839,334106789,-1.15,4634
108/07/19,34.90,36.15,34.85,36.05,14142858,503179604,+1.55,7106
108/07/22,36.30,36.80,36.30,36.50,13318075,487015079,+0.45,6661
108/07/23,36.60,36.85,36.05,36.10,8441442,306922739,-0.40,4377
108/07/24,36.40,37.45,36.40,36.80,20481451,757948035,+0.70,10346
108/07/25,36.90,37.20,36.35,36.90,10821650,398167269,+0.10,5372
108/07/26,37.05,37.10,36.75,37.00,6690651,247103237,+0.10,3500
108/07/29,37.30,37.60,36.90,37.05,10262765,382002877,+0.05,5360
108/07/30,37.15,37.35,35.30,35.60,15098777,544191422,-1.45,7915
108/07/31,35.40,36.20,35.40,36.20,5382502,193263241,+0.60,3075
108/08/01,35.70,36.15,35.65,35.75,3316262,118850069,-0.45,1912
108/08/02,35.00,35.20,34.15,34.55,8360666,289795326,-1.20,4489
108/08/05,34.50,34.95,33.80,33.85,4679418,160100070,-0.70,2652
108/08/06,32.70,34.20,32.20,34.15,5794252,192995115,+0.30,3122
108/08/07,34.15,34.45,33.20,33.20,6945644,234206846,-0.95,3730
108/08/08,32.95,33.60,32.70,32.85,9262846,306011968,-0.35,4961
108/08/12,32.50,32.85,31.80,32.45,7965167,257971048,-0.40,4192
108/08/13,32.15,32.90,32.15,32.50,5387796,175360143,+0.05,2827
108/08/14,33.00,33.20,32.50,32.50,4507316,148061456,0.00,2337
108/08/15,31.35,32.05,31.35,31.85,4751092,151027444,-0.65,2611
108/08/16,32.10,32.80,31.80,32.50,4858673,156775216,+0.65,2858
108/08/19,33.00,33.80,33.00,33.40,9182777,307111281,+0.90,4664
108/08/20,33.55,33.70,32.80,32.90,8078107,267815981,-0.50,4342
108/08/21,32.85,33.35,32.65,32.70,5899622,193880406,-0.20,3252
108/08/22,32.85,33.00,32.40,32.40,5385990,175936117,-0.30,2839
108/08/23,32.60,32.65,32.00,32.40,4003298,129714458,0.00,2135
108/08/26,31.50,31.95,31.50,31.50,5102502,161375014,-0.90,2805
108/08/27,31.80,32.00,31.40,31.40,3825023,121109519,-0.10,2271
108/08/28,31.60,32.65,31.60,32.55,12715944,411919562,+1.15,6444
108/08/29,32.55,32.80,31.90,32.30,8062467,260227225,-0.25,4092
108/08/30,32.70,33.05,32.10,32.10,10724713,350277071,-0.20,5094
108/09/02,32.20,32.75,32.10,32.70,3917026,127423632,+0.60,2080
108/09/03,33.10,33.25,32.45,32.50,6868980,225435487,-0.20,3495
108/09/04,32.50,32.90,32.50,32.85,3653748,119667454,+0.35,1826
108/09/05,33.15,33.20,32.70,32.90,4791039,157678313,+0.05,2652
108/09/06,33.30,33.40,32.90,32.90,6724359,222799946,0.00,3262
108/09/09,33.10,33.15,32.30,32.35,4064768,132396802,-0.55,2113
108/09/10,32.45,32.50,31.75,31.90,4492497,143565946,-0.45,2421
108/09/11,31.95,32.10,31.85,31.90,1837134,58756417,0.00,1035
108/09/12,32.15,32.75,32.10,32.20,3778232,122361734,+0.30,2170
108/09/16,32.30,32.50,32.10,32.20,1856533,59917155,0.00,1078
108/09/17,32.35,32.80,32.25,32.50,3398924,110595718,+0.30,1990
108/09/18,32.70,32.75,32.50,32.55,2429948,79237439,+0.05,1443
108/09/19,32.80,33.75,32.60,33.50,13834003,460973889,+0.95,7220
108/09/20,33.70,33.80,33.30,33.45,6477335,217297293,-0.05,3480
108/09/23,33.70,33.85,33.50,33.75,5145747,173213587,+0.30,2718
108/09/24,33.90,34.80,33.90,34.15,18228024,626670905,+0.40,9073
108/09/25,34.35,34.70,33.75,34.50,11164709,383005165,+0.35,5577
108/09/26,34.90,35.15,34.10,34.10,10142515,350511501,-0.40,5145
108/09/27,34.35,34.40,33.40,33.65,5434824,183948994,-0.45,3003
108/10/01,34.00,34.65,33.70,34.60,8172557,279940477,+0.95,4393
108/10/02,34.00,34.15,33.70,33.90,7575545,256746412,-0.70,4101
108/10/03,33.40,34.20,33.20,34.10,5205736,176167012,+0.20,3123
108/10/04,34.30,34.55,33.70,33.85,5260948,179305679,-0.25,2633
108/10/07,34.00,34.10,33.35,33.45,4605809,154798092,-0.40,2460
108/10/08,33.50,33.70,32.55,32.90,5843158,192423540,-0.55,3409
108/10/09,32.60,33.05,32.40,32.70,3993379,130822532,-0.20,2259
108/10/14,33.30,34.30,33.20,33.75,14523751,493052519,+1.05,7207
108/10/15,33.80,34.40,33.35,33.40,9670147,327462597,-0.35,4931
108/10/16,33.80,34.00,33.05,33.20,4977451,166128261,-0.20,2820
108/10/17,33.30,33.70,33.10,33.45,3092714,103362338,+0.25,1657
108/10/18,33.65,34.80,33.65,34.80,27261278,938041964,+1.35,12315
108/10/21,35.40,36.90,35.40,36.30,52215582,1891876096,+1.50,24761
108/10/22,36.45,36.65,35.85,36.15,17720068,641368485,-0.15,8755
108/10/23,36.15,36.90,36.10,36.35,22555066,823155123,+0.20,9902
108/10/24,36.50,36.80,36.15,36.70,18709867,683580157,+0.35,8011
108/10/25,36.70,36.80,35.50,35.50,15855871,572489197,-1.20,8121
108/10/28,35.80,35.95,35.15,35.60,8751087,311992985,+0.10,4466
108/10/29,36.05,36.75,35.50,36.05,22782563,826739108,+0.45,11242
108/10/30,35.80,36.00,35.65,35.80,5832247,208828824,-0.25,3137
108/10/31,36.20,36.30,34.95,35.05,8696413,307624685,-0.75,4690
108/11/01,35.10,35.75,34.85,35.70,5982927,211868228,+0.65,3259
108/11/04,35.90,36.35,35.75,35.80,12057782,434623027,+0.10,5129
108/11/05,36.00,36.75,35.95,36.00,13615595,493659320,+0.20,7032
108/11/06,36.40,36.65,35.75,35.75,12019080,434841247,-0.25,5759
108/11/07,35.85,35.95,35.00,35.05,6603833,232753027,-0.70,3479
108/11/08,35.15,35.20,34.20,34.30,8559399,295235296,-0.75,4773
108/11/11,34.00,34.00,33.00,33.00,9632416,320780928,-1.30,4797
108/11/12,33.10,33.70,33.10,33.60,4055461,135477323,+0.60,2185
108/11/13,33.30,33.75,33.25,33.25,3787099,126613786,-0.35,1971
108/11/14,33.25,33.40,32.70,33.00,3858097,126987022,-0.25,2338
108/11/15,33.00,33.25,33.00,33.00,2962683,98036089,0.00,1506
108/11/18,33.10,33.45,33.05,33.35,2306250,76766418,+0.35,1398
108/11/19,33.40,33.60,33.20,33.60,3010144,100577182,+0.25,1783
108/11/20,33.55,33.65,33.15,33.15,2592729,86255189,-0.45,1519
108/11/21,32.95,33.25,32.80,33.25,3213408,106162409,+0.10,1712
108/11/22,33.25,33.45,33.00,33.05,2269973,75317095,-0.20,1322
108/11/25,33.30,33.35,33.00,33.05,1595486,52811098,0.00,919
108/11/26,33.30,33.35,33.10,33.35,1802401,59941063,+0.30,1094
108/11/27,33.35,34.30,33.30,34.10,9851130,334449062,+0.75,4693
108/11/28,34.10,34.10,33.70,33.80,3547205,120093616,-0.30,2004
108/11/29,33.65,34.00,33.40,33.45,2503240,84060909,-0.35,1559
108/12/02,33.55,33.70,32.55,33.05,3346853,110862570,-0.40,1786
108/12/03,32.90,33.30,32.85,33.10,2604317,86180581,+0.05,1450
108/12/04,33.60,35.10,33.45,34.85,28257458,978230441,+1.75,13783
108/12/05,35.30,36.10,35.00,35.25,30081455,1069746129,+0.40,14882
108/12/06,35.80,36.05,35.05,35.55,12608115,448102445,+0.30,6344
108/12/09,35.60,35.85,35.25,35.30,4904216,173586661,-0.25,2735
108/12/10,35.20,35.85,34.90,35.75,9231690,328529002,+0.45,4898
108/12/11,35.70,35.80,35.25,35.50,6240581,221569162,-0.25,3477
108/12/12,35.80,37.05,35.50,35.50,25828691,937986767,0.00,12356
108/12/13,36.10,36.30,35.20,35.60,10303407,367547389,+0.10,5328
108/12/16,35.65,36.55,35.65,36.05,11404896,412807585,+0.45,5719
108/12/17,36.10,36.70,35.80,36.60,13079256,475334427,+0.55,6377
108/12/18,36.80,37.45,36.20,36.30,30404722,1121342684,-0.30,13595
108/12/19,36.05,36.20,35.70,35.90,6305681,226518299,-0.40,3321
108/12/20,36.05,36.30,35.80,35.90,4624807,166726913,0.00,2405
108/12/23,36.05,36.45,35.80,36.10,4297092,154955762,+0.20,2158
108/12/24,36.10,36.10,35.65,35.80,4561927,163340222,-0.30,2449
108/12/25,36.00,36.70,35.95,36.10,13702356,498742289,+0.30,7081
108/12/26,36.15,36.30,35.80,35.80,4805497,172963500,-0.30,2626
108/12/27,36.25,37.30,36.00,37.30,28692545,1057596044,+1.50,13570
108/12/30,37.45,37.70,36.95,37.10,21842880,814983918,-0.20,10513
108/12/31,37.00,37.10,36.30,36.35,9748042,356467096,-0.75,5174
109/01/02,36.70,37.20,36.45,36.90,9490205,350236632,+0.55,5211
109/01/03,37.30,37.85,36.05,36.25,20414002,754969047,-0.65,9901
109/01/06,36.00,36.00,35.20,35.20,8759593,311001868,-1.05,4813
109/01/07,35.45,35.60,34.55,34.80,6202752,217060155,-0.40,3521
109/01/08,34.20,34.60,33.90,34.00,8094336,276598745,-0.80,4288
109/01/09,34.50,34.65,34.25,34.30,4021608,138428425,+0.30,2424
109/01/10,34.45,34.60,33.90,34.15,3835897,130887802,-0.15,1966
109/01/13,34.35,35.15,34.20,35.15,5912867,205743615,+1.00,3375
109/01/14,35.25,35.75,35.15,35.40,6763538,239433716,+0.25,3643
109/01/15,35.35,36.20,35.20,35.55,11015373,393657277,+0.15,5944
109/01/16,35.65,35.90,35.25,35.45,3989267,141899380,-0.10,2241
109/01/17,35.75,35.80,35.40,35.45,3070550,109284431,0.00,1655
109/01/20,35.80,35.90,35.60,35.80,4984701,178456108,+0.35,2657
109/01/30,32.30,33.25,32.25,32.25,10161555,330827124,-3.55,5066
109/01/31,32.50,32.90,31.70,32.50,5981991,193546048,+0.25,3334
109/02/03,30.75,31.25,29.40,31.20,8484157,258899368,-1.30,4396
109/02/04,31.45,32.15,31.20,32.10,4404396,140197644,+0.90,2589
109/02/05,32.50,32.75,31.80,31.80,5980143,192809651,-0.30,3667
109/02/06,32.15,32.60,32.05,32.40,4205142,135886756,+0.60,2355
109/02/07,32.20,32.20,31.80,31.85,3026965,96850180,-0.55,1809
109/02/10,31.20,32.00,30.80,31.60,3089028,97074545,-0.25,1748
109/02/11,32.05,32.25,32.00,32.20,2405972,77293283,+0.60,1474
109/02/12,32.50,34.15,32.45,33.60,12981897,434468810,+1.40,6905
109/02/13,33.75,34.10,33.30,33.50,7241653,243732570,-0.10,3798
109/02/14,33.50,34.30,33.15,34.00,14090542,479567054,+0.50,6327
109/02/17,33.85,35.80,33.55,34.65,21674888,756347995,+0.65,11772
109/02/18,34.85,35.15,34.45,34.65,10404114,361525793,0.00,5752
109/02/19,35.00,35.65,34.70,35.30,16790818,593057450,+0.65,8355
109/02/20,35.60,35.65,34.95,35.00,9307979,328218740,-0.30,4695
109/02/21,35.00,35.55,34.80,35.40,10113575,355946869,+0.40,4974
109/02/24,35.15,35.30,34.70,35.00,5302201,185605532,-0.40,3065
109/02/25,34.30,35.20,34.10,35.15,6509353,226759292,+0.15,3288
109/02/26,35.00,36.05,34.75,36.00,19500713,694616368,+0.85,9424
109/02/27,36.80,36.85,34.15,34.15,27500001,980367168,-1.85,13069
109/03/02,34.00,35.90,33.00,35.50,17230672,602898311,+1.35,9530
109/03/03,36.30,36.50,35.10,35.15,12755711,455746981,-0.35,6457
109/03/04,35.00,35.45,34.55,34.85,6164918,215392014,-0.30,3658
109/03/05,35.30,35.70,35.20,35.20,5954298,210535109,+0.35,3353
109/03/06,35.00,35.10,34.70,34.75,3911017,136153223,-0.45,2357
109/03/09,34.30,34.35,32.90,33.00,9700625,324738202,-1.75,5276
109/03/10,31.85,33.25,31.85,33.05,10890453,355121402,+0.05,5549
109/03/11,33.10,33.40,32.20,32.40,5990115,196974838,-0.65,3247
109/03/12,32.00,32.10,29.45,30.20,12910521,394334913,-2.20,6450
109/03/13,27.20,28.25,27.20,27.90,16337287,447446577,-2.30,7742
109/03/16,28.15,28.60,26.45,26.45,8653671,238274030,-1.45,4541
109/03/17,25.00,26.45,24.50,25.05,10668238,272148862,-1.40,5455
109/03/18,26.00,26.20,25.05,25.05,10262682,263346100,0.00,5332
109/03/19,24.50,24.75,22.55,22.55,11963011,277506273,-2.50,5350
109/03/20,23.35,24.70,23.35,24.30,9945592,239434145,+1.75,4915
109/03/23,22.65,23.40,22.45,22.60,4614401,105700627,-1.70,2439
109/03/24,23.55,24.35,23.55,23.90,5180187,123948053,+1.30,2892
109/03/25,25.20,26.20,25.15,26.00,10327230,266220273,+2.10,5255
109/03/26,26.25,26.65,25.25,26.05,7672150,198929679,+0.05,4162
109/03/27,26.75,26.90,25.55,25.60,8826772,231097049,-0.45,4732
109/03/30,24.70,25.70,24.55,25.70,4095465,103086440,+0.10,2379
109/03/31,26.10,26.35,25.50,25.95,4904935,127312960,+0.25,2584
109/04/01,25.80,26.35,25.60,26.15,6870626,179218419,+0.20,3620
109/04/06,26.50,26.65,26.00,26.60,5829193,153847035,+0.45,2911
109/04/07,27.20,27.50,27.00,27.30,7433687,202441821,+0.70,3607
109/04/08,27.00,29.15,27.00,28.90,15554100,438667146,+1.60,7782
109/04/09,29.15,29.70,28.30,28.45,10295031,296665176,-0.45,5302
109/04/10,28.45,28.65,28.00,28.30,5213491,147214634,-0.15,2662
109/04/13,28.25,28.55,27.90,28.00,3677127,103752117,-0.30,1943
109/04/14,28.30,28.85,28.30,28.65,4921036,140918913,+0.65,2671
109/04/15,28.90,29.40,28.65,29.05,8583892,249432194,+0.40,4352
109/04/16,28.85,29.25,28.65,29.10,6413041,186265985,+0.05,3269
109/04/17,29.70,29.90,28.65,28.80,7519444,220115426,-0.30,3690
109/04/20,28.80,29.20,28.45,29.00,2943411,85174669,+0.20,1520
109/04/21,29.20,30.15,28.70,28.75,12301045,362025947,-0.25,6497
109/04/22,28.35,29.20,28.10,29.05,4673918,134581155,+0.30,2553
109/04/23,29.50,29.80,29.15,29.30,4479632,131853556,+0.25,2438
109/04/24,29.30,29.50,29.20,29.40,3324242,97698286,+0.10,1743
109/04/27,30.00,30.80,29.85,30.70,13130857,399120392,+1.30,6524
109/04/28,31.50,31.65,30.70,30.95,8296360,257897060,+0.25,4451
109/04/29,31.30,31.30,30.70,30.90,6357320,196995689,-0.05,3269
109/04/30,31.50,32.70,31.20,32.70,18321091,587200548,+1.80,8927
109/05/04,31.80,33.15,31.65,32.85,13509009,440428669,+0.15,6958
109/05/05,33.35,33.50,32.40,32.55,9935969,326310821,-0.30,4885
109/05/06,32.80,33.00,32.25,32.35,5793631,188785699,-0.20,2960
109/05/07,32.60,32.95,32.45,32.70,5631637,184342227,+0.35,2842
109/05/08,33.10,33.70,32.70,32.70,10175873,337829934,0.00,5636
109/05/11,33.05,33.40,32.80,33.05,6563138,216730104,+0.35,3050
109/05/12,33.25,34.25,33.10,33.40,11999379,403853895,+0.35,6420
109/05/13,33.80,34.60,33.50,34.40,16256370,555347808,+1.00,8614
109/05/14,34.40,34.70,33.50,33.70,13156958,448857116,-0.70,6921
109/05/15,34.80,34.80,33.20,33.45,8719699,295667520,-0.25,4452
109/05/18,33.55,33.75,32.40,32.40,6944849,228443936,-1.05,3618
109/05/19,33.10,33.30,32.70,33.20,4474820,147420612,+0.80,2356
109/05/20,33.70,33.80,33.20,33.55,6353808,212945991,+0.35,3540
109/05/21,33.85,33.95,33.50,33.65,4852579,163611044,+0.10,2673
109/05/22,33.55,33.80,32.60,32.60,5312167,175812521,-1.05,2794
109/05/25,32.90,33.80,32.00,33.70,6854515,227305690,+1.10,3731
109/05/26,34.30,34.30,33.40,33.50,5794823,195959464,-0.20,3110
109/05/27,33.65,33.95,32.50,33.20,4681749,156271145,-0.30,2437
109/05/28,33.50,33.85,33.10,33.10,3767197,125871868,-0.10,2106
109/05/29,33.20,33.25,32.75,32.75,2445153,80673099,-0.35,1312
109/06/01,32.75,33.65,32.75,33.60,3748489,125002521,+0.85,2001
109/06/02,34.05,34.75,33.75,34.55,17222538,592975494,+0.95,8814
109/06/03,34.75,34.75,34.05,34.15,8339624,285714438,-0.40,4414
109/06/04,34.35,34.35,33.50,33.60,7178188,243248702,-0.55,3811
109/06/05,34.05,34.15,33.65,33.90,3432345,116454702,+0.30,2009
109/06/08,34.20,35.95,33.90,34.85,28952153,1014784809,+0.95,14379
109/06/09,34.85,34.90,33.75,33.90,10805205,369540033,-0.95,6091
109/06/10,33.80,34.10,33.50,33.70,5088973,171562627,-0.20,2792
109/06/11,33.55,33.80,32.60,32.75,6651999,219767209,-0.95,3600
109/06/12,32.10,34.45,31.90,34.15,17582655,590148720,+1.40,8801
109/06/15,33.70,33.90,33.25,33.30,6361562,213530154,-0.85,3691
109/06/16,33.70,34.45,33.50,33.95,8949117,304271445,+0.65,4407
109/06/17,33.90,34.05,33.50,33.75,3779330,127155173,-0.20,2150
109/06/18,33.70,33.75,33.30,33.50,4066773,136134135,-0.25,2124
109/06/19,33.75,34.35,33.60,33.60,7802034,265021375,+0.10,3844
109/06/22,33.75,34.00,33.40,33.50,3270667,110205933,-0.10,1678
109/06/23,33.90,33.95,33.40,33.55,2586240,87003137,+0.05,1398
109/06/24,33.55,33.70,33.30,33.30,3052589,102013382,-0.25,1646
109/06/29,33.10,33.50,32.95,33.00,2629404,87050832,-0.30,1406
109/06/30,33.50,33.70,33.30,33.40,2769251,92655375,+0.40,1347
109/07/01,33.60,34.15,33.55,33.80,5441607,184379898,+0.40,2505
109/07/02,34.15,34.35,33.85,34.20,5692109,194164455,+0.40,2804
109/07/03,34.50,36.45,34.20,36.45,36917771,1309646601,+2.25,16247
109/07/06,37.80,39.50,37.70,38.55,46118212,1782021871,+2.10,21630
109/07/07,38.60,38.65,36.50,37.00,23008133,857140214,-1.55,12048
109/07/08,37.00,37.90,36.80,37.20,11318017,422638612,+0.20,5785
109/07/09,37.20,37.45,36.65,36.70,12738583,471001678,-0.50,6393
109/07/10,36.80,37.00,35.50,35.55,11443786,410615416,-1.15,6011
109/07/13,34.50,34.75,34.00,34.30,7187440,246725022,,3758
109/07/14,34.30,34.30,33.50,33.50,5436125,183395988,-0.80,3053
109/07/15,33.85,34.25,33.55,34.20,7328280,248692411,+0.70,3414
109/07/16,34.85,35.60,34.60,35.60,18275134,643441992,+1.40,9196
109/07/17,35.90,35.95,34.30,34.85,9917604,348091628,-0.75,5215
109/07/20,34.95,35.10,34.10,34.50,3486403,120101345,-0.35,1945
109/07/21,34.90,35.50,34.75,34.85,6323053,221812483,+0.35,3274
109/07/22,35.00,35.40,34.50,35.05,5306145,186280886,+0.20,2800
109/07/23,35.20,35.60,34.85,34.85,5913168,208188037,-0.20,2900
109/07/24,34.90,35.35,34.05,34.25,8467230,294210767,-0.60,3863
109/07/27,34.80,35.40,34.00,35.25,13979615,488753127,+1.00,6205
109/07/28,35.95,37.50,35.20,35.65,32676050,1181504258,+0.40,15059
109/07/29,35.50,35.95,35.40,35.50,7233653,257742974,-0.15,3685
109/07/30,35.85,36.40,35.55,36.35,11326485,407949203,+0.85,5034
109/07/31,36.95,37.95,36.50,37.15,52976703,1975870731,+0.80,24728
109/08/03,37.25,37.40,36.55,36.85,13050384,480848880,-0.30,6995
109/08/04,37.05,37.50,36.60,37.10,12151494,450303906,+0.25,6219
109/08/05,37.30,37.70,36.90,36.90,12040362,447713180,-0.20,5883
109/08/06,37.15,37.65,36.65,37.45,15631018,581849941,+0.55,7715
109/08/07,37.10,37.15,35.55,35.75,15096682,549041402,-1.70,8229
109/08/10,35.80,36.25,35.20,35.20,7361022,262497565,-0.55,3907
109/08/11,35.55,36.25,35.25,35.40,7887072,282271782,+0.20,4266
109/08/12,35.40,35.75,35.20,35.55,4490983,159375737,+0.15,2455
109/08/13,36.10,36.15,35.20,35.20,4757433,169184943,-0.35,2626
109/08/14,35.20,35.55,35.20,35.40,3850146,136098337,+0.20,2086
109/08/17,35.65,37.00,35.60,36.85,14717169,537996045,+1.45,7540
109/08/18,37.35,37.35,36.45,36.45,13668717,504292961,-0.40,7122
109/08/19,36.50,36.90,35.45,35.65,7254632,261408616,-0.80,4021
109/08/20,35.35,35.40,32.15,33.00,15426203,513412549,-2.65,8253
109/08/21,33.90,33.90,33.15,33.65,4847832,162755719,+0.65,2616
109/08/24,33.70,33.70,33.15,33.45,2980405,99621859,-0.20,1693
109/08/25,33.70,33.90,33.55,33.60,2661155,89615991,+0.15,1489
109/08/26,33.80,34.15,33.60,33.90,2620461,88839290,+0.30,1567
109/08/27,34.25,35.30,34.00,35.15,9470323,328390539,+1.25,5107
109/08/28,35.00,35.00,33.80,34.40,7317954,251072358,-0.75,3985
109/08/31,34.50,35.10,33.90,34.80,14842090,515353507,+0.40,5659
109/09/01,35.00,35.15,34.35,34.85,13428526,468266837,+0.05,5847
109/09/02,34.95,36.00,34.65,35.60,13761080,485266187,+0.75,6988
109/09/03,36.00,36.15,35.35,35.35,9320955,332842146,-0.25,5630
109/09/04,34.70,36.00,34.30,36.00,10912104,385617444,+0.65,5909
109/09/07,36.95,37.60,35.50,35.50,22950821,839157888,-0.50,12159
109/09/08,35.60,35.85,34.90,35.25,7978656,281257219,-0.25,4284
109/09/09,34.75,35.95,34.60,35.90,7962741,281095874,+0.65,4519
109/09/10,36.25,36.25,35.45,35.45,6176056,221420192,-0.45,3590
109/09/11,35.45,35.70,35.00,35.05,3257252,114894965,-0.40,1884
109/09/14,35.10,35.40,35.00,35.10,2740746,96383974,+0.05,1462
109/09/15,35.35,35.70,35.25,35.30,3321617,117807792,+0.20,1849
109/09/16,35.70,36.00,35.40,35.45,5642751,201377603,+0.15,2976
109/09/17,35.65,36.25,35.50,36.10,10663879,383542910,+0.65,5002
109/09/18,36.20,36.25,35.70,35.75,4413564,158540485,-0.35,2508
109/09/21,35.80,35.95,34.90,34.90,4123891,145369085,-0.85,2324
109/09/22,34.85,34.85,34.05,34.55,3381530,116616254,-0.35,2032
109/09/23,34.75,34.90,34.40,34.55,2532442,87595562,0.00,1466
109/09/24,34.10,34.40,33.35,33.35,4933645,166902733,-1.20,2906
109/09/25,33.60,34.30,32.35,33.25,7030832,234180323,-0.10,3316
109/09/28,33.90,34.50,33.70,33.90,7052141,239897594,+0.65,3722
109/09/29,34.10,34.25,33.60,33.75,2680374,90753438,-0.15,1363
109/09/30,34.05,34.20,33.60,34.15,1847184,62748227,+0.40,1017
109/10/05,34.45,34.50,34.10,34.10,3365867,115397502,-0.05,1816
109/10/06,34.45,34.65,34.20,34.25,3426128,117910277,+0.15,1886
109/10/07,34.15,34.45,34.15,34.40,1742559,59825718,+0.15,1061
109/10/08,34.70,34.75,34.15,34.20,2392037,82188407,-0.20,1421
109/10/12,34.10,34.15,33.40,33.50,4803353,161789803,-0.70,2619
109/10/13,33.60,33.65,33.15,33.45,2235769,74567957,-0.05,1349
109/10/14,33.55,34.30,33.50,34.25,3805009,129625392,+0.80,2041
109/10/15,34.60,36.00,34.60,35.60,22319862,793572063,+1.35,11971
109/10/16,35.35,35.80,34.50,34.50,10180761,357057946,-1.10,5640
109/10/19,34.80,34.85,34.40,34.50,3159541,109165843,0.00,1811
109/10/20,34.55,34.65,34.10,34.10,2839796,97369664,-0.40,1669
109/10/21,34.25,34.50,34.00,34.00,2132229,72904649,-0.10,1324
109/10/22,34.45,34.85,34.20,34.20,5055932,174550908,+0.20,2921
109/10/23,34.30,34.40,33.85,33.90,3873034,131593002,-0.30,2334
109/10/26,33.90,34.10,33.45,33.55,3507862,118012770,-0.35,2330
109/10/27,33.35,33.55,33.15,33.40,3846294,128224843,-0.15,2236
109/10/28,33.40,33.65,32.85,32.85,5093430,168600976,-0.55,3261
109/10/29,32.15,32.40,31.60,32.35,6248617,200400739,-0.50,3615
109/10/30,32.30,32.30,31.65,31.65,4745342,151709379,-0.70,2793
109/11/02,31.90,32.70,31.60,32.50,6084481,196539863,+0.85,3174
109/11/03,32.65,32.90,32.50,32.90,3675386,120281154,+0.40,1914
109/11/04,32.95,33.10,32.50,32.60,3513963,114920001,-0.30,1814
109/11/05,32.90,33.10,32.60,32.70,2530354,83062388,+0.10,1411
109/11/06,32.75,33.30,32.40,32.40,3921092,128882816,-0.30,2202
109/11/09,32.60,32.85,32.50,32.55,2846577,92881707,+0.15,1407
109/11/10,32.70,32.70,32.20,32.55,1996122,64937039,0.00,1223
109/11/11,32.80,33.15,32.55,32.85,3791191,125004976,+0.30,2078
109/11/12,33.05,33.10,32.55,32.55,2576795,84435397,-0.30,1331
109/11/13,32.65,32.90,32.50,32.80,1658881,54298569,+0.25,959
109/11/16,32.95,33.15,32.85,33.15,3221797,106494692,+0.35,1596
109/11/17,33.35,34.20,33.25,33.50,10310123,347252904,+0.35,5265
109/11/18,33.50,33.60,33.20,33.40,3084843,103056598,-0.10,1643
109/11/19,33.50,34.45,33.50,33.85,8213564,279179305,+0.45,4454
109/11/20,34.05,34.40,33.90,34.35,6293003,215307266,+0.50,3260
109/11/23,34.90,36.10,34.60,35.95,28012877,995685977,+1.60,13321
109/11/24,36.30,36.30,35.35,35.40,22908861,822692689,-0.55,10538
109/11/25,35.65,36.20,34.75,35.25,9183582,325086193,-0.15,4501
109/11/26,35.65,36.55,35.60,36.25,20176981,730076611,+1.00,9665
109/11/27,36.15,36.40,35.80,36.20,9915807,358383519,-0.05,4744
109/11/30,37.20,39.60,37.20,37.75,47524063,1829464162,+1.55,21953
109/12/01,39.20,39.80,37.80,38.70,45050510,1750038414,+0.95,22122
109/12/02,39.20,39.65,38.55,38.70,37016131,1447581202,0.00,17557
109/12/03,39.50,42.55,39.25,42.55,71112137,2972892941,+3.85,23293
109/12/04,42.80,44.90,41.80,44.30,136921888,5937742106,+1.75,60983
109/12/07,45.00,45.45,42.30,43.05,61383092,2687570368,-1.25,30252
109/12/08,43.60,46.40,43.05,45.70,71363913,3209453756,+2.65,33617
109/12/09,45.65,49.50,44.85,45.70,134543228,6333318950,0.00,63761
109/12/10,45.45,45.95,44.00,44.05,49901495,2238765315,-1.65,25354
109/12/11,45.00,46.00,42.10,44.25,55477646,2457638862,+0.20,27454
109/12/14,44.00,44.70,43.30,43.40,20156349,883277540,-0.85,10918
109/12/15,43.70,44.45,41.00,41.60,29947005,1271789188,-1.80,14961
109/12/16,42.90,43.30,42.25,42.50,17568143,750079431,+0.90,9752
109/12/17,42.90,42.90,40.80,41.10,22886409,948294059,-1.40,11757
109/12/18,41.50,41.75,40.85,41.10,12355034,509056640,0.00,6562
109/12/21,41.25,41.55,39.90,41.50,12336633,504883316,+0.40,6625
109/12/22,41.70,44.40,41.40,41.80,54475533,2343349655,+0.30,28226
109/12/23,42.15,43.30,42.05,42.60,24385519,1039405816,+0.80,13282
109/12/24,42.55,42.90,42.00,42.20,18526070,784909413,-0.40,10306
109/12/25,42.70,42.85,41.55,41.70,13100423,551612642,-0.50,7064
109/12/28,41.70,42.80,41.00,42.65,24861851,1039886186,+0.95,12817
109/12/29,43.50,44.95,43.00,43.90,58159805,2563560599,+1.25,28767
109/12/30,44.00,44.60,43.55,43.65,24523960,1079164868,-0.25,12853
109/12/31,44.30,44.45,42.70,42.80,13156278,569278040,-0.85,7263
