108/11/26,---,---,---,---,0,0,---,0
108/11/27,1.69,1.69,1.69,1.69,9000,15210,-0.02,1
108/11/28,1.70,1.73,1.70,1.73,11000,18760,+0.04,2
108/11/29,1.55,1.56,1.52,1.52,36000,55600,-0.21,4
108/12/02,1.41,1.58,1.41,1.58,60000,93070,+0.06,5
108/12/03,1.65,1.66,1.65,1.66,33000,54560,+0.08,4
108/12/04,1.73,1.73,1.69,1.69,18000,30780,+0.03,2
108/12/05,1.98,2.09,1.98,2.05,39000,79800,+0.36,5
108/12/06,2.07,2.10,2.00,2.00,25000,51850,-0.05,4
108/12/09,2.02,2.02,2.02,2.02,10000,20200,+0.02,1
108/12/10,2.00,2.08,2.00,2.08,17000,34560,+0.06,2
108/12/11,2.16,2.16,2.12,2.12,42000,89460,+0.04,3
108/12/12,2.18,2.32,2.17,2.17,59000,132210,+0.05,5
108/12/13,2.30,2.30,2.30,2.30,14000,32200,+0.13,1
108/12/16,2.26,2.59,2.26,2.43,78000,184860,+0.13,9
108/12/17,2.55,2.55,2.44,2.47,83000,208080,+0.04,9
108/12/18,2.56,2.57,2.54,2.57,27000,69150,+0.10,6
108/12/19,2.35,2.37,2.35,2.37,8000,18840,-0.20,2
108/12/20,2.25,2.26,2.25,2.26,55000,124230,-0.11,2
108/12/23,2.29,2.29,2.29,2.29,55000,125950,+0.03,2
108/12/24,2.33,2.33,2.33,2.33,6000,13980,+0.04,1
108/12/25,2.51,2.73,2.51,2.73,67000,169650,+0.40,6
108/12/26,2.65,2.66,2.58,2.58,66000,174600,-0.15,3
108/12/27,2.60,2.64,2.59,2.59,77000,201690,+0.01,5
108/12/30,2.60,2.60,2.59,2.60,78000,202740,+0.01,5
108/12/31,2.57,2.57,2.50,2.55,21000,53170,-0.05,3
109/01/02,2.49,2.81,2.49,2.81,313000,809200,+0.26,13
109/01/03,2.94,3.20,2.75,2.75,333000,1031110,-0.06,14
109/01/06,2.62,2.62,2.62,2.62,30000,78600,-0.13,2
109/01/07,2.35,2.35,2.35,2.35,50000,117500,-0.27,1
109/01/08,2.02,2.02,2.02,2.02,50000,101000,-0.33,1
109/01/09,---,---,---,---,0,0,---,0
109/01/10,2.39,2.39,2.39,2.39,58000,138620,+0.13,1
109/01/13,2.20,2.54,2.20,2.54,102000,235370,+0.15,4
109/01/14,2.88,3.03,2.79,2.91,161000,472540,+0.37,11
109/01/15,3.18,3.42,3.18,3.36,123000,403490,+0.45,9
109/01/16,3.17,3.17,3.17,3.17,6000,19020,-0.19,1
109/01/17,---,---,---,---,0,0,---,0
109/01/20,---,---,---,---,0,0,---,0
109/01/30,---,---,---,---,0,0,---,0
109/01/31,2.67,2.74,2.67,2.69,49000,131790,+0.37,16
109/02/03,2.40,2.90,2.40,2.90,97000,249130,+0.21,13
109/02/04,3.23,3.57,3.17,3.57,73000,240440,+0.67,10
109/02/05,3.59,3.79,3.56,3.78,44000,159620,+0.21,14
109/02/06,3.61,3.61,3.42,3.42,7000,24320,-0.36,3
109/02/07,---,---,---,---,0,0,---,0
109/02/10,---,---,---,---,0,0,---,0
109/02/11,---,---,---,---,0,0,---,0
109/02/12,3.52,3.52,3.52,3.52,7000,24640,+0.28,1
109/02/13,3.50,3.50,3.50,3.50,7000,24500,-0.02,1
109/02/14,---,---,---,---,0,0,---,0
109/02/17,---,---,---,---,0,0,---,0
109/02/18,---,---,---,---,0,0,---,0
109/02/19,---,---,---,---,0,0,---,0
109/02/20,---,---,---,---,0,0,---,0
109/02/21,---,---,---,---,0,0,---,0
109/02/24,---,---,---,---,0,0,---,0
109/02/25,---,---,---,---,0,0,---,0
109/02/26,---,---,---,---,0,0,---,0
109/02/27,---,---,---,---,0,0,---,0
109/03/02,2.76,2.76,2.76,2.76,5000,13800,-0.06,1
109/03/03,---,---,---,---,0,0,---,0
109/03/04,2.71,2.71,2.71,2.71,1000,2710,-0.20,1
109/03/05,---,---,---,---,0,0,---,0
109/03/06,2.79,2.79,2.79,2.79,4000,11160,-0.20,1
109/03/09,---,---,---,---,0,0,---,0
109/03/10,1.56,1.82,1.56,1.63,33000,53060,-0.16,6
109/03/11,1.94,1.95,1.68,1.70,56000,105420,+0.07,8
109/03/12,1.43,1.47,1.06,1.06,78000,101590,-0.64,11
109/03/13,0.94,1.19,0.80,1.19,152000,142610,+0.13,25
109/03/16,1.10,1.10,0.73,0.73,114000,113700,-0.46,10
109/03/17,0.52,0.66,0.52,0.61,67000,40070,-0.12,9
109/03/18,---,---,---,---,0,0,---,0
109/03/19,0.62,0.62,0.39,0.39,75000,38350,-0.22,9
109/03/20,0.66,0.87,0.66,0.87,45000,36750,+0.48,5
109/03/23,0.66,0.66,0.66,0.66,10000,6600,-0.21,2
109/03/24,---,---,---,---,0,0,---,0
109/03/25,0.96,1.00,0.96,1.00,30000,29600,+0.27,3
109/03/26,---,---,---,---,0,0,---,0
109/03/27,1.06,1.06,1.04,1.04,7000,7380,+0.04,3
109/03/30,---,---,---,---,0,0,---,0
109/03/31,---,---,---,---,0,0,---,0
109/04/01,---,---,---,---,0,0,---,0
109/04/06,0.70,0.70,0.70,0.70,30000,21000,-0.34,1
109/04/07,1.01,1.01,1.01,1.01,125000,126250,+0.31,1
109/04/08,1.59,1.85,1.59,1.85,17000,30170,+0.84,4
109/04/09,1.96,1.99,1.93,1.94,17000,33230,+0.09,9
109/04/10,---,---,---,---,0,0,---,0
109/04/13,---,---,---,---,0,0,---,0
109/04/14,1.66,1.81,1.66,1.72,72000,123820,+0.18,16
109/04/15,1.71,1.83,1.65,1.83,92000,158250,+0.11,15
109/04/16,1.76,1.84,1.73,1.84,46000,82190,+0.01,4
109/04/17,1.88,1.88,1.77,1.77,81000,147640,-0.07,12
109/04/20,1.68,1.88,1.68,1.88,21000,39180,+0.11,3
109/04/21,---,---,---,---,0,0,---,0
109/04/22,---,---,---,---,0,0,---,0
109/04/23,1.70,1.70,1.70,1.70,10000,17000,+0.16,1
109/04/24,1.30,1.30,1.30,1.30,10000,13000,-0.40,1
109/04/27,---,---,---,---,0,0,---,0
109/04/28,1.36,1.36,1.33,1.33,23000,30960,+0.04,3
109/04/29,1.37,1.44,1.37,1.44,35000,48690,+0.11,3
109/04/30,1.34,1.63,1.34,1.63,272000,411200,+0.19,13
109/05/04,1.40,1.52,1.38,1.45,634000,930100,-0.18,9
109/05/05,1.53,1.57,1.53,1.57,434000,673880,+0.12,9
109/05/06,---,---,---,---,0,0,---,0
109/05/07,---,---,---,---,0,0,---,0
109/05/08,---,---,---,---,0,0,---,0
109/05/11,---,---,---,---,0,0,---,0
109/05/12,---,---,---,---,0,0,---,0
109/05/13,---,---,---,---,0,0,---,0
109/05/14,---,---,---,---,0,0,---,0
109/05/15,---,---,---,---,0,0,---,0
109/05/14,---,---,---,---,0,0,---,0
109/05/13,---,---,---,---,0,0,---,0
109/05/12,---,---,---,---,0,0,---,0
109/05/11,---,---,---,---,0,0,---,0
109/05/08,---,---,---,---,0,0,---,0
109/05/07,---,---,---,---,0,0,---,0
109/05/06,---,---,---,---,0,0,---,0
109/05/05,1.53,1.57,1.53,1.57,434000,673880,+0.12,9
109/05/04,1.40,1.52,1.38,1.45,634000,930100,-0.18,9
109/04/30,1.34,1.63,1.34,1.63,272000,411200,+0.19,13
109/04/29,1.37,1.44,1.37,1.44,35000,48690,+0.11,3
109/04/28,1.36,1.36,1.33,1.33,23000,30960,+0.04,3
