109/02/19,---,---,---,---,0,0,---,0
109/02/20,---,---,---,---,0,0,---,0
109/02/21,---,---,---,---,0,0,---,0
109/02/24,2.33,2.33,2.33,2.33,10000,23300,-0.12,1
109/02/25,2.13,2.57,2.13,2.57,48000,117050,+0.24,5
109/02/26,2.45,2.50,2.42,2.42,67000,165560,-0.15,7
109/02/27,2.32,2.32,2.19,2.19,40000,91500,-0.23,2
109/03/02,1.98,2.22,1.98,2.22,41000,84520,+0.03,4
109/03/03,2.34,2.66,2.34,2.58,93000,234350,+0.36,10
109/03/04,2.46,2.80,2.35,2.80,147000,382820,+0.22,20
109/03/05,2.96,3.24,2.96,3.24,353000,1108940,+0.44,15
109/03/06,2.86,2.95,2.69,2.69,539000,1553580,-0.55,19
109/03/09,2.15,2.19,1.97,1.97,445000,922510,-0.72,15
109/03/10,1.80,2.12,1.80,2.08,825000,1629040,+0.11,39
109/03/11,2.04,2.07,1.79,1.79,793000,1606790,-0.29,39
109/03/12,1.31,1.31,1.16,1.16,45000,56800,-0.63,3
109/03/13,0.75,0.75,0.74,0.74,35000,26050,-0.42,2
109/03/16,---,---,---,---,0,0,---,0
109/03/17,---,---,---,---,0,0,---,0
109/03/18,1.04,1.04,1.04,1.04,5000,5200,+0.09,1
109/03/19,---,---,---,---,0,0,---,0
109/03/20,---,---,---,---,0,0,---,0
109/03/23,---,---,---,---,0,0,---,0
109/03/24,---,---,---,---,0,0,---,0
109/03/25,---,---,---,---,0,0,---,0
109/03/26,---,---,---,---,0,0,---,0
109/03/27,---,---,---,---,0,0,---,0
109/03/30,---,---,---,---,0,0,---,0
109/03/31,---,---,---,---,0,0,---,0
109/04/01,---,---,---,---,0,0,---,0
109/04/06,---,---,---,---,0,0,---,0
109/04/07,---,---,---,---,0,0,---,0
109/04/08,---,---,---,---,0,0,---,0
109/04/09,---,---,---,---,0,0,---,0
109/04/10,---,---,---,---,0,0,---,0
109/04/13,---,---,---,---,0,0,---,0
109/04/14,---,---,---,---,0,0,---,0
109/04/15,---,---,---,---,0,0,---,0
109/04/16,---,---,---,---,0,0,---,0
109/04/17,---,---,---,---,0,0,---,0
109/04/20,---,---,---,---,0,0,---,0
109/04/21,---,---,---,---,0,0,---,0
109/04/22,---,---,---,---,0,0,---,0
109/04/23,---,---,---,---,0,0,---,0
109/04/24,---,---,---,---,0,0,---,0
109/04/27,---,---,---,---,0,0,---,0
109/04/28,1.50,1.50,1.50,1.50,30000,45000,+0.14,1
109/04/29,2.29,2.43,2.26,2.43,83000,195600,+0.93,8
109/04/30,2.37,2.37,2.13,2.13,37000,80690,-0.30,6
109/05/04,1.96,1.96,1.90,1.90,19000,36900,-0.23,3
109/05/05,2.14,2.14,2.08,2.08,31000,65860,+0.18,2
109/05/06,---,---,---,---,0,0,---,0
109/05/07,---,---,---,---,0,0,---,0
109/05/08,2.17,2.17,2.13,2.13,80000,171700,+0.05,5
109/05/11,2.15,2.45,2.15,2.45,171000,384370,+0.32,11
109/05/12,2.43,2.43,2.19,2.28,279000,652940,-0.17,14
109/05/13,2.13,2.13,2.13,2.13,33000,70290,-0.15,2
109/05/14,1.98,2.17,1.98,2.07,95000,198180,-0.06,6
109/05/15,2.15,2.15,1.97,2.03,43000,90200,-0.04,4
109/05/14,1.98,2.17,1.98,2.07,95000,198180,-0.06,6
109/05/13,2.13,2.13,2.13,2.13,33000,70290,-0.15,2
109/05/12,2.43,2.43,2.19,2.28,279000,652940,-0.17,14
109/05/11,2.15,2.45,2.15,2.45,171000,384370,+0.32,11
109/05/08,2.17,2.17,2.13,2.13,80000,171700,+0.05,5
109/05/07,---,---,---,---,0,0,---,0
109/05/06,---,---,---,---,0,0,---,0
109/05/05,2.14,2.14,2.08,2.08,31000,65860,+0.18,2
109/05/04,1.96,1.96,1.90,1.90,19000,36900,-0.23,3
109/04/30,2.37,2.37,2.13,2.13,37000,80690,-0.30,6
109/04/29,2.29,2.43,2.26,2.43,83000,195600,+0.93,8
109/04/28,1.50,1.50,1.50,1.50,30000,45000,+0.14,1
