109/03/05,---,---,---,---,0,0,---,0
109/03/06,1.19,1.25,1.19,1.21,99000,119550,+0.02,5
109/03/09,1.10,1.11,1.02,1.02,92000,101250,-0.19,4
109/03/10,0.97,1.04,0.97,1.04,110000,110900,+0.02,3
109/03/11,1.08,1.10,1.08,1.10,40000,43600,+0.06,2
109/03/12,0.94,0.94,0.65,0.65,165000,126850,-0.45,4
109/03/13,0.40,0.40,0.40,0.40,150000,60000,-0.25,3
109/03/16,0.47,0.47,0.47,0.47,100000,47000,+0.07,1
109/03/17,---,---,---,---,0,0,---,0
109/03/18,---,---,---,---,0,0,---,0
109/03/19,0.26,0.26,0.26,0.26,10000,2600,-0.14,1
109/03/20,---,---,---,---,0,0,---,0
109/03/23,---,---,---,---,0,0,---,0
109/03/24,---,---,---,---,0,0,---,0
109/03/25,---,---,---,---,0,0,---,0
109/03/26,---,---,---,---,0,0,---,0
109/03/27,---,---,---,---,0,0,---,0
109/03/30,---,---,---,---,0,0,---,0
109/03/31,---,---,---,---,0,0,---,0
109/04/01,---,---,---,---,0,0,---,0
109/04/06,---,---,---,---,0,0,---,0
109/04/07,0.40,0.40,0.40,0.40,10000,4000,+0.09,1
109/04/08,0.55,0.55,0.55,0.55,2000,1100,+0.15,1
109/04/09,---,---,---,---,0,0,---,0
109/04/10,---,---,---,---,0,0,---,0
109/04/13,0.60,0.72,0.60,0.72,10000,6960,+0.17,3
109/04/14,0.62,0.62,0.62,0.62,260000,161200,-0.10,1
109/04/15,---,---,---,---,0,0,---,0
109/04/16,---,---,---,---,0,0,---,0
109/04/17,---,---,---,---,0,0,---,0
109/04/20,---,---,---,---,0,0,---,0
109/04/21,---,---,---,---,0,0,---,0
109/04/22,---,---,---,---,0,0,---,0
109/04/23,---,---,---,---,0,0,---,0
109/04/24,---,---,---,---,0,0,---,0
109/04/27,---,---,---,---,0,0,---,0
109/04/28,---,---,---,---,0,0,---,0
109/04/29,0.73,0.73,0.71,0.71,5000,3570,+0.13,2
109/04/30,0.89,0.92,0.89,0.92,10000,8930,+0.21,3
109/05/04,1.08,1.08,1.08,1.08,1000,1080,+0.16,1
109/05/05,---,---,---,---,0,0,---,0
109/05/06,1.31,1.33,1.31,1.33,2000,2640,+0.24,2
109/05/07,---,---,---,---,0,0,---,0
109/05/08,1.23,1.23,1.23,1.23,1000,1230,-0.10,1
109/05/11,1.89,2.03,1.89,1.96,119000,237120,+0.73,8
109/05/12,2.00,2.00,1.88,1.88,169000,329920,-0.08,18
109/05/13,1.78,1.78,1.78,1.78,100000,178000,-0.10,3
109/05/14,1.79,1.85,1.56,1.56,162000,279200,-0.22,6
109/05/15,1.69,1.69,1.63,1.66,103000,172070,+0.10,5
109/05/14,1.79,1.85,1.56,1.56,162000,279200,-0.22,6
109/05/13,1.78,1.78,1.78,1.78,100000,178000,-0.10,3
109/05/12,2.00,2.00,1.88,1.88,169000,329920,-0.08,18
109/05/11,1.89,2.03,1.89,1.96,119000,237120,+0.73,8
109/05/08,1.23,1.23,1.23,1.23,1000,1230,-0.10,1
109/05/07,---,---,---,---,0,0,---,0
109/05/06,1.31,1.33,1.31,1.33,2000,2640,+0.24,2
109/05/05,---,---,---,---,0,0,---,0
109/05/04,1.08,1.08,1.08,1.08,1000,1080,+0.16,1
109/04/30,0.89,0.92,0.89,0.92,10000,8930,+0.21,3
109/04/29,0.73,0.73,0.71,0.71,5000,3570,+0.13,2
109/04/28,---,---,---,---,0,0,---,0
