109/04/08,---,---,---,---,0,0,---,0
109/04/09,2.05,2.05,1.87,1.87,16000,31770,+0.09,5
109/04/10,1.85,1.95,1.83,1.95,16000,29500,+0.08,3
109/04/13,1.93,1.93,1.89,1.89,11000,21190,-0.06,2
109/04/14,1.84,1.84,1.81,1.81,12000,21760,-0.08,3
109/04/15,1.87,1.96,1.87,1.96,27000,51210,+0.15,12
109/04/16,1.87,1.94,1.87,1.94,27000,51190,-0.02,7
109/04/17,---,---,---,---,0,0,---,0
109/04/20,2.01,2.01,2.01,2.01,10000,20100,+0.07,4
109/04/21,2.24,2.29,2.20,2.20,31000,69870,+0.19,6
109/04/22,2.01,2.12,2.01,2.12,31000,64410,-0.08,4
109/04/23,---,---,---,---,0,0,---,0
109/04/24,---,---,---,---,0,0,---,0
109/04/27,---,---,---,---,0,0,---,0
109/04/28,---,---,---,---,0,0,---,0
109/04/29,---,---,---,---,0,0,---,0
109/04/30,2.20,2.20,2.20,2.20,3000,6600,+0.01,2
109/05/04,2.10,2.12,2.10,2.12,23000,48510,-0.08,5
109/05/05,2.23,2.24,2.23,2.24,11000,24540,+0.12,2
109/05/06,2.17,2.17,2.17,2.17,1000,2170,-0.07,1
109/05/07,---,---,---,---,0,0,---,0
109/05/08,---,---,---,---,0,0,---,0
109/05/11,---,---,---,---,0,0,---,0
109/05/12,---,---,---,---,0,0,---,0
109/05/13,---,---,---,---,0,0,---,0
109/05/14,---,---,---,---,0,0,---,0
109/05/15,1.84,1.84,1.75,1.75,20000,35900,-0.17,2
109/05/14,---,---,---,---,0,0,---,0
109/05/13,---,---,---,---,0,0,---,0
109/05/12,---,---,---,---,0,0,---,0
109/05/11,---,---,---,---,0,0,---,0
109/05/08,---,---,---,---,0,0,---,0
109/05/07,---,---,---,---,0,0,---,0
109/05/06,2.17,2.17,2.17,2.17,1000,2170,-0.07,1
109/05/05,2.23,2.24,2.23,2.24,11000,24540,+0.12,2
109/05/04,2.10,2.12,2.10,2.12,23000,48510,-0.08,5
109/04/30,2.20,2.20,2.20,2.20,3000,6600,+0.01,2
109/04/29,---,---,---,---,0,0,---,0
109/04/28,---,---,---,---,0,0,---,0
