109/04/17,---,---,---,---,0,0,---,0
109/04/20,0.74,0.83,0.74,0.83,62000,46960,+0.08,3
109/04/21,0.83,0.83,0.83,0.83,14000,11620,0.00,2
109/04/22,0.73,0.78,0.73,0.78,96000,72380,-0.05,2
109/04/23,0.75,0.75,0.75,0.75,46000,34500,-0.03,1
109/04/24,0.80,0.93,0.80,0.93,152000,132360,+0.18,14
109/04/27,1.11,1.19,1.11,1.17,153000,176870,+0.24,6
109/04/28,---,---,---,---,0,0,---,0
109/04/29,1.00,1.10,1.00,1.08,111000,118090,+0.11,8
109/04/30,1.04,1.08,1.03,1.08,129000,137390,0.00,6
109/05/04,0.98,1.02,0.97,1.00,52000,50910,-0.08,5
109/05/05,1.07,1.07,1.06,1.06,2000,2130,+0.06,2
109/05/06,1.03,1.03,1.03,1.03,2000,2060,-0.03,1
109/05/07,1.11,1.11,1.11,1.11,23000,25530,+0.08,2
109/05/08,---,---,---,---,0,0,---,0
109/05/11,1.14,1.14,1.12,1.12,20000,22600,+0.01,2
109/05/12,1.02,1.02,1.02,1.02,40000,40800,-0.10,2
109/05/13,0.98,0.98,0.98,0.98,87000,85260,-0.04,1
109/05/14,1.00,1.05,1.00,1.05,185000,189900,+0.07,5
109/05/15,0.97,0.97,0.96,0.96,98000,94560,-0.09,2
109/05/14,1.00,1.05,1.00,1.05,185000,189900,+0.07,5
109/05/13,0.98,0.98,0.98,0.98,87000,85260,-0.04,1
109/05/12,1.02,1.02,1.02,1.02,40000,40800,-0.10,2
109/05/11,1.14,1.14,1.12,1.12,20000,22600,+0.01,2
109/05/08,---,---,---,---,0,0,---,0
109/05/07,1.11,1.11,1.11,1.11,23000,25530,+0.08,2
109/05/06,1.03,1.03,1.03,1.03,2000,2060,-0.03,1
109/05/05,1.07,1.07,1.06,1.06,2000,2130,+0.06,2
109/05/04,0.98,1.02,0.97,1.00,52000,50910,-0.08,5
109/04/30,1.04,1.08,1.03,1.08,129000,137390,0.00,6
109/04/29,1.00,1.10,1.00,1.08,111000,118090,+0.11,8
109/04/28,---,---,---,---,0,0,---,0
