109/04/20,---,---,---,---,0,0,---,0
109/04/21,0.80,0.80,0.80,0.80,68000,54400,+0.03,6
109/04/22,0.81,0.86,0.81,0.86,269000,226940,+0.06,14
109/04/23,0.91,0.91,0.86,0.86,292000,256670,0.00,11
109/04/24,---,---,---,---,0,0,---,0
109/04/27,---,---,---,---,0,0,---,0
109/04/28,0.84,0.90,0.84,0.85,493000,434850,+0.03,12
109/04/29,0.83,0.86,0.83,0.86,472000,403870,+0.01,17
109/04/30,0.87,0.87,0.79,0.80,397000,330050,-0.06,9
109/05/04,0.74,0.75,0.65,0.65,225000,158650,-0.15,16
109/05/05,0.68,0.68,0.68,0.68,1000,680,+0.03,1
109/05/06,0.66,0.67,0.66,0.67,4000,2670,-0.01,2
109/05/07,0.63,0.64,0.63,0.64,13000,8310,-0.03,4
109/05/08,---,---,---,---,0,0,---,0
109/05/11,0.60,0.60,0.59,0.59,14000,8310,-0.04,2
109/05/12,0.58,0.59,0.58,0.59,14000,8140,0.00,6
109/05/13,0.65,0.65,0.65,0.65,8000,5200,+0.06,1
109/05/14,0.68,0.68,0.68,0.68,10000,6800,+0.03,1
109/05/15,0.66,0.66,0.65,0.65,16000,10500,-0.03,2
109/05/14,0.68,0.68,0.68,0.68,10000,6800,+0.03,1
109/05/13,0.65,0.65,0.65,0.65,8000,5200,+0.06,1
109/05/12,0.58,0.59,0.58,0.59,14000,8140,0.00,6
109/05/11,0.60,0.60,0.59,0.59,14000,8310,-0.04,2
109/05/08,---,---,---,---,0,0,---,0
109/05/07,0.63,0.64,0.63,0.64,13000,8310,-0.03,4
109/05/06,0.66,0.67,0.66,0.67,4000,2670,-0.01,2
109/05/05,0.68,0.68,0.68,0.68,1000,680,+0.03,1
109/05/04,0.74,0.75,0.65,0.65,225000,158650,-0.15,16
109/04/30,0.87,0.87,0.79,0.80,397000,330050,-0.06,9
109/04/29,0.83,0.86,0.83,0.86,472000,403870,+0.01,17
109/04/28,0.84,0.90,0.84,0.85,493000,434850,+0.03,12
