109/04/29,1.11,1.11,1.09,1.09,15000,16450,+0.09,2
109/04/30,1.11,1.11,1.11,1.11,10000,11100,+0.02,2
109/05/04,1.08,1.08,1.08,1.08,60000,64800,-0.03,2
109/05/05,1.10,1.10,1.10,1.10,20000,22000,+0.02,1
109/05/06,1.05,1.05,0.98,0.98,151000,155090,-0.12,9
109/05/07,1.01,1.08,1.01,1.07,53000,56140,+0.09,5
109/05/08,1.14,1.14,1.08,1.08,120000,134130,+0.01,5
109/05/11,1.03,1.03,1.03,1.03,68000,70040,-0.05,1
109/05/12,1.02,1.02,1.02,1.02,68000,69360,-0.01,1
109/05/13,1.01,1.02,0.98,0.98,165000,165570,-0.04,4
109/05/14,0.96,0.96,0.96,0.96,77000,73920,-0.02,1
109/05/15,---,---,---,---,0,0,---,0
109/05/14,0.96,0.96,0.96,0.96,77000,73920,-0.02,1
109/05/13,1.01,1.02,0.98,0.98,165000,165570,-0.04,4
109/05/12,1.02,1.02,1.02,1.02,68000,69360,-0.01,1
109/05/11,1.03,1.03,1.03,1.03,68000,70040,-0.05,1
109/05/08,1.14,1.14,1.08,1.08,120000,134130,+0.01,5
109/05/07,1.01,1.08,1.01,1.07,53000,56140,+0.09,5
109/05/06,1.05,1.05,0.98,0.98,151000,155090,-0.12,9
109/05/05,1.10,1.10,1.10,1.10,20000,22000,+0.02,1
109/05/04,1.08,1.08,1.08,1.08,60000,64800,-0.03,2
109/04/30,1.11,1.11,1.11,1.11,10000,11100,+0.02,2
109/04/29,1.11,1.11,1.09,1.09,15000,16450,+0.09,2
