109/04/28,2.49,2.49,2.49,2.49,25000,62250,+0.13,2
109/04/29,2.43,2.49,2.43,2.49,27000,65730,0.00,2
109/04/30,2.44,2.58,2.44,2.49,186000,470080,0.00,19
109/05/04,2.33,2.41,2.31,2.41,179000,421520,-0.08,17
109/05/05,2.40,2.57,2.40,2.57,82000,204690,+0.16,5
109/05/06,2.53,2.53,2.41,2.45,91000,224530,-0.12,8
109/05/07,---,---,---,---,0,0,---,0
109/05/08,2.49,2.53,2.47,2.50,248000,620540,+0.07,12
109/05/11,2.74,2.98,2.50,2.50,378000,1019680,0.00,38
109/05/12,2.50,2.50,2.28,2.28,60000,145300,-0.22,9
109/05/13,---,---,---,---,0,0,---,0
109/05/14,2.04,2.04,1.99,2.04,40000,80600,-0.24,4
109/05/15,2.07,2.07,1.91,1.91,68000,137880,-0.13,2
109/05/14,2.04,2.04,1.99,2.04,40000,80600,-0.24,4
109/05/13,---,---,---,---,0,0,---,0
109/05/12,2.50,2.50,2.28,2.28,60000,145300,-0.22,9
109/05/11,2.74,2.98,2.50,2.50,378000,1019680,0.00,38
109/05/08,2.49,2.53,2.47,2.50,248000,620540,+0.07,12
109/05/07,---,---,---,---,0,0,---,0
109/05/06,2.53,2.53,2.41,2.45,91000,224530,-0.12,8
109/05/05,2.40,2.57,2.40,2.57,82000,204690,+0.16,5
109/05/04,2.33,2.41,2.31,2.41,179000,421520,-0.08,17
109/04/30,2.44,2.58,2.44,2.49,186000,470080,0.00,19
109/04/29,2.43,2.49,2.43,2.49,27000,65730,0.00,2
109/04/28,2.49,2.49,2.49,2.49,25000,62250,+0.13,2
