109/04/27,---,---,---,---,0,0,---,0
109/04/28,1.16,1.16,1.14,1.14,170000,195800,+0.02,3
109/04/29,1.16,1.20,1.16,1.20,132000,155800,+0.06,7
109/04/30,1.20,1.20,1.17,1.17,64000,75240,-0.03,3
109/05/04,1.09,1.16,1.09,1.16,101000,112760,-0.01,7
109/05/05,1.16,1.22,1.16,1.22,278000,328870,+0.06,11
109/05/06,1.14,1.14,1.08,1.08,212000,234860,-0.14,19
109/05/07,1.08,1.08,1.02,1.02,106000,112540,-0.06,6
109/05/08,1.00,1.00,1.00,1.00,5000,5000,-0.02,1
109/05/11,0.99,0.99,0.99,0.99,3000,2970,-0.01,1
109/05/12,---,---,---,---,0,0,---,0
109/05/13,---,---,---,---,0,0,---,0
109/05/14,1.03,1.07,1.03,1.07,300000,315000,+0.05,5
109/05/15,1.04,1.05,1.02,1.03,300000,308700,-0.04,11
109/05/14,1.03,1.07,1.03,1.07,300000,315000,+0.05,5
109/05/13,---,---,---,---,0,0,---,0
109/05/12,---,---,---,---,0,0,---,0
109/05/11,0.99,0.99,0.99,0.99,3000,2970,-0.01,1
109/05/08,1.00,1.00,1.00,1.00,5000,5000,-0.02,1
109/05/07,1.08,1.08,1.02,1.02,106000,112540,-0.06,6
109/05/06,1.14,1.14,1.08,1.08,212000,234860,-0.14,19
109/05/05,1.16,1.22,1.16,1.22,278000,328870,+0.06,11
109/05/04,1.09,1.16,1.09,1.16,101000,112760,-0.01,7
109/04/30,1.20,1.20,1.17,1.17,64000,75240,-0.03,3
109/04/29,1.16,1.20,1.16,1.20,132000,155800,+0.06,7
109/04/28,1.16,1.16,1.14,1.14,170000,195800,+0.02,3
