109/04/28,3.12,3.12,3.05,3.05,12000,37020,+0.40,2
109/04/29,2.98,3.03,2.98,3.03,71000,212850,-0.02,4
109/04/30,2.95,3.12,2.90,3.12,162000,493680,+0.09,8
109/05/04,2.83,2.92,2.83,2.92,92000,262750,-0.20,4
109/05/05,3.16,3.16,3.16,3.16,24000,75840,+0.24,1
109/05/06,3.04,3.04,3.04,3.04,24000,72960,-0.12,1
109/05/07,2.99,2.99,2.99,2.99,41000,122590,-0.05,2
109/05/08,3.05,3.09,3.05,3.09,46000,140940,+0.10,2
109/05/11,3.38,3.38,3.38,3.38,16000,54080,+0.29,1
109/05/12,---,---,---,---,0,0,---,0
109/05/13,---,---,---,---,0,0,---,0
109/05/14,---,---,---,---,0,0,---,0
109/05/15,2.49,2.49,2.49,2.49,20000,49800,0.00,1
109/05/14,---,---,---,---,0,0,---,0
109/05/13,---,---,---,---,0,0,---,0
109/05/12,---,---,---,---,0,0,---,0
109/05/11,3.38,3.38,3.38,3.38,16000,54080,+0.29,1
109/05/08,3.05,3.09,3.05,3.09,46000,140940,+0.10,2
109/05/07,2.99,2.99,2.99,2.99,41000,122590,-0.05,2
109/05/06,3.04,3.04,3.04,3.04,24000,72960,-0.12,1
109/05/05,3.16,3.16,3.16,3.16,24000,75840,+0.24,1
109/05/04,2.83,2.92,2.83,2.92,92000,262750,-0.20,4
109/04/30,2.95,3.12,2.90,3.12,162000,493680,+0.09,8
109/04/29,2.98,3.03,2.98,3.03,71000,212850,-0.02,4
109/04/28,3.12,3.12,3.05,3.05,12000,37020,+0.40,2
