109/04/28,---,---,---,---,0,0,---,0
109/04/29,0.88,0.89,0.88,0.89,6000,5300,+0.06,2
109/04/30,0.89,0.89,0.82,0.82,40000,33820,-0.07,9
109/05/04,0.82,0.82,0.79,0.79,35000,28580,-0.03,3
109/05/05,---,---,---,---,0,0,---,0
109/05/06,0.85,0.89,0.85,0.89,12000,10280,+0.12,2
109/05/07,0.91,1.00,0.91,0.99,16000,15090,+0.10,3
109/05/08,1.45,1.45,1.18,1.25,131000,173040,+0.26,8
109/05/11,1.33,1.48,1.25,1.48,507000,681870,+0.23,30
109/05/12,1.52,1.70,1.42,1.52,794000,1235210,+0.04,64
109/05/13,1.54,1.88,1.45,1.61,781000,1284470,+0.09,84
109/05/14,1.59,1.82,1.54,1.58,404000,686950,-0.03,45
109/05/15,1.74,2.03,1.73,2.03,893000,1684310,+0.45,87
109/05/14,1.59,1.82,1.54,1.58,404000,686950,-0.03,45
109/05/13,1.54,1.88,1.45,1.61,781000,1284470,+0.09,84
109/05/12,1.52,1.70,1.42,1.52,794000,1235210,+0.04,64
109/05/11,1.33,1.48,1.25,1.48,507000,681870,+0.23,30
109/05/08,1.45,1.45,1.18,1.25,131000,173040,+0.26,8
109/05/07,0.91,1.00,0.91,0.99,16000,15090,+0.10,3
109/05/06,0.85,0.89,0.85,0.89,12000,10280,+0.12,2
109/05/05,---,---,---,---,0,0,---,0
109/05/04,0.82,0.82,0.79,0.79,35000,28580,-0.03,3
109/04/30,0.89,0.89,0.82,0.82,40000,33820,-0.07,9
109/04/29,0.88,0.89,0.88,0.89,6000,5300,+0.06,2
109/04/28,---,---,---,---,0,0,---,0
