109/04/27,---,---,---,---,0,0,---,0
109/04/28,1.19,1.20,1.19,1.20,122000,145720,-0.09,5
109/04/29,1.30,1.37,1.30,1.35,64000,84580,+0.15,9
109/04/30,1.51,1.51,1.48,1.48,22000,33060,+0.13,4
109/05/04,1.42,1.42,1.41,1.41,48000,68090,-0.07,7
109/05/05,1.47,1.48,1.39,1.39,88000,123030,-0.02,4
109/05/06,---,---,---,---,0,0,---,0
109/05/07,1.42,1.48,1.42,1.48,69000,100940,+0.09,7
109/05/08,1.54,1.54,1.53,1.53,9000,13830,+0.05,2
109/05/11,---,---,---,---,0,0,---,0
109/05/12,---,---,---,---,0,0,---,0
109/05/13,---,---,---,---,0,0,---,0
109/05/14,1.45,1.45,1.45,1.45,5000,7250,-0.04,1
109/05/15,---,---,---,---,0,0,---,0
109/05/14,1.45,1.45,1.45,1.45,5000,7250,-0.04,1
109/05/13,---,---,---,---,0,0,---,0
109/05/12,---,---,---,---,0,0,---,0
109/05/11,---,---,---,---,0,0,---,0
109/05/08,1.54,1.54,1.53,1.53,9000,13830,+0.05,2
109/05/07,1.42,1.48,1.42,1.48,69000,100940,+0.09,7
109/05/06,---,---,---,---,0,0,---,0
109/05/05,1.47,1.48,1.39,1.39,88000,123030,-0.02,4
109/05/04,1.42,1.42,1.41,1.41,48000,68090,-0.07,7
109/04/30,1.51,1.51,1.48,1.48,22000,33060,+0.13,4
109/04/29,1.30,1.37,1.30,1.35,64000,84580,+0.15,9
109/04/28,1.19,1.20,1.19,1.20,122000,145720,-0.09,5
