109/04/27,---,---,---,---,0,0,---,0
109/04/28,---,---,---,---,0,0,---,0
109/04/29,---,---,---,---,0,0,---,0
109/04/30,0.75,0.85,0.75,0.85,343000,269030,+0.12,17
109/05/04,0.85,1.00,0.85,0.98,648000,618510,+0.13,48
109/05/05,0.95,0.98,0.92,0.98,300000,284010,0.00,18
109/05/06,0.98,0.99,0.96,0.96,145000,142270,-0.02,8
109/05/07,0.99,0.99,0.97,0.99,150000,146900,+0.03,6
109/05/08,1.05,1.13,1.04,1.07,347000,376700,+0.08,15
109/05/11,1.10,1.13,1.09,1.09,270000,300630,+0.02,10
109/05/12,1.10,1.10,1.06,1.07,142000,152910,-0.02,8
109/05/13,1.02,1.02,1.02,1.02,9000,9180,-0.05,1
109/05/14,---,---,---,---,0,0,---,0
109/05/15,0.97,0.97,0.93,0.93,111000,104820,+0.04,5
109/05/14,---,---,---,---,0,0,---,0
109/05/13,1.02,1.02,1.02,1.02,9000,9180,-0.05,1
109/05/12,1.10,1.10,1.06,1.07,142000,152910,-0.02,8
109/05/11,1.10,1.13,1.09,1.09,270000,300630,+0.02,10
109/05/08,1.05,1.13,1.04,1.07,347000,376700,+0.08,15
109/05/07,0.99,0.99,0.97,0.99,150000,146900,+0.03,6
109/05/06,0.98,0.99,0.96,0.96,145000,142270,-0.02,8
109/05/05,0.95,0.98,0.92,0.98,300000,284010,0.00,18
109/05/04,0.85,1.00,0.85,0.98,648000,618510,+0.13,48
109/04/30,0.75,0.85,0.75,0.85,343000,269030,+0.12,17
109/04/29,---,---,---,---,0,0,---,0
109/04/28,---,---,---,---,0,0,---,0
