109/04/28,---,---,---,---,0,0,---,0
109/04/29,1.59,1.59,1.59,1.59,13000,20670,+0.05,1
109/04/30,1.60,1.60,1.59,1.59,13000,20760,0.00,2
109/05/04,1.52,1.57,1.52,1.57,609000,926920,-0.02,4
109/05/05,1.59,1.72,1.59,1.60,729000,1200410,+0.03,44
109/05/06,1.69,2.04,1.69,1.94,273000,519120,+0.34,29
109/05/07,1.95,2.40,1.95,2.38,666000,1480830,+0.44,59
109/05/08,2.65,2.71,2.61,2.71,120000,318100,+0.33,12
109/05/11,2.28,2.34,2.28,2.34,8000,18420,-0.37,2
109/05/12,2.14,2.14,2.14,2.14,3000,6420,-0.20,1
109/05/13,---,---,---,---,0,0,---,0
109/05/14,---,---,---,---,0,0,---,0
109/05/15,2.19,2.19,1.95,1.97,1120000,2273900,-0.13,25
109/05/14,---,---,---,---,0,0,---,0
109/05/13,---,---,---,---,0,0,---,0
109/05/12,2.14,2.14,2.14,2.14,3000,6420,-0.20,1
109/05/11,2.28,2.34,2.28,2.34,8000,18420,-0.37,2
109/05/08,2.65,2.71,2.61,2.71,120000,318100,+0.33,12
109/05/07,1.95,2.40,1.95,2.38,666000,1480830,+0.44,59
109/05/06,1.69,2.04,1.69,1.94,273000,519120,+0.34,29
109/05/05,1.59,1.72,1.59,1.60,729000,1200410,+0.03,44
109/05/04,1.52,1.57,1.52,1.57,609000,926920,-0.02,4
109/04/30,1.60,1.60,1.59,1.59,13000,20760,0.00,2
109/04/29,1.59,1.59,1.59,1.59,13000,20670,+0.05,1
109/04/28,---,---,---,---,0,0,---,0
