109/04/28,---,---,---,---,0,0,---,0
109/04/29,1.43,1.47,1.43,1.47,257000,370130,+0.15,9
109/04/30,1.40,1.40,1.33,1.33,267000,357410,-0.14,10
109/05/04,1.30,1.30,1.30,1.30,5000,6500,-0.03,1
109/05/05,---,---,---,---,0,0,---,0
109/05/06,1.36,1.36,1.36,1.36,15000,20400,+0.06,1
109/05/07,---,---,---,---,0,0,---,0
109/05/08,---,---,---,---,0,0,---,0
109/05/11,1.38,1.40,1.38,1.40,81000,112390,+0.12,5
109/05/12,1.47,1.60,1.47,1.60,182000,279130,+0.20,9
109/05/13,1.64,1.75,1.64,1.71,201000,343500,+0.11,13
109/05/14,1.70,1.73,1.67,1.73,203000,342550,+0.02,16
109/05/15,2.02,2.15,2.02,2.15,279000,579690,+0.42,13
109/05/14,1.70,1.73,1.67,1.73,203000,342550,+0.02,16
109/05/13,1.64,1.75,1.64,1.71,201000,343500,+0.11,13
109/05/12,1.47,1.60,1.47,1.60,182000,279130,+0.20,9
109/05/11,1.38,1.40,1.38,1.40,81000,112390,+0.12,5
109/05/08,---,---,---,---,0,0,---,0
109/05/07,---,---,---,---,0,0,---,0
109/05/06,1.36,1.36,1.36,1.36,15000,20400,+0.06,1
109/05/05,---,---,---,---,0,0,---,0
109/05/04,1.30,1.30,1.30,1.30,5000,6500,-0.03,1
109/04/30,1.40,1.40,1.33,1.33,267000,357410,-0.14,10
109/04/29,1.43,1.47,1.43,1.47,257000,370130,+0.15,9
109/04/28,---,---,---,---,0,0,---,0
