109/04/30,0.78,0.78,0.78,0.78,40000,31200,+0.08,1
109/05/04,0.73,0.74,0.73,0.74,70000,51700,-0.04,2
109/05/05,0.76,0.76,0.75,0.75,60000,45100,+0.01,2
109/05/06,---,---,---,---,0,0,---,0
109/05/07,0.71,0.74,0.71,0.73,294000,212720,+0.04,5
109/05/08,0.79,0.79,0.69,0.69,374000,284230,-0.04,45
109/05/11,0.70,0.72,0.70,0.70,200000,141840,+0.01,7
109/05/12,0.70,0.73,0.70,0.72,90000,63620,+0.02,4
109/05/13,0.68,0.69,0.66,0.69,38000,25210,-0.03,6
109/05/14,0.64,0.67,0.62,0.62,32000,20430,-0.07,5
109/05/15,0.58,0.58,0.58,0.58,15000,8700,-0.04,2
109/05/14,0.64,0.67,0.62,0.62,32000,20430,-0.07,5
109/05/13,0.68,0.69,0.66,0.69,38000,25210,-0.03,6
109/05/12,0.70,0.73,0.70,0.72,90000,63620,+0.02,4
109/05/11,0.70,0.72,0.70,0.70,200000,141840,+0.01,7
109/05/08,0.79,0.79,0.69,0.69,374000,284230,-0.04,45
109/05/07,0.71,0.74,0.71,0.73,294000,212720,+0.04,5
109/05/06,---,---,---,---,0,0,---,0
109/05/05,0.76,0.76,0.75,0.75,60000,45100,+0.01,2
109/05/04,0.73,0.74,0.73,0.74,70000,51700,-0.04,2
109/04/30,0.78,0.78,0.78,0.78,40000,31200,+0.08,1
