109/04/29,---,---,---,---,0,0,---,0
109/04/30,0.82,0.82,0.82,0.82,218000,178760,+0.06,3
109/05/04,0.79,0.79,0.79,0.79,18000,14220,-0.03,1
109/05/05,0.72,0.72,0.72,0.72,200000,144000,-0.07,1
109/05/06,---,---,---,---,0,0,---,0
109/05/07,0.70,0.70,0.70,0.70,200000,140000,0.00,2
109/05/08,0.77,0.77,0.77,0.77,200000,154000,+0.07,2
109/05/11,0.91,0.91,0.85,0.85,185000,159100,+0.08,5
109/05/12,0.87,0.89,0.82,0.82,195000,165510,-0.03,3
109/05/13,0.75,0.86,0.75,0.86,407000,346760,+0.04,5
109/05/14,0.85,0.86,0.85,0.86,438000,372980,0.00,4
109/05/15,0.90,1.06,0.90,1.06,987000,992640,+0.20,27
109/05/14,0.85,0.86,0.85,0.86,438000,372980,0.00,4
109/05/13,0.75,0.86,0.75,0.86,407000,346760,+0.04,5
109/05/12,0.87,0.89,0.82,0.82,195000,165510,-0.03,3
109/05/11,0.91,0.91,0.85,0.85,185000,159100,+0.08,5
109/05/08,0.77,0.77,0.77,0.77,200000,154000,+0.07,2
109/05/07,0.70,0.70,0.70,0.70,200000,140000,0.00,2
109/05/06,---,---,---,---,0,0,---,0
109/05/05,0.72,0.72,0.72,0.72,200000,144000,-0.07,1
109/05/04,0.79,0.79,0.79,0.79,18000,14220,-0.03,1
109/04/30,0.82,0.82,0.82,0.82,218000,178760,+0.06,3
109/04/29,---,---,---,---,0,0,---,0
