109/04/30,1.84,1.84,1.84,1.84,10000,18400,+0.05,1
109/05/04,1.68,1.69,1.68,1.69,55000,92450,-0.15,2
109/05/05,1.86,1.95,1.86,1.95,33000,62760,+0.26,3
109/05/06,1.83,1.83,1.79,1.80,43000,77420,-0.15,5
109/05/07,1.91,1.91,1.88,1.88,110000,209800,+0.08,2
109/05/08,1.83,1.88,1.83,1.84,110000,204750,-0.04,16
109/05/11,1.62,1.62,1.61,1.61,125000,201750,-0.23,2
109/05/12,1.57,1.57,1.57,1.57,3000,4710,-0.04,1
109/05/13,1.54,1.54,1.54,1.54,5000,7700,-0.03,1
109/05/14,1.47,1.47,1.38,1.38,58000,80730,-0.16,3
109/05/15,---,---,---,---,0,0,---,0
109/05/14,1.47,1.47,1.38,1.38,58000,80730,-0.16,3
109/05/13,1.54,1.54,1.54,1.54,5000,7700,-0.03,1
109/05/12,1.57,1.57,1.57,1.57,3000,4710,-0.04,1
109/05/11,1.62,1.62,1.61,1.61,125000,201750,-0.23,2
109/05/08,1.83,1.88,1.83,1.84,110000,204750,-0.04,16
109/05/07,1.91,1.91,1.88,1.88,110000,209800,+0.08,2
109/05/06,1.83,1.83,1.79,1.80,43000,77420,-0.15,5
109/05/05,1.86,1.95,1.86,1.95,33000,62760,+0.26,3
109/05/04,1.68,1.69,1.68,1.69,55000,92450,-0.15,2
109/04/30,1.84,1.84,1.84,1.84,10000,18400,+0.05,1
