109/04/29,---,---,---,---,0,0,---,0
109/04/30,1.12,1.12,1.12,1.12,200000,224000,+0.09,7
109/05/04,1.08,1.08,1.07,1.07,20000,21500,-0.05,2
109/05/05,1.12,1.12,0.91,0.98,259000,261330,-0.09,6
109/05/06,0.98,0.98,0.98,0.98,30000,29400,0.00,1
109/05/07,---,---,---,---,0,0,---,0
109/05/08,1.12,1.14,1.12,1.12,94000,105300,+0.14,9
109/05/11,1.22,1.22,1.14,1.20,135000,159780,+0.08,11
109/05/12,1.19,1.22,1.10,1.10,184000,222290,-0.10,6
109/05/13,1.10,1.31,1.02,1.31,445000,498210,+0.21,34
109/05/14,1.24,1.24,1.20,1.20,250000,307270,-0.11,16
109/05/15,1.27,1.51,1.27,1.51,197000,269740,+0.31,18
109/05/14,1.24,1.24,1.20,1.20,250000,307270,-0.11,16
109/05/13,1.10,1.31,1.02,1.31,445000,498210,+0.21,34
109/05/12,1.19,1.22,1.10,1.10,184000,222290,-0.10,6
109/05/11,1.22,1.22,1.14,1.20,135000,159780,+0.08,11
109/05/08,1.12,1.14,1.12,1.12,94000,105300,+0.14,9
109/05/07,---,---,---,---,0,0,---,0
109/05/06,0.98,0.98,0.98,0.98,30000,29400,0.00,1
109/05/05,1.12,1.12,0.91,0.98,259000,261330,-0.09,6
109/05/04,1.08,1.08,1.07,1.07,20000,21500,-0.05,2
109/04/30,1.12,1.12,1.12,1.12,200000,224000,+0.09,7
109/04/29,---,---,---,---,0,0,---,0
