109/04/30,2.09,2.09,2.09,2.09,10000,20900,+0.13,1
109/05/04,2.02,2.29,1.97,2.29,142000,306140,+0.20,13
109/05/05,2.37,2.60,2.37,2.60,173000,425150,+0.31,11
109/05/06,2.68,3.00,2.46,2.46,178000,494650,-0.14,18
109/05/07,2.58,2.75,2.53,2.75,194000,515840,+0.29,12
109/05/08,2.69,2.70,2.69,2.70,89000,239970,-0.05,3
109/05/11,---,---,---,---,0,0,---,0
109/05/12,2.65,2.65,2.65,2.65,16000,42400,+0.13,1
109/05/13,2.49,2.49,2.49,2.49,16000,39840,-0.16,1
109/05/14,---,---,---,---,0,0,---,0
109/05/15,2.17,2.19,2.17,2.19,13000,28370,+0.21,3
109/05/14,---,---,---,---,0,0,---,0
109/05/13,2.49,2.49,2.49,2.49,16000,39840,-0.16,1
109/05/12,2.65,2.65,2.65,2.65,16000,42400,+0.13,1
109/05/11,---,---,---,---,0,0,---,0
109/05/08,2.69,2.70,2.69,2.70,89000,239970,-0.05,3
109/05/07,2.58,2.75,2.53,2.75,194000,515840,+0.29,12
109/05/06,2.68,3.00,2.46,2.46,178000,494650,-0.14,18
109/05/05,2.37,2.60,2.37,2.60,173000,425150,+0.31,11
109/05/04,2.02,2.29,1.97,2.29,142000,306140,+0.20,13
109/04/30,2.09,2.09,2.09,2.09,10000,20900,+0.13,1
