109/04/30,4.06,4.10,4.06,4.06,27000,109780,+1.11,26
109/05/04,3.79,3.84,3.79,3.84,31000,117610,-0.22,5
109/05/05,4.17,4.17,3.86,3.88,5000,19940,+0.04,3
109/05/06,3.87,3.87,3.87,3.87,1000,3870,-0.01,1
109/05/07,3.67,3.67,3.67,3.67,5000,18350,-0.20,5
109/05/08,3.52,3.52,3.52,3.52,2000,7040,-0.15,2
109/05/11,3.49,3.72,3.49,3.69,35000,128510,+0.17,13
109/05/12,3.41,3.52,3.38,3.48,109000,377500,-0.21,13
109/05/13,3.75,4.17,3.75,4.13,75000,293450,+0.65,6
109/05/14,3.84,3.84,3.80,3.80,78000,297200,-0.33,3
109/05/15,---,---,---,---,0,0,---,0
109/05/14,3.84,3.84,3.80,3.80,78000,297200,-0.33,3
109/05/13,3.75,4.17,3.75,4.13,75000,293450,+0.65,6
109/05/12,3.41,3.52,3.38,3.48,109000,377500,-0.21,13
109/05/11,3.49,3.72,3.49,3.69,35000,128510,+0.17,13
109/05/08,3.52,3.52,3.52,3.52,2000,7040,-0.15,2
109/05/07,3.67,3.67,3.67,3.67,5000,18350,-0.20,5
109/05/06,3.87,3.87,3.87,3.87,1000,3870,-0.01,1
109/05/05,4.17,4.17,3.86,3.88,5000,19940,+0.04,3
109/05/04,3.79,3.84,3.79,3.84,31000,117610,-0.22,5
109/04/30,4.06,4.10,4.06,4.06,27000,109780,+1.11,26
