109/04/28,---,---,---,---,0,0,---,0
109/04/29,1.44,1.44,1.43,1.43,51000,73340,-0.03,3
109/04/30,1.35,1.36,1.35,1.36,31000,41950,-0.07,2
109/05/04,1.39,1.40,1.39,1.40,100000,139600,+0.04,3
109/05/05,1.38,1.38,1.37,1.37,70000,96000,-0.03,3
109/05/06,1.41,1.41,1.38,1.38,18000,25050,+0.01,3
109/05/07,1.34,1.34,1.34,1.34,8000,10720,-0.04,1
109/05/08,---,---,---,---,0,0,---,0
109/05/11,1.34,1.34,1.34,1.34,31000,41540,+0.03,1
109/05/12,1.32,1.32,1.32,1.32,31000,40920,-0.02,1
109/05/13,1.31,1.31,1.31,1.31,40000,52400,-0.01,4
109/05/14,1.23,1.36,1.23,1.36,433000,562480,+0.05,30
109/05/15,1.36,1.40,1.32,1.37,1395000,1887120,+0.01,84
109/05/14,1.23,1.36,1.23,1.36,433000,562480,+0.05,30
109/05/13,1.31,1.31,1.31,1.31,40000,52400,-0.01,4
109/05/12,1.32,1.32,1.32,1.32,31000,40920,-0.02,1
109/05/11,1.34,1.34,1.34,1.34,31000,41540,+0.03,1
109/05/08,---,---,---,---,0,0,---,0
109/05/07,1.34,1.34,1.34,1.34,8000,10720,-0.04,1
109/05/06,1.41,1.41,1.38,1.38,18000,25050,+0.01,3
109/05/05,1.38,1.38,1.37,1.37,70000,96000,-0.03,3
109/05/04,1.39,1.40,1.39,1.40,100000,139600,+0.04,3
109/04/30,1.35,1.36,1.35,1.36,31000,41950,-0.07,2
109/04/29,1.44,1.44,1.43,1.43,51000,73340,-0.03,3
109/04/28,---,---,---,---,0,0,---,0
