109/04/28,---,---,---,---,0,0,---,0
109/04/29,0.94,0.94,0.93,0.93,13000,12120,-0.08,2
109/04/30,0.92,0.92,0.91,0.91,13000,11930,-0.02,2
109/05/04,0.95,0.95,0.95,0.95,12000,11400,+0.04,1
109/05/05,0.94,0.94,0.93,0.93,22000,20580,-0.02,2
109/05/06,0.88,0.88,0.86,0.86,50000,43600,-0.07,2
109/05/07,---,---,---,---,0,0,---,0
109/05/08,0.91,0.91,0.91,0.91,60000,54600,+0.04,3
109/05/11,0.91,0.91,0.91,0.91,60000,54600,0.00,3
109/05/12,0.90,0.94,0.90,0.93,163000,150120,+0.02,5
109/05/13,0.90,0.90,0.90,0.90,48000,43200,-0.03,1
109/05/14,0.93,0.95,0.93,0.94,67000,63350,+0.04,3
109/05/15,0.93,0.98,0.93,0.95,199000,189970,+0.01,7
109/05/14,0.93,0.95,0.93,0.94,67000,63350,+0.04,3
109/05/13,0.90,0.90,0.90,0.90,48000,43200,-0.03,1
109/05/12,0.90,0.94,0.90,0.93,163000,150120,+0.02,5
109/05/11,0.91,0.91,0.91,0.91,60000,54600,0.00,3
109/05/08,0.91,0.91,0.91,0.91,60000,54600,+0.04,3
109/05/07,---,---,---,---,0,0,---,0
109/05/06,0.88,0.88,0.86,0.86,50000,43600,-0.07,2
109/05/05,0.94,0.94,0.93,0.93,22000,20580,-0.02,2
109/05/04,0.95,0.95,0.95,0.95,12000,11400,+0.04,1
109/04/30,0.92,0.92,0.91,0.91,13000,11930,-0.02,2
109/04/29,0.94,0.94,0.93,0.93,13000,12120,-0.08,2
109/04/28,---,---,---,---,0,0,---,0
