95/03/17,34.50,34.50,32.20,33.00,32145801,1069102783,X,5933
95/03/20,32.80,32.80,31.00,32.00,24636568,791167965,-1.00,3550
95/03/21,31.00,31.00,27.90,28.00,25453085,745118515,-4.00,6066
95/03/22,27.00,29.40,27.00,28.30,17167718,479475258,0.30,4497
95/03/23,28.25,28.45,27.10,27.50,11094760,307519007,-0.80,2768
95/03/24,27.40,28.40,27.20,27.80,11328373,313825499,0.30,2070
95/03/27,28.00,28.20,27.60,27.60,5671279,157308566,-0.20,1123
95/03/28,27.60,28.65,27.20,28.25,9594131,268220918,0.65,2644
95/03/29,28.00,28.30,27.80,27.90,4585284,128474615,-0.35,1392
95/03/30,28.10,29.40,28.10,28.80,9014824,258295479,0.90,2413
95/03/31,29.00,29.85,29.00,29.85,12165265,359341432,1.05,3080
95/04/03,30.00,30.30,29.55,30.00,10033086,300621272,0.15,2360
95/04/04,30.55,31.55,30.55,30.75,14487389,448940007,0.75,2965
95/04/06,31.25,32.90,31.20,32.90,39346031,1277906164,2.15,4797
95/04/07,32.90,34.15,32.20,33.90,24778769,829641338,1.00,4996
95/04/10,33.90,34.00,33.30,33.90,10223567,343623088,,2310
95/04/11,33.90,33.90,33.00,33.70,8310960,277339267,-0.20,1835
95/04/12,33.20,33.85,33.20,33.85,7841760,263632503,0.15,1468
95/04/13,33.75,34.50,33.50,33.90,16585852,564597223,0.05,3168
95/04/14,34.10,36.00,34.10,35.50,26043540,916744001,1.60,4328
95/04/17,36.00,37.10,36.00,36.00,26058457,956249502,0.50,4614
95/04/18,37.00,37.00,35.85,36.65,15170305,551906209,0.65,2880
95/04/19,37.90,39.20,37.90,39.00,45670056,1781724502,2.35,5475
95/04/20,38.80,38.90,37.10,38.10,17254317,658768546,-0.90,4038
95/04/21,38.20,39.30,38.20,38.30,16455187,637461256,0.20,2944
95/04/24,38.30,38.45,37.20,37.65,6634280,251169397,-0.65,2040
95/04/25,37.60,37.95,36.85,37.20,7819790,291458248,-0.45,2037
95/04/26,37.00,38.95,37.00,38.40,11793955,452069172,1.20,2639
95/04/27,38.30,38.30,36.40,36.80,12854646,477172184,-1.60,3247
95/04/28,37.00,37.80,37.00,37.50,7051175,264057212,0.70,1641
95/05/02,37.70,38.30,37.05,37.40,5364725,202358265,-0.10,1367
95/05/03,38.30,39.00,37.80,38.05,21127239,813775761,0.65,3289
95/05/04,38.55,38.80,37.30,37.50,12091253,457092032,-0.55,3092
95/05/05,37.80,38.30,37.00,37.00,12700994,476468678,-0.50,2539
95/05/08,37.50,38.00,37.35,37.50,9141576,344299149,0.50,1688
95/05/09,37.90,37.90,36.00,36.20,10733095,394440389,-1.30,2933
95/05/10,36.00,36.70,34.90,35.50,10484493,373324955,-0.70,2024
95/05/11,35.00,37.20,34.60,37.00,13999100,498405300,1.50,2879
95/05/12,36.60,36.90,36.20,36.50,8507520,309777980,-0.50,2089
95/05/15,36.00,36.30,35.60,36.05,3684005,132428825,-0.45,1030
95/05/16,36.00,36.50,35.45,36.50,6833833,244982453,0.45,1579
95/05/17,36.00,37.05,36.00,36.90,14274167,522966512,0.40,2770
95/05/18,36.00,36.90,35.80,36.50,6062000,219940950,-0.40,1912
95/05/19,36.30,36.80,36.25,36.30,3700100,135233500,-0.20,1026
95/05/22,34.90,35.25,33.80,33.80,38979675,1337793963,-2.50,6809
95/05/23,32.45,32.45,31.45,31.50,34627408,1098240452,-2.30,6478
95/05/24,31.00,31.60,29.35,30.90,48890500,1483009047,-0.60,8295
95/05/25,30.80,31.05,29.85,30.20,22141550,675946900,-0.70,4498
95/05/26,30.45,30.75,29.75,30.00,22374535,677108567,-0.20,4233
95/05/29,30.00,31.20,29.95,31.20,22504333,691545456,1.20,4220
95/05/30,31.40,31.70,30.80,31.20,19386250,606120874,,4208
95/06/01,31.30,32.00,31.20,31.45,23354300,737271935,0.25,4330
95/06/02,31.95,32.05,31.50,31.60,15335400,486999479,0.15,2744
95/06/05,31.60,31.90,30.00,30.50,13562333,418305337,-1.10,2791
95/06/06,30.00,30.70,29.90,30.50,18465800,558819516,,3812
95/06/07,30.55,31.05,30.40,31.00,17843300,546802465,0.50,3777
95/06/08,30.70,31.00,29.00,29.00,24692289,732696281,-2.00,4486
95/06/09,29.30,29.40,27.95,29.30,26819445,767231677,0.30,5667
95/06/12,29.15,29.50,28.80,29.50,10765500,313673199,0.20,2012
95/06/13,29.20,29.40,28.95,29.20,12176750,354622700,-0.30,2027
95/06/14,29.10,29.80,29.10,29.55,10188000,299252447,0.35,1838
95/06/15,30.00,30.35,29.20,29.20,12176500,361532346,-0.35,2059
95/06/16,30.10,30.30,29.65,29.80,13019781,390318995,0.60,2564
95/06/19,30.20,30.25,29.55,29.60,9941999,295877618,-0.20,2015
95/06/20,29.60,29.75,28.75,28.85,12956990,376856309,-0.75,2298
95/06/21,28.80,29.25,28.05,28.50,13490000,387243200,-0.35,2173
95/06/22,28.90,29.40,28.65,29.20,13153000,381248600,0.70,2793
95/06/23,29.05,29.05,28.40,28.60,7387196,211324284,-0.60,2076
95/06/26,28.85,29.50,28.70,29.35,11065305,322840051,0.75,3170
95/06/27,29.50,31.40,29.50,31.40,33698755,1048931807,2.05,6116
95/06/28,31.20,31.80,30.90,31.45,30577400,960421040,0.05,7295
95/06/29,30.80,31.15,30.70,31.00,23101296,714512026,X,5233
95/06/30,31.60,33.15,31.60,32.25,43687845,1415900958,1.25,8681
95/07/03,32.85,33.75,32.40,33.35,20127386,668027422,1.10,5079
95/07/04,33.50,33.65,33.05,33.25,30880785,1025388332,-0.10,5016
95/07/05,33.15,33.40,32.25,32.40,15916285,521602190,-0.85,3729
95/07/06,31.80,32.35,31.80,32.20,8843101,284363206,-0.20,2093
95/07/07,32.20,33.30,32.20,32.70,14652736,480788606,0.50,2990
95/07/10,32.25,32.90,32.20,32.70,8263001,268804082,,1561
95/07/11,32.70,34.85,32.70,33.80,25452680,866936982,1.10,5168
95/07/12,34.00,35.45,34.00,34.70,27929559,974993147,0.90,5668
95/07/13,34.30,35.45,34.30,34.90,20302260,710410298,0.20,3871
95/07/14,34.05,34.50,33.25,33.80,17327000,586158100,-1.10,3278
95/07/17,33.70,34.20,32.70,33.10,14826000,493857950,-0.70,3022
95/07/18,33.50,35.00,33.40,35.00,21171500,727122300,1.90,4262
95/07/19,35.40,35.40,33.90,34.05,16609500,573792150,-0.95,3784
95/07/20,35.25,35.80,34.70,35.75,34740431,1225009719,1.70,5828
95/07/21,35.40,35.85,35.00,35.80,28710425,1017764947,0.05,4386
95/07/24,35.10,35.80,35.00,35.50,10894911,386025352,-0.30,2273
95/07/25,36.30,36.30,34.80,35.00,14851500,528897650,-0.50,3693
95/07/26,35.00,35.25,34.55,34.80,6978655,243364294,-0.20,1954
95/07/27,34.70,34.70,34.00,34.65,10244555,352027396,-0.15,2337
95/07/28,34.65,35.85,34.35,34.90,11233199,396066163,0.25,2507
95/07/31,35.60,35.60,33.70,34.00,14667257,501304248,-0.90,3805
95/08/01,34.00,34.00,32.95,33.20,19858015,661082910,-0.80,4402
95/08/02,33.00,33.00,32.40,33.00,26501603,866239799,-0.20,4950
95/08/03,33.40,33.40,32.45,32.85,22478300,738970200,-0.15,4537
95/08/04,32.85,32.90,32.55,32.60,12232000,399640250,-0.25,2588
95/08/07,32.50,33.05,32.50,32.60,9751441,319047274,,2825
95/08/08,32.60,33.20,32.60,33.10,23028880,760229740,0.50,3550
95/08/09,33.00,33.05,32.70,33.00,21824000,717214350,-0.10,3407
95/08/10,33.00,33.60,32.70,32.75,27001845,895424247,-0.25,4783
95/08/11,32.95,33.35,32.90,33.15,22807190,754051620,0.40,3720
95/08/14,33.50,33.80,33.35,33.50,13415333,450004605,0.35,2589
95/08/15,33.50,33.50,32.95,33.20,16554310,548510591,-0.30,2492
95/08/16,33.30,33.75,33.25,33.25,14856000,496845700,0.05,2933
95/08/17,33.50,33.80,33.35,33.50,19491954,654255009,0.25,3398
95/08/18,33.00,33.00,31.30,32.50,52000605,1680147767,-1.00,8401
95/08/21,32.10,32.30,31.30,31.55,28134600,888443360,-0.95,4342
95/08/22,31.60,32.20,31.55,32.20,8997665,287506945,0.65,2015
95/08/23,32.20,32.20,31.65,32.10,7236005,231118872,-0.10,1307
95/08/24,32.20,32.80,32.10,32.80,9495004,307739536,0.70,2282
95/08/25,33.00,33.00,32.50,32.50,10435200,342421900,-0.30,2190
95/08/28,32.50,32.50,32.05,32.15,5904390,189941994,-0.35,1361
95/08/29,32.50,33.10,32.15,33.00,10523459,344406390,0.85,2135
95/08/30,33.50,34.80,33.50,34.00,31410347,1078414892,1.00,6480
95/08/31,34.70,34.80,34.00,34.00,15100582,518053000,,3639
95/09/01,34.40,34.85,34.15,34.55,18421815,637590085,0.55,3710
95/09/04,35.00,35.30,34.75,34.80,14859255,520103584,0.25,3039
95/09/05,35.00,35.00,33.80,34.00,12680064,433074376,-0.80,2687
95/09/06,33.95,34.20,33.60,33.80,10998042,372464999,-0.20,1986
95/09/07,33.65,33.95,33.50,33.80,8841680,297968579,,1346
95/09/08,33.75,33.95,33.65,33.80,5747098,194333600,,1199
95/09/11,34.50,34.95,34.10,34.40,13601705,471716995,0.60,2582
95/09/12,34.70,34.70,33.90,33.90,9234100,316868084,-0.50,1988
95/09/13,34.40,34.40,33.80,34.00,7056077,240431997,0.10,1389
95/09/14,34.00,34.00,32.95,33.25,17044240,567514030,-0.75,2664
95/09/15,33.00,33.60,33.00,33.55,6208351,207323758,0.30,1111
95/09/18,34.20,34.30,33.80,34.25,10027335,342159772,0.70,1998
95/09/19,34.00,34.25,33.80,33.95,7737295,262577120,-0.30,1305
95/09/20,33.60,33.60,32.80,32.95,19606149,648401217,-1.00,3687
95/09/21,32.90,33.05,32.60,32.80,16145784,528135064,-0.15,2540
95/09/22,32.80,33.15,32.80,33.00,8493948,280063334,0.20,1406
95/09/25,33.85,33.85,32.95,33.10,9101000,302190250,0.10,1785
95/09/26,33.15,33.30,32.50,32.50,11695250,383044925,-0.60,2345
95/09/27,32.65,32.75,32.30,32.55,9436750,306590961,0.05,1827
95/09/28,32.55,32.70,31.40,31.75,23180881,735254379,-0.80,4923
95/09/29,31.75,32.10,31.65,31.90,5974094,190728205,0.15,1694
95/10/02,32.00,32.25,31.85,32.10,7281149,232943832,0.20,1591
95/10/03,32.00,32.05,31.60,31.95,13493331,429341673,-0.15,2282
95/10/04,31.95,32.05,31.60,31.60,9801148,311198186,-0.35,1728
95/10/05,31.60,31.85,31.50,31.75,9943000,315192200,0.15,1946
95/10/11,31.75,31.90,31.65,31.80,5702105,181137164,0.05,1466
95/10/12,31.85,32.65,31.85,32.40,12860219,415791395,0.60,2919
95/10/13,32.90,33.20,32.55,32.70,19081967,626109173,0.30,4253
95/10/14,32.95,32.95,32.40,32.75,7417230,242497244,0.05,1653
95/10/16,33.00,33.30,32.80,32.80,12069950,399037808,0.05,2653
95/10/17,33.00,33.05,32.30,32.30,5597872,182153765,-0.50,1680
95/10/18,32.25,32.25,31.65,31.90,8683884,276474548,-0.40,2104
95/10/19,31.80,32.10,31.65,31.75,10212500,325113300,-0.15,1913
95/10/20,32.00,32.05,31.85,32.00,4952990,158316562,0.25,1234
95/10/23,32.20,32.30,31.85,31.90,4137565,132333680,-0.10,1207
95/10/24,32.00,32.25,31.85,31.90,5603050,179354100,,1498
95/10/25,31.95,32.10,31.65,31.65,4829000,153506350,-0.25,1276
95/10/26,32.50,32.80,32.30,32.40,14452967,469511229,0.75,3459
95/10/27,33.00,34.30,32.90,33.65,43443639,1468673166,1.25,9562
95/10/30,33.50,33.60,33.20,33.60,12756813,425508964,-0.05,3088
95/10/31,33.90,33.90,33.20,33.35,9861500,329395774,-0.25,1991
95/11/01,33.35,33.55,33.00,33.10,11539802,383529945,-0.25,2322
95/11/02,32.80,33.25,32.75,33.25,8653840,286352728,0.15,1759
95/11/03,33.90,35.20,33.80,34.45,47322508,1637891198,1.20,9623
95/11/06,34.00,36.25,34.00,35.65,63240092,2248427818,1.20,13551
95/11/07,36.20,36.35,35.70,35.90,31608778,1137159147,0.25,6533
95/11/08,36.00,36.60,35.65,35.90,26362700,953987689,,5351
95/11/09,36.00,36.25,34.70,34.85,27237557,961196658,-1.05,5962
95/11/10,34.80,35.40,34.70,35.35,12509690,439373801,0.50,2787
95/11/13,35.90,37.30,35.90,36.60,47471298,1742577203,1.25,10362
95/11/14,37.20,39.15,36.80,39.15,79850210,3042933546,2.55,15744
95/11/15,39.90,40.90,38.50,38.50,67253689,2679759002,-0.65,14345
95/11/16,38.85,40.10,38.75,39.50,58651279,2317845920,1.00,11617
95/11/17,40.30,40.50,39.00,40.00,33498365,1329802321,0.50,7821
95/11/20,40.00,40.00,39.15,39.25,25100665,991329297,-0.75,5420
95/11/21,39.30,39.60,38.60,39.30,25958348,1016015952,0.05,5589
95/11/22,39.50,40.50,39.50,39.60,31337620,1254160268,0.30,6182
95/11/23,39.80,40.25,39.15,39.15,22067021,875563717,-0.45,4728
95/11/24,39.20,39.50,38.90,39.35,18205557,714548763,0.20,3359
95/11/27,39.50,39.60,38.60,38.80,24793561,970245912,-0.55,4864
95/11/28,38.40,38.40,37.45,37.75,39626397,1499165981,-1.05,8429
95/11/29,38.00,38.25,37.55,37.75,19047711,721540501,,4045
95/11/30,38.40,38.60,38.00,38.15,23706501,909200687,0.40,4668
95/12/01,38.70,38.95,38.40,38.40,22012832,851931614,0.25,4595
95/12/04,38.50,38.70,38.10,38.25,12755040,489101508,-0.15,2787
95/12/05,38.50,39.25,38.30,38.40,22184892,860522151,0.15,4859
95/12/06,38.80,38.95,38.45,38.95,14352534,555728782,0.55,3047
95/12/07,38.90,38.90,37.85,38.00,25444662,974760006,-0.95,5599
95/12/08,38.00,38.20,37.50,37.65,17074230,644934543,-0.35,3622
95/12/11,37.65,38.35,37.60,38.15,12799510,486697280,0.50,2567
95/12/12,38.15,38.20,37.35,37.75,12227310,461926476,-0.40,3065
95/12/13,37.80,38.10,37.50,37.70,8462944,319616241,-0.05,2012
95/12/14,37.85,38.80,37.50,38.60,18861300,724756529,0.90,4150
95/12/15,39.10,39.55,38.70,38.90,29405530,1151972890,0.30,5719
95/12/18,39.00,39.30,38.55,39.20,14327782,557415798,0.30,3211
95/12/19,39.40,39.40,38.70,38.80,13984173,544764311,-0.40,2967
95/12/20,39.50,39.75,38.95,39.35,34806621,1371776648,0.55,7595
95/12/21,39.40,39.95,39.05,39.05,22911225,905331925,-0.30,4727
95/12/22,39.10,39.15,38.70,38.70,14154201,549981097,-0.35,2776
95/12/25,38.70,39.00,38.50,38.55,12592059,487231522,-0.15,2714
95/12/26,38.55,38.85,38.55,38.60,10864669,420489621,0.05,2318
95/12/27,38.80,39.30,38.70,38.70,11575200,451040770,0.10,2483
95/12/28,39.00,39.50,38.90,38.90,20970802,822536666,0.20,4151
95/12/29,39.30,39.40,38.95,39.10,12106735,474169587,0.20,2242
96/01/02,39.20,39.35,38.60,38.80,15895979,616909630,-0.30,3123
96/01/03,38.80,39.60,38.55,39.00,28169942,1103199988,0.20,5846
96/01/04,39.00,39.70,39.00,39.30,26416200,1041741209,0.30,5014
96/01/05,39.55,39.70,39.05,39.05,22545741,887816472,-0.25,4435
96/01/08,39.05,39.30,38.60,38.65,17775386,691335668,-0.40,3813
96/01/09,38.90,39.05,38.65,38.65,10082250,391268350,,2158
96/01/10,38.65,38.85,38.30,38.40,11031570,425267495,-0.25,2705
96/01/11,38.75,38.80,36.50,36.80,35343480,1326980190,-1.60,6773
96/01/12,37.00,37.45,36.90,37.35,18766767,696821392,0.55,3796
96/01/15,37.50,37.65,37.30,37.30,9168661,343180403,-0.05,2097
96/01/16,37.50,37.80,37.25,37.45,9589500,359827548,0.15,2298
96/01/17,36.80,36.90,36.45,36.80,15932807,584373930,-0.65,4048
96/01/18,36.80,37.50,36.75,37.30,13177544,489934241,0.50,3367
96/01/19,37.00,37.00,36.70,36.80,15457500,569225049,-0.50,3379
96/01/22,36.95,37.30,36.85,37.10,9637641,357350928,0.30,2411
96/01/23,37.30,37.75,37.30,37.45,12715500,476579774,0.35,3064
96/01/24,37.90,37.95,37.50,37.75,10339725,389886500,0.30,2500
96/01/25,38.00,38.35,37.75,37.80,23621607,897195193,0.05,5528
96/01/26,37.40,37.90,37.40,37.50,7532890,283267752,-0.30,1902
96/01/29,37.50,37.50,36.80,36.80,10167864,376021380,-0.70,2605
96/01/30,36.75,36.90,36.00,36.25,11547277,418808838,-0.55,3023
96/01/31,36.25,36.45,36.10,36.35,6151434,223154872,0.10,1671
96/02/01,36.70,36.70,36.20,36.20,4343914,158106648,-0.15,1310
96/02/02,36.70,36.70,36.40,36.50,5675000,207246200,0.30,1150
96/02/05,36.55,37.10,36.55,36.90,5926154,218240902,0.40,1455
96/02/06,36.80,37.25,36.80,37.15,5607080,207640870,0.25,1336
96/02/07,37.10,37.10,36.40,36.45,8623159,317009676,-0.70,2221
96/02/08,36.55,36.65,36.25,36.25,7856135,286072627,-0.20,1398
96/02/09,36.10,36.45,36.10,36.30,5233217,189904975,0.05,1140
96/02/12,36.30,36.40,36.20,36.35,6190200,224730430,0.05,1333
96/02/13,36.45,36.80,36.40,36.70,5218607,191172910,0.35,1321
96/02/14,36.90,36.90,36.60,36.60,5994001,219962636,-0.10,1551
96/02/26,37.40,37.50,36.90,36.90,6777700,251187763,0.30,1688
96/02/27,36.90,37.40,36.90,37.30,6669100,247598529,0.40,1715
96/03/01,36.70,37.60,36.70,37.35,12698449,472504225,0.05,3286
96/03/02,37.45,37.75,37.20,37.50,9107100,341784582,0.15,2669
96/03/03,37.40,37.65,37.10,37.20,5453082,203827749,-0.30,1479
96/03/05,37.20,37.30,35.80,36.35,10968372,400979446,-0.85,2985
96/03/06,36.10,36.90,36.10,36.90,6068625,221576210,0.55,1740
96/03/07,37.40,37.90,37.25,37.25,11080501,415686388,0.35,2782
96/03/08,37.40,37.60,37.20,37.45,6893203,257834778,0.20,1652
96/03/09,37.50,37.90,37.40,37.40,6174251,232501886,-0.05,1831
96/03/12,37.75,38.15,37.50,37.85,12898600,488682250,0.45,3215
96/03/13,38.15,38.15,37.45,37.55,6103900,230080599,-0.30,1738
96/03/14,37.00,37.40,37.00,37.40,7199645,267519322,-0.15,1625
96/03/15,37.60,38.00,37.50,37.60,10256350,387623757,0.20,2455
96/03/16,37.90,38.00,37.60,37.60,13309133,503455295,,2472
96/03/19,37.75,38.15,37.75,38.00,13538877,513955683,0.40,2753
96/03/20,38.25,38.35,38.10,38.15,14009727,535713633,0.15,2881
96/03/21,38.20,38.25,37.65,37.70,10694942,404860307,-0.45,2149
96/03/22,37.80,37.90,37.30,37.50,10881597,407373986,-0.20,2614
96/03/23,37.60,37.70,37.30,37.55,8779452,329337964,0.05,2116
96/03/26,37.75,37.75,37.55,37.70,6408570,241640236,0.15,1423
96/03/27,37.60,37.75,37.45,37.45,8116100,304922240,-0.25,1661
96/03/28,37.20,37.25,36.90,37.00,8423201,312389526,-0.45,2140
96/03/29,36.80,36.95,36.60,36.70,10622001,390175588,-0.30,2569
96/03/30,36.90,37.60,36.90,37.20,8604500,321170375,0.50,2169
96/04/02,37.60,38.20,37.55,37.75,9487125,359614066,0.55,2583
96/04/03,37.95,38.00,37.70,37.80,7987898,302518346,0.05,1601
96/04/04,38.10,38.30,37.90,38.15,12010767,457780155,0.35,3020
96/04/09,38.20,38.25,37.80,38.00,8855248,336434168,-0.15,2237
96/04/10,37.90,38.20,37.80,38.05,7091628,269531791,0.05,1893
96/04/11,38.05,38.90,37.75,38.60,17550933,675791546,0.55,4438
96/04/12,38.70,39.20,38.55,38.85,20340315,792704185,0.25,4916
96/04/13,38.90,39.05,38.10,38.15,18138833,697579369,-0.70,3978
96/04/14,38.25,38.75,38.25,38.60,6804725,261963050,0.45,1690
96/04/16,38.60,39.00,38.45,38.45,10300606,398868886,-0.15,2440
96/04/17,38.45,38.55,37.85,37.90,8860201,337669539,-0.55,2548
96/04/18,37.90,38.15,37.70,37.90,5051342,191762476,,1302
96/04/19,37.90,38.10,37.60,37.60,8452700,319396339,-0.30,2037
96/04/20,37.60,37.80,37.20,37.25,10430808,389740936,-0.35,2654
96/04/23,37.60,38.25,37.60,38.10,8438100,320566479,0.85,2380
96/04/24,38.30,38.30,37.85,38.00,6224460,236448612,-0.10,1309
96/04/25,38.00,38.30,38.00,38.00,5393120,205781032,,1463
96/04/26,38.10,38.25,38.05,38.05,5805059,221429894,0.05,1350
96/04/27,38.10,38.25,38.00,38.05,4988500,189908249,,1173
96/04/30,38.05,38.10,37.50,37.55,4973548,187457774,-0.50,1274
96/05/02,37.55,38.00,37.55,37.60,4401471,165986709,0.05,936
96/05/03,37.60,37.75,37.00,37.25,6641100,247669868,-0.35,1617
96/05/04,38.00,38.80,37.80,38.65,19479815,749195025,1.40,4360
96/05/07,39.00,39.10,38.55,38.60,12490970,484470030,-0.05,2861
96/05/08,38.50,38.55,38.25,38.30,4247382,162917867,-0.30,1193
96/05/09,38.30,38.60,38.15,38.50,5999346,230262571,0.20,1375
96/05/10,38.80,38.80,38.10,38.35,7186000,276245647,-0.15,1660
96/05/11,38.30,38.35,38.05,38.15,3097971,118280593,-0.20,983
96/05/14,38.10,38.25,37.85,38.05,5917620,224835799,-0.10,1197
96/05/15,38.05,38.20,37.90,37.90,2999423,113997342,-0.15,815
96/05/16,37.90,38.00,37.85,37.90,2219633,84186190,,693
96/05/17,37.90,37.90,37.40,37.40,9131542,343550925,-0.50,2218
96/05/18,37.40,37.65,37.20,37.50,4882000,182579500,0.10,1058
96/05/21,37.50,37.60,37.25,37.40,7316702,273612454,-0.10,1255
96/05/22,37.40,38.10,37.40,38.00,7658508,289860854,0.60,1891
96/05/23,37.90,38.00,37.45,37.80,10018558,378043845,-0.20,1942
96/05/24,38.10,38.20,38.00,38.10,7772313,295860508,0.30,1750
96/05/25,38.15,38.15,37.80,37.90,3723486,141316890,-0.20,1086
96/05/28,37.90,38.60,37.70,38.30,14087178,538286584,0.40,2549
96/05/29,38.50,38.60,38.30,38.35,9640200,370721767,0.05,2309
96/05/30,38.50,38.75,38.35,38.50,11074558,426722997,0.15,2789
96/05/31,38.90,41.15,38.75,41.15,87823413,3520787842,2.65,12045
96/06/01,41.10,41.10,40.05,40.30,32680165,1319807877,-0.85,6671
96/06/04,40.60,40.85,40.30,40.30,13999385,567524936,,3294
96/06/05,40.20,40.20,39.50,40.00,12693939,505767239,-0.30,3173
96/06/06,40.05,40.15,39.50,39.50,10313595,411589320,-0.50,2829
96/06/07,39.20,39.50,38.90,39.40,8338169,326953742,-0.10,2268
96/06/08,39.10,39.20,38.90,39.00,6335715,247044197,-0.40,1859
96/06/11,39.40,39.40,39.00,39.30,5182190,203012201,0.30,1274
96/06/12,39.40,39.40,39.00,39.00,5462780,214034510,-0.30,1395
96/06/13,39.10,39.45,39.10,39.20,5636668,221296985,0.20,1392
96/06/14,39.50,39.80,39.35,39.65,7443645,294901172,0.45,2092
96/06/15,40.00,40.00,39.50,39.55,5681731,225442547,-0.10,1573
96/06/20,40.00,40.10,39.75,40.00,15404389,615730298,0.45,3299
96/06/21,41.00,42.45,41.00,42.20,42855250,1793294237,2.20,9988
96/06/22,43.00,44.40,43.00,43.20,36159087,1578484491,1.00,7876
96/06/23,43.20,43.60,42.40,42.80,10466196,448425535,-0.40,3147
96/06/25,43.00,43.40,42.50,42.50,16140420,690399958,-0.30,3139
96/06/26,42.50,42.50,40.80,41.25,16541551,686454024,-1.25,4375
96/06/27,41.20,41.80,41.10,41.60,7718305,320649660,0.35,2110
96/06/28,42.00,42.00,41.15,41.90,7856650,326322900,0.30,2137
96/06/29,42.00,42.20,41.35,41.55,5932469,246783998,-0.35,1748
96/07/02,41.60,41.80,41.15,41.55,6468251,267430040,,1657
96/07/03,42.00,42.05,41.65,41.80,7213225,301983150,0.25,1999
96/07/04,42.50,42.90,42.00,42.50,10997912,467320248,0.70,3050
96/07/05,43.00,43.10,42.50,42.95,10270979,439721048,0.45,2550
96/07/06,43.00,43.10,42.20,42.50,13554115,575562582,-0.45,2873
96/07/09,43.50,44.20,43.10,44.00,21556941,945429154,1.50,4846
96/07/10,44.50,44.50,43.20,43.80,11178370,489875028,-0.20,2721
96/07/11,43.50,43.60,42.90,43.00,9157484,395375362,-0.80,2461
96/07/12,43.30,43.70,43.25,43.35,10917060,474938748,0.35,2682
96/07/13,43.60,43.80,42.80,43.10,13180730,569021271,-0.25,3110
96/07/16,43.10,43.10,42.75,42.80,8469687,363330269,-0.30,2112
96/07/17,42.80,42.90,41.65,42.70,17049100,715954468,-0.10,4071
96/07/18,42.30,42.65,41.65,41.90,16843432,708041003,-0.80,4083
96/07/19,41.70,42.55,41.70,42.25,8248714,347708164,0.35,2437
96/07/20,42.50,43.20,42.40,43.15,12410183,532048593,0.90,3490
96/07/23,43.15,43.30,42.85,43.00,12191310,524969010,-0.15,2737
96/07/24,43.20,43.25,42.60,43.00,11796232,505558326,,2627
96/07/25,42.60,43.00,42.60,42.90,7172200,306722328,-0.10,1935
96/07/26,43.10,43.60,41.85,41.90,9758530,417388698,-1.00,2507
96/07/27,40.25,41.30,40.00,40.05,16131550,657058984,-1.85,4121
96/07/30,39.45,40.00,39.30,39.55,13621310,538982235,-0.50,2878
96/07/31,40.00,40.70,39.80,40.70,8681215,348325531,1.15,2191
96/08/01,40.10,40.40,39.00,39.60,16146219,640966163,-1.10,3257
96/08/02,40.00,40.30,39.35,40.10,8736834,348126410,0.50,2178
96/08/03,40.50,41.25,40.30,40.35,7503485,305011164,0.25,1872
96/08/06,39.50,40.50,39.50,40.00,5506983,220396816,-0.35,1607
96/08/07,40.60,40.90,39.80,39.80,6393315,256443415,-0.20,1400
96/08/08,40.00,40.35,40.00,40.35,4190385,168201012,0.55,1323
96/08/09,40.90,40.90,40.65,40.75,7116672,289965717,0.40,1700
96/08/10,40.10,40.30,39.95,40.15,10442417,418681658,-0.60,2291
96/08/13,40.45,40.50,40.00,40.00,18529758,744049344,-0.15,3595
96/08/14,35.90,35.95,35.30,35.90,13818213,492744223,X,3294
96/08/15,35.60,35.70,34.40,34.75,13607756,476598993,-1.15,2416
96/08/16,34.00,34.40,32.35,32.90,15048368,497537050,-1.85,3228
96/08/17,32.90,33.10,31.85,32.55,10777498,350053578,-0.35,2253
96/08/20,33.80,33.80,33.00,33.55,5953358,198670484,1.00,1720
96/08/21,33.60,33.65,32.70,32.70,4905880,162654781,-0.85,1332
96/08/22,32.90,33.20,32.70,33.05,3811700,125631049,0.35,963
96/08/23,34.00,34.15,33.10,33.25,7976213,267144615,0.20,1810
96/08/24,33.30,33.30,32.60,32.60,5426998,178388181,-0.65,1595
96/08/27,32.90,32.90,31.80,32.00,11810430,380319522,-0.60,2771
96/08/28,32.00,32.15,31.55,31.80,7633400,242613049,-0.20,1960
96/08/29,31.05,31.40,30.85,31.05,6670639,206773112,-0.75,1905
96/08/30,31.80,31.80,31.10,31.50,5424667,170451559,0.45,1246
96/08/31,31.60,32.95,31.60,32.95,7297470,236779301,1.45,2259
96/09/03,33.00,33.00,32.15,32.20,3955780,128616990,-0.75,1286
96/09/04,32.30,32.70,32.05,32.60,3818572,123641176,0.40,1085
96/09/05,32.80,32.90,32.00,32.05,4037461,130390852,-0.55,1254
96/09/06,32.50,32.75,31.80,32.75,3975631,128724888,0.70,1367
96/09/07,32.75,33.10,32.60,32.90,3905385,128263518,0.15,1204
96/09/10,32.00,32.20,31.90,32.05,4513500,144424624,-0.85,1222
96/09/11,32.05,32.15,31.80,32.05,2404100,76903415,,772
96/09/12,32.00,32.20,31.90,32.00,3065180,98133677,-0.05,935
96/09/13,32.00,32.35,31.70,31.75,4375870,139714582,-0.25,1019
96/09/14,31.75,32.45,31.60,32.35,4305353,138279860,0.60,1234
96/09/17,32.20,32.35,31.60,31.65,3846999,122420513,-0.70,948
96/09/19,32.40,32.40,31.70,31.90,7283450,233439227,0.25,1443
96/09/20,31.90,32.40,31.80,32.20,5222000,168290391,0.30,1289
96/09/21,31.20,31.95,31.20,31.80,7356552,232927346,-0.40,1619
96/09/26,31.20,32.70,31.20,32.10,10492885,335541070,0.30,2892
96/09/27,32.50,34.20,32.40,34.20,18257454,607176570,2.10,5480
96/09/28,34.20,34.20,32.95,32.95,11346373,381967959,-1.25,3137
96/09/29,33.00,33.10,32.40,32.90,5904887,192980845,-0.05,1998
96/10/01,32.90,32.95,32.20,32.20,5930459,192679238,-0.70,2017
96/10/02,32.50,32.80,32.50,32.75,7165032,234385322,0.55,1818
96/10/03,32.95,33.35,32.45,33.10,8471693,279041194,0.35,2452
96/10/04,32.70,32.95,32.55,32.80,4768140,156106907,-0.30,1231
96/10/05,32.90,32.95,32.05,32.55,4252205,138047740,-0.25,1197
96/10/08,32.55,32.60,32.00,32.10,5903163,189743911,-0.45,1577
96/10/09,32.40,32.45,32.10,32.35,5615027,181295607,0.25,1398
96/10/11,32.50,32.70,32.30,32.35,6141685,199645296,,1547
96/10/12,32.35,32.60,31.90,31.90,5851080,188236871,-0.45,1494
96/10/15,31.90,32.10,31.25,31.90,4980482,156878607,,1396
96/10/16,31.90,33.50,31.70,32.90,16548728,542475905,1.00,4316
96/10/17,33.10,33.10,32.10,32.15,7066070,229210025,-0.75,2111
96/10/18,32.40,32.90,32.15,32.85,7758645,252544605,0.70,2208
96/10/19,33.10,33.10,32.40,32.85,4876639,159492171,,1528
96/10/22,31.55,31.80,31.45,31.50,9791538,309117483,-1.35,2607
96/10/23,31.60,31.80,31.00,31.05,11523644,358563779,-0.45,3332
96/10/24,31.00,31.15,30.25,30.25,17204639,526376093,-0.80,4190
96/10/25,30.30,30.80,30.10,30.30,9643549,293679005,0.05,2497
96/10/26,30.25,31.25,30.25,31.25,7683426,236121187,0.95,2059
96/10/29,31.50,31.60,31.05,31.10,6268921,196078701,-0.15,1772
96/10/30,31.30,31.30,30.55,30.55,4293584,132247366,-0.55,1400
96/10/31,30.60,31.30,30.60,30.80,5043757,155843436,0.25,1523
96/11/01,31.00,31.25,30.50,30.60,5010575,154494628,-0.20,1458
96/11/02,30.15,30.80,30.00,30.00,8959323,271222070,-0.60,2796
96/11/05,30.00,30.10,28.95,29.40,8503740,250958944,-0.60,2153
96/11/06,29.40,29.65,29.20,29.20,3565983,104959982,-0.20,1090
96/11/07,29.80,29.80,28.90,28.90,5200144,151624326,-0.30,1331
96/11/08,28.10,28.10,26.90,26.95,11961210,328059970,-1.95,3285
96/11/09,26.50,26.95,25.90,26.05,8411668,220495948,-0.90,2162
96/11/12,25.90,27.30,25.60,26.35,9897100,261860824,0.30,2791
96/11/13,26.35,27.10,26.25,26.75,7208674,192511804,0.40,2030
96/11/14,27.00,27.30,26.80,27.10,8285700,223919014,0.35,1844
96/11/15,27.00,27.00,26.50,26.50,4647524,123673584,-0.60,1710
96/11/16,26.05,26.20,25.20,25.50,7097890,182785603,-1.00,2065
96/11/19,25.50,27.25,25.30,26.40,9044117,238957378,0.90,2714
96/11/20,26.00,26.85,25.55,26.60,6979452,182253885,0.20,1876
96/11/21,27.00,27.30,25.60,25.60,10424870,275666341,-1.00,2692
96/11/22,25.55,26.15,25.20,25.40,5393811,138605892,-0.20,1540
96/11/23,25.45,25.80,25.30,25.30,5272430,134644218,-0.10,1408
96/11/26,25.50,26.45,25.50,26.25,6314925,164571775,0.95,2042
96/11/27,25.60,26.85,25.50,26.65,6373965,166737361,0.40,2011
96/11/28,26.65,26.65,25.70,25.70,4081640,106722172,-0.95,1502
96/11/29,26.85,26.95,26.00,26.85,8043641,214596704,1.15,2415
96/11/30,26.85,28.00,26.85,27.50,15484780,427886727,0.65,3666
96/12/03,27.80,28.10,27.55,28.00,6832714,190370342,0.50,1811
96/12/04,28.10,28.20,27.50,27.50,4101845,113582635,-0.50,1290
96/12/05,28.45,29.05,28.10,28.95,18179820,523894177,1.45,4736
96/12/06,29.05,29.20,27.80,27.80,12408825,352609485,-1.15,3473
96/12/07,28.30,28.35,28.00,28.05,4533110,127754480,0.25,1312
96/12/10,28.00,28.00,27.10,27.30,3266640,90169166,-0.75,1056
96/12/11,27.60,27.70,27.30,27.70,2021420,55706034,0.40,862
96/12/12,27.10,27.30,26.80,27.25,3256980,88210350,-0.45,943
96/12/13,27.40,27.40,25.75,26.50,6381766,168196646,-0.75,1735
96/12/14,26.50,26.60,25.75,26.60,5340278,139856038,0.10,1517
96/12/17,26.60,26.70,25.55,25.55,5079877,133380996,-1.05,1464
96/12/18,25.20,26.50,25.20,25.50,10409423,267829880,-0.05,2529
96/12/19,26.00,26.10,25.35,25.35,8566032,219343805,-0.15,2165
96/12/20,25.50,25.95,25.00,25.05,5562969,141652657,-0.30,1638
96/12/21,25.10,25.40,24.35,24.40,5904292,147116998,-0.65,1436
96/12/24,25.00,25.00,24.50,24.75,3231459,79901702,0.35,1016
96/12/25,24.95,25.20,24.75,25.05,2408280,60048325,0.30,757
96/12/26,24.80,25.50,24.80,25.35,2981822,75026529,0.30,881
96/12/27,26.20,26.20,25.25,25.50,6845940,175916917,0.15,1734
96/12/28,25.30,26.40,25.30,26.25,11614175,300315487,0.75,2861
96/12/31,26.20,26.20,25.50,25.70,7096535,182212597,-0.55,1846
97/01/02,25.70,26.15,24.95,25.00,10958480,279962150,-0.70,2943
97/01/03,24.60,25.15,24.60,24.80,6590834,163884600,-0.20,1799
97/01/04,24.80,25.10,24.55,24.85,4134059,102508806,0.05,1372
97/01/07,24.30,24.30,23.20,23.20,8572586,201929019,-1.65,2351
97/01/08,23.05,23.50,22.40,22.70,6039940,138229516,-0.50,1736
97/01/09,22.50,24.00,22.10,24.00,7172541,167064284,1.30,2153
97/01/10,24.10,24.30,23.80,24.00,3909252,93782948,,1252
97/01/11,24.20,24.25,23.50,23.50,3687460,88003190,-0.50,1309
97/01/14,24.00,24.35,23.80,24.10,5837241,140567651,0.60,1642
97/01/15,24.55,25.60,24.50,25.10,10305600,259637785,1.00,2842
97/01/16,24.40,24.90,23.85,24.00,4648388,113449162,-1.10,1480
97/01/17,25.40,25.65,24.90,25.65,20798067,530586705,1.65,3556
97/01/18,25.65,26.55,25.55,26.55,28959482,755107636,0.90,7221
97/01/21,26.95,27.15,26.50,26.75,12645659,338876303,0.20,3392
97/01/22,24.90,25.80,24.90,24.90,13590720,341217628,-1.85,3392
97/01/23,25.50,25.50,23.70,24.15,14034247,344630245,-0.75,3154
97/01/24,25.10,25.25,24.65,25.20,8381058,209249657,1.05,2089
97/01/25,25.95,26.00,25.40,25.80,7472320,192265120,0.60,2377
97/01/28,25.60,25.80,25.40,25.45,5444040,138700670,-0.35,1178
97/01/29,26.00,26.40,25.20,26.30,5667328,147321359,0.85,1805
97/01/30,26.50,27.00,25.80,25.80,9549306,251519638,-0.50,2435
97/01/31,26.30,26.90,25.70,26.70,8097000,213131395,0.90,1945
97/02/01,27.00,27.00,26.10,26.55,4740870,125580277,-0.15,1345
97/02/12,25.85,26.30,24.70,24.80,5702758,143343595,-1.75,1838
97/02/13,24.90,25.30,24.60,24.60,3663190,91333912,-0.20,1112
97/02/14,25.20,26.30,25.20,26.30,6002630,155913301,1.70,1693
97/02/15,26.00,26.00,25.30,26.00,2823026,72556315,-0.30,948
97/02/18,25.90,26.35,25.70,26.30,4413060,114606964,0.30,1114
97/02/19,26.70,26.70,26.00,26.60,3919000,103154993,0.30,1209
97/02/20,26.50,27.20,25.70,25.70,7964500,211393646,-0.90,2036
97/02/21,26.40,26.75,26.00,26.70,3693562,97410260,1.00,1223
97/02/22,26.35,26.35,25.35,26.20,4075960,105331902,-0.50,1455
97/02/25,26.20,26.50,26.10,26.45,4904551,129022882,0.25,1588
97/02/26,26.60,26.85,26.40,26.75,5170625,138004159,0.30,1921
97/02/27,26.80,27.85,26.75,27.85,18260853,501051007,1.10,4015
97/02/29,27.40,27.70,27.10,27.50,5864106,160792600,-0.35,1459
97/03/03,26.50,26.80,26.25,26.80,4995669,132385724,-0.70,1520
97/03/04,26.40,27.40,26.35,27.40,8692314,234419475,0.60,2439
97/03/05,27.00,27.35,26.80,27.25,3964595,107478565,-0.15,1095
97/03/06,27.25,28.40,27.15,28.35,10078301,280230395,1.10,2340
97/03/07,27.80,28.20,27.80,28.10,5051618,141425901,-0.25,1422
97/03/10,28.15,28.20,27.15,27.80,6081790,168530530,-0.30,1692
97/03/11,27.50,27.70,27.20,27.65,2957684,81296408,-0.15,880
97/03/12,28.20,28.20,27.50,27.85,5429387,151859041,0.20,1306
97/03/13,27.15,27.70,27.15,27.50,4768735,130427176,-0.35,1217
97/03/14,27.80,27.85,27.00,27.00,5846790,160037192,-0.50,1541
97/03/17,26.80,26.80,25.15,25.15,8707625,222791900,-1.85,2091
97/03/18,25.20,25.40,24.40,24.90,7217425,179397776,-0.25,1827
97/03/19,25.30,25.50,25.10,25.50,4517848,114613972,0.60,1020
97/03/20,25.25,26.00,24.80,25.50,7263576,184527281,,1410
97/03/21,25.80,26.55,25.60,26.55,5499982,144770655,1.05,1536
97/03/24,28.15,28.15,27.00,27.35,9924859,275235943,0.80,1849
97/03/25,27.40,27.70,27.35,27.60,6042114,166463152,0.25,1414
97/03/26,27.60,27.80,26.90,27.40,5141501,141231197,-0.20,984
97/03/27,27.20,27.20,26.40,27.10,2999820,80166490,-0.30,903
97/03/28,26.60,27.40,26.60,27.00,7204656,195165097,-0.10,1423
97/03/31,27.00,27.15,26.65,26.95,5384539,144694837,-0.05,1217
97/04/01,27.25,27.90,26.90,26.90,11817049,323224454,-0.05,2406
97/04/02,27.30,28.00,27.30,27.80,9767254,270908699,0.90,1931
97/04/03,28.00,28.60,27.50,27.50,7900304,221810105,-0.30,2127
97/04/07,28.00,28.00,27.45,27.65,4482702,124017474,0.15,1161
97/04/08,27.95,27.95,27.20,27.20,4345213,119215862,-0.45,975
97/04/09,27.20,27.40,26.60,26.65,3564683,96007421,-0.55,1246
97/04/10,27.00,27.50,27.00,27.45,4104723,112242078,0.80,1177
97/04/11,27.80,27.80,27.15,27.50,2999103,82173380,0.05,1021
97/04/14,27.40,27.50,27.05,27.30,2121279,57549217,-0.20,707
97/04/15,27.20,27.70,27.10,27.35,2572980,70538751,0.05,843
97/04/16,27.45,27.60,27.35,27.50,2311325,63424217,0.15,643
97/04/17,28.00,28.30,27.85,28.20,8157669,228828482,0.70,2005
97/04/18,28.30,28.40,27.65,28.30,4288634,120404928,0.10,1174
97/04/21,28.40,28.50,28.00,28.25,3363090,94919017,-0.05,1145
97/04/22,28.40,28.50,28.15,28.50,5088221,144210019,0.25,1656
97/04/23,28.20,28.80,28.20,28.75,4025532,115136527,0.25,1437
97/04/24,28.70,28.70,27.80,27.85,5624280,158136483,-0.90,1979
97/04/25,27.95,29.20,27.90,28.05,10199731,292111368,0.20,3032
97/04/28,28.20,28.45,27.95,28.35,4795403,135418807,0.30,1211
97/04/29,28.50,28.50,26.75,26.75,5314818,146432336,-1.60,1599
97/04/30,27.40,27.45,26.85,26.85,2888400,78314066,0.10,1179
97/05/02,27.25,27.50,26.90,26.90,3887205,105512507,0.05,1243
97/05/05,26.90,27.00,25.60,25.85,5820350,151687792,-1.05,1818
97/05/06,25.90,26.60,25.90,26.60,3479607,91464391,0.75,1128
97/05/07,27.20,27.25,26.65,26.65,3556179,96138452,0.05,1177
97/05/08,26.55,26.55,25.80,25.80,8311445,216118322,-0.85,2658
97/05/09,26.30,26.30,25.50,25.55,4556746,117059343,-0.25,1495
97/05/12,25.55,25.90,25.35,25.75,2860440,73281676,0.20,987
97/05/13,25.95,26.45,25.50,26.30,4031735,105242162,0.55,1287
97/05/14,26.30,26.45,26.00,26.40,2834100,74367367,0.10,767
97/05/15,26.70,26.95,26.50,26.95,5037398,134861779,0.55,1433
97/05/16,27.00,27.20,26.60,27.05,3700972,99948389,0.10,1447
97/05/19,26.60,27.05,26.60,26.90,1722554,46105208,-0.15,775
97/05/20,27.00,27.20,26.10,26.25,5065137,134611443,-0.65,1573
97/05/21,26.65,26.85,25.90,26.35,7791380,205721472,0.10,1937
97/05/22,25.60,25.70,25.30,25.40,10126580,257816229,-0.95,2936
97/05/23,25.60,25.60,24.60,24.60,9651298,240364160,-0.80,2472
97/05/26,24.60,24.60,23.90,24.00,7084905,170918470,-0.60,1827
97/05/27,24.00,24.35,23.45,23.50,8308820,197875147,-0.50,2059
97/05/28,23.60,23.70,22.30,22.55,16223680,371020240,-0.95,3523
97/05/29,22.55,22.70,22.00,22.15,20616551,458679941,-0.40,4554
97/05/30,22.15,22.45,20.70,20.70,78570562,1648887802,-1.45,7639
97/06/02,21.30,21.45,20.85,21.35,13700340,290593010,0.65,2718
97/06/03,21.20,21.70,21.00,21.10,11356517,241232056,-0.25,3019
97/06/04,21.50,22.55,21.30,22.55,14841140,328103799,1.45,3599
97/06/05,23.00,23.30,22.70,22.85,25094700,577876250,0.30,5559
97/06/06,23.30,23.30,22.90,22.95,7638180,176067767,0.10,2244
97/06/09,22.40,22.60,22.15,22.40,5587949,124636701,-0.55,1366
97/06/10,22.50,22.50,21.80,21.80,7974232,175913151,-0.60,2182
97/06/11,21.80,22.10,21.50,21.80,5329020,116197490,,1252
97/06/12,21.40,21.50,20.85,21.00,7606019,160361699,-0.80,2026
97/06/13,21.30,22.20,20.90,22.20,8754603,188910774,1.20,2263
97/06/16,22.45,22.45,21.85,22.00,6524665,145083991,-0.20,1928
97/06/17,22.50,22.50,21.35,21.35,5108962,110707334,-0.65,1638
97/06/18,21.15,21.35,21.00,21.05,5915891,125091093,-0.30,1414
97/06/19,20.90,21.00,20.10,20.10,9200859,188919848,-0.95,2479
97/06/20,20.10,20.20,19.50,19.60,7839015,155961050,-0.50,2014
97/06/23,19.30,19.50,19.10,19.25,4203220,80999928,-0.35,1481
97/06/24,19.30,19.35,18.30,18.30,5162648,97229638,-0.95,1397
97/06/25,18.30,18.40,18.00,18.25,9257180,168250731,-0.05,2323
97/06/26,18.30,18.95,18.20,18.60,6436220,120314319,0.35,1651
97/06/27,17.50,17.95,17.50,17.65,6646481,117563084,-0.95,1832
97/06/30,17.65,18.00,17.60,17.80,4078940,72643087,0.15,1463
97/07/01,18.00,18.40,17.85,17.90,3449585,62519361,0.10,1237
97/07/02,18.00,18.75,17.70,17.90,10894463,198290336,,2454
97/07/03,17.75,18.35,17.75,18.35,8032340,144687887,0.45,2182
97/07/04,18.00,18.35,17.50,17.50,4959041,88857538,-0.85,1356
97/07/07,17.50,17.95,17.50,17.80,3596085,63566739,0.30,948
97/07/08,17.75,17.75,16.60,16.60,9479086,160494003,-1.20,2121
97/07/09,16.80,16.95,15.70,15.80,7030330,115652210,-0.80,2374
97/07/10,15.40,15.80,15.30,15.50,7245400,112684548,-0.30,2043
97/07/11,15.60,16.25,15.60,16.25,6195365,99239998,0.75,1549
97/07/14,16.25,16.45,16.00,16.25,3124620,50654056,,909
97/07/15,16.10,16.10,15.30,15.40,4417260,68600729,-0.85,1252
97/07/16,15.55,15.70,15.00,15.00,4666217,71768405,-0.40,1201
97/07/17,15.50,15.60,15.00,15.00,7397433,113126995,,1655
97/07/18,15.10,15.15,13.95,13.95,15066230,212914500,-1.05,2862
97/07/21,14.40,14.45,13.70,14.05,10992046,154601689,0.10,2505
97/07/22,14.00,14.60,13.75,14.15,9228791,130275986,0.10,2779
97/07/23,14.20,14.55,13.95,14.55,15182326,217791725,0.40,2935
97/07/24,14.55,15.00,14.20,14.75,14000807,205243116,0.20,2716
97/07/25,14.30,14.55,14.25,14.25,5054128,72645722,-0.50,1155
97/07/29,14.00,14.00,13.35,13.40,5940800,80412757,-0.85,1327
97/07/30,13.50,13.65,13.15,13.25,7237480,96540682,-0.15,1947
97/07/31,13.50,14.15,13.40,13.95,18920578,264785782,0.70,2828
97/08/01,13.40,13.60,13.10,13.40,8769405,116641574,-0.55,1762
97/08/04,13.80,14.25,13.60,14.00,9859420,137583838,0.60,2145
97/08/05,14.20,14.25,13.50,13.55,8488448,117466559,-0.45,1453
97/08/06,14.00,14.10,13.75,14.00,5691193,79201430,0.45,1295
97/08/07,14.20,14.75,13.90,13.90,17859960,255684884,-0.10,4225
97/08/08,14.00,14.40,13.90,14.25,10984713,155798559,0.35,2204
97/08/11,14.45,14.60,14.00,14.00,7958986,113336849,-0.25,1666
97/08/12,14.00,14.15,13.85,14.00,7281640,102112560,,1637
97/08/13,14.00,14.05,13.35,13.55,13263740,180366164,-0.45,2603
97/08/14,13.55,13.95,13.45,13.90,6518450,89478900,0.35,1383
97/08/15,14.00,14.50,13.65,13.65,14166180,200287548,-0.25,3019
97/08/18,13.80,13.95,13.20,13.30,7632636,102959336,-0.35,1862
97/08/19,13.20,13.55,13.10,13.55,4808923,64185110,0.25,1242
97/08/20,13.40,13.60,13.30,13.50,2989980,40242079,-0.05,820
97/08/21,13.40,13.55,13.15,13.20,6920221,92337039,-0.30,1540
97/08/22,13.30,13.30,12.70,13.00,6946263,90188403,-0.20,1643
97/08/25,12.90,12.90,12.65,12.70,8147917,103812390,-0.30,1620
97/08/26,12.50,12.55,12.10,12.10,6033110,74361672,-0.60,1818
97/08/27,12.00,12.50,11.90,12.30,7885799,96848026,0.20,1579
97/08/28,12.30,12.45,12.25,12.30,3813193,46995742,,836
97/08/29,12.40,12.50,12.20,12.25,3230527,39941450,-0.05,665
97/09/01,12.00,12.00,11.40,11.40,8972980,103493420,-0.85,1912
97/09/02,11.00,11.20,10.65,10.65,11674715,125982760,-0.75,1978
97/09/03,10.15,10.60,10.00,10.05,17111611,174988833,-0.60,2692
97/09/04,10.20,10.65,10.20,10.50,11058460,115283608,0.45,2358
97/09/05,10.30,10.40,9.92,10.05,11179880,113638920,-0.45,2152
97/09/08,10.70,10.75,10.35,10.65,6895230,73282085,0.60,1360
97/09/09,10.50,10.60,9.91,9.91,6304642,64781988,-0.74,1402
97/09/10,10.00,10.60,10.00,10.60,10082940,105749920,0.69,1734
97/09/11,10.50,10.90,10.10,10.10,13480807,141345281,-0.50,2342
97/09/12,10.40,10.65,10.15,10.50,7951432,82631888,0.40,1460
97/09/15,10.50,10.50,9.77,9.77,8623905,85914045,-0.73,1808
97/09/16,9.09,9.09,9.09,9.09,3648866,33168181,-0.68,588
97/09/17,9.09,9.45,8.46,8.46,14467900,126348418,-0.63,2665
97/09/18,7.87,8.00,7.87,7.90,14841820,116994470,-0.56,2281
97/09/19,8.40,8.45,8.20,8.45,10287880,86194406,0.55,1621
97/09/22,9.04,9.04,9.04,9.04,3189903,28836719,0.59,462
97/09/23,8.95,9.67,8.82,9.67,12671195,118187513,0.63,2218
97/09/24,9.72,10.30,9.52,9.95,16719732,167562679,0.28,2625
97/09/25,9.95,10.60,9.95,10.60,27799580,290219678,0.65,3746
97/09/26,10.60,10.70,9.91,10.15,17093890,175235723,-0.45,2895
97/09/30,9.44,9.58,9.44,9.44,7568664,71509243,-0.71,1122
97/10/01,9.80,10.10,9.80,10.10,8177340,82186264,0.66,1449
97/10/02,10.10,10.60,9.95,10.00,7861880,80704628,-0.10,1543
97/10/03,10.50,10.70,10.00,10.70,13994184,147615866,0.70,2069
97/10/06,10.40,10.45,9.96,9.96,13805708,138894780,-0.74,2346
97/10/07,9.50,10.10,9.45,9.95,5696666,56083120,-0.01,1397
97/10/08,9.50,9.71,9.26,9.26,7887560,74106947,-0.69,1623
97/10/09,9.26,9.43,8.80,8.80,10212420,93779104,-0.46,1963
97/10/13,8.50,9.40,8.50,9.40,12227510,108448382,0.60,2480
97/10/14,10.05,10.05,10.05,10.05,3380260,33971611,0.65,458
97/10/15,10.60,10.75,10.30,10.60,19357291,204395913,0.55,3468
97/10/16,10.25,10.25,10.25,10.25,1715416,17583010,-0.35,330
97/10/17,10.25,10.50,9.90,9.90,13564048,135825419,-0.35,2503
97/10/20,9.56,9.77,9.56,9.68,5346059,51286219,-0.22,1172
97/10/21,10.00,10.15,9.57,9.57,5355189,52565195,-0.11,1444
97/10/22,9.24,9.37,9.24,9.24,4203681,38922641,-0.33,857
97/10/23,8.92,8.92,8.92,8.92,1029105,9179616,-0.32,202
97/10/24,8.61,8.61,8.61,8.61,849410,7313417,-0.31,160
97/10/27,8.01,8.01,8.01,8.01,1073050,8595130,-0.60,234
97/10/28,7.45,7.60,7.45,7.46,7916010,59093238,-0.55,1346
97/10/29,7.98,7.98,6.94,6.94,11023500,81914871,-0.52,2109
97/10/30,6.72,7.42,6.72,7.42,6605505,48304051,0.48,1102
97/10/31,7.75,7.93,7.75,7.93,6097193,48244773,0.51,756
97/11/03,8.48,8.48,8.22,8.48,13333280,112570049,0.55,1480
97/11/04,8.31,8.60,7.98,8.60,9688700,79673566,0.12,1753
97/11/05,8.98,9.20,8.80,9.10,9126188,83119065,0.50,1912
97/11/06,8.47,8.64,8.47,8.47,5709426,48505032,-0.63,900
97/11/07,7.88,8.47,7.88,8.30,6972470,56527499,-0.17,1452
97/11/10,8.29,8.80,8.20,8.50,3001730,25768846,0.20,947
97/11/11,8.00,8.20,7.91,7.91,4657519,37154637,-0.59,980
97/11/12,7.92,8.05,7.70,7.76,2658480,20931066,-0.15,618
97/11/13,7.23,7.35,7.22,7.22,4701312,33954241,-0.54,787
97/11/14,7.10,7.53,6.75,6.90,5459558,38812222,-0.32,1091
97/11/17,6.70,6.70,6.42,6.42,5093250,32893001,-0.48,886
97/11/18,5.98,6.05,5.98,5.98,2804001,16768765,-0.44,482
97/11/19,5.57,6.10,5.57,6.05,6424709,36814611,0.07,1458
97/11/20,5.63,5.90,5.63,5.63,4388104,24888510,-0.42,793
97/11/21,5.24,6.02,5.24,6.02,7977010,44617240,0.39,1200
97/11/24,6.02,6.28,5.81,5.90,5132942,31285706,-0.12,1037
97/11/25,6.20,6.20,5.65,5.70,4288810,25714884,-0.20,1125
97/11/26,6.09,6.09,6.09,6.09,7234248,44056561,0.39,741
97/11/27,6.19,6.51,6.19,6.51,7585960,48418222,0.42,1108
97/11/28,6.96,6.96,6.72,6.96,10520240,72876274,0.45,1421
97/12/01,7.18,7.44,7.09,7.44,11290962,82811778,0.48,1962
97/12/02,6.92,7.10,6.92,6.92,7132100,49488578,-0.52,1433
97/12/03,6.92,7.00,6.60,6.60,5632780,38411260,-0.32,1519
97/12/04,6.80,6.90,6.41,6.65,4231617,28386189,0.05,1036
97/12/05,6.59,6.97,6.48,6.73,5192200,35307676,0.08,1399
97/12/08,7.06,7.20,7.05,7.20,8684740,62307000,0.47,1596
97/12/09,7.20,7.32,6.94,7.04,6401979,45334153,-0.16,1488
97/12/10,7.15,7.53,7.15,7.50,8838329,65206494,0.46,2217
97/12/11,7.48,7.68,7.38,7.42,8571580,64171100,-0.08,1834
97/12/12,7.25,7.29,6.91,6.95,6433800,45293360,-0.47,1450
97/12/15,7.25,7.29,7.12,7.13,3445970,24840762,0.18,794
97/12/16,7.00,7.62,7.00,7.62,10036030,75140092,0.49,1749
97/12/17,8.15,8.15,7.52,7.62,16421711,129165753,,2534
97/12/18,7.62,8.15,7.36,8.15,18444793,146684426,0.53,2814
97/12/19,8.72,8.72,8.72,8.72,6833420,59587419,0.57,716
97/12/22,9.33,9.33,8.45,8.45,22543223,198552896,-0.27,3454
97/12/23,8.10,8.10,7.86,7.86,5669403,44772710,-0.59,1177
97/12/24,7.41,7.97,7.41,7.80,10100334,78759191,-0.06,1622
97/12/25,8.01,8.28,7.87,8.00,5128480,41269102,0.20,1142
97/12/26,7.80,7.99,7.61,7.69,3445020,26847249,-0.31,768
97/12/29,7.80,7.92,7.68,7.70,3155472,24570807,0.01,756
97/12/30,7.70,8.20,7.70,8.14,4366851,35233979,0.44,1070
97/12/31,8.14,8.29,8.02,8.06,5209346,42452884,-0.08,1090
98/01/05,8.50,8.50,8.00,8.07,6032330,49359868,0.01,1639
98/01/06,8.61,8.63,8.42,8.63,9866425,84831577,0.56,1608
98/01/07,9.08,9.23,8.85,9.23,22053595,201894888,0.60,2899
98/01/08,9.00,9.18,8.75,8.77,11672000,104265503,-0.46,2565
98/01/09,9.00,9.38,8.80,9.38,9914557,91355500,0.61,1784
98/01/10,9.31,9.31,8.73,8.73,10534719,92545805,-0.65,1914
98/01/12,8.85,8.99,8.64,8.86,5258984,46399253,0.13,1521
98/01/13,8.70,8.97,8.61,8.97,4936442,43664441,0.11,1415
98/01/14,9.40,9.59,9.33,9.59,14373918,137335404,0.62,1784
98/01/15,9.20,9.30,9.12,9.15,9460678,86984961,-0.44,2098
98/01/16,9.43,9.79,9.36,9.78,13180989,127870660,0.63,2552
98/01/17,10.00,10.10,9.53,9.60,10370860,101894506,-0.18,2257
98/01/19,9.55,10.25,9.43,9.90,22575576,225991740,0.30,3862
98/01/20,9.70,9.98,9.40,9.90,14627935,141805636,,3279
98/01/21,9.80,10.35,9.74,10.20,17596936,179048056,0.30,3738
98/02/02,9.80,10.90,9.80,10.90,18904493,197169770,0.70,3578
98/02/03,11.25,11.65,11.10,11.65,21843658,251366981,0.75,3429
98/02/04,11.95,12.00,11.70,11.75,20892749,247489319,0.10,3992
98/02/05,11.75,12.15,11.30,11.95,17079410,201082342,0.20,3838
98/02/06,12.15,12.55,12.05,12.55,15948395,197480217,0.60,3329
98/02/09,12.75,13.30,12.65,13.00,17607540,228057784,0.45,3619
98/02/10,13.25,13.90,13.15,13.90,16922759,229984888,0.90,3154
98/02/11,14.05,14.80,12.95,13.10,58608077,806506801,-0.80,10670
98/02/12,13.05,13.30,12.40,12.40,24643260,316638393,-0.70,5115
98/02/13,12.50,13.05,12.45,12.80,16579791,213020592,0.40,3367
98/02/16,12.70,12.75,12.20,12.60,13500810,168397873,-0.20,2881
98/02/17,12.25,12.60,11.75,11.75,17622234,211780846,-0.85,3400
98/02/18,11.30,11.90,11.05,11.90,25299677,290114983,0.15,4389
98/02/19,11.90,12.10,11.50,12.00,14953679,176959169,0.10,2871
98/02/20,11.80,12.80,11.80,12.80,34957225,443304322,0.80,5356
98/02/23,13.00,13.25,12.65,13.20,29186290,378901694,0.40,5843
98/02/24,12.80,13.15,12.75,12.80,13572001,175056912,-0.40,2706
98/02/25,13.00,13.20,12.35,12.35,19981991,256289085,-0.45,4193
98/02/26,12.50,12.80,12.20,12.20,12182495,151398538,-0.15,2438
98/02/27,12.20,12.50,12.00,12.00,14968499,182882632,-0.20,2816
98/03/02,11.95,12.00,11.20,11.20,16842929,193089853,-0.80,3154
98/03/03,10.85,11.40,10.45,11.10,22724130,249200980,-0.10,4418
98/03/04,11.10,11.70,11.10,11.65,9678420,110660989,0.55,2295
98/03/05,11.80,12.15,11.60,11.85,16573537,197472413,0.20,3527
98/03/06,11.60,11.65,11.05,11.10,16415741,185479961,-0.75,3526
98/03/09,10.90,11.00,10.35,10.40,15183110,160025841,-0.70,2990
98/03/10,10.15,11.05,10.10,10.90,9848410,105716787,0.50,2412
98/03/11,11.00,11.35,10.60,10.90,21336557,233875412,,4106
98/03/12,11.00,11.15,10.70,10.75,8862874,97031498,-0.15,2020
98/03/13,11.00,11.10,10.75,11.00,13501120,148230653,0.25,2747
98/03/16,11.05,11.50,11.05,11.30,9346291,105763353,0.30,1979
98/03/17,11.40,11.80,11.05,11.65,15766566,182394176,0.35,3268
98/03/18,11.65,12.20,11.60,12.15,18665861,222986465,0.50,3746
98/03/19,12.45,12.45,11.60,11.60,12559420,152758126,-0.55,2543
98/03/20,11.75,11.75,11.25,11.25,6520868,74518867,-0.35,1625
98/03/23,11.35,11.95,11.35,11.90,7674120,89800861,0.65,2022
98/03/24,12.30,12.35,11.70,11.70,9502899,113829120,-0.20,1999
98/03/25,11.85,12.50,11.80,12.50,22243529,274485755,0.80,3919
98/03/26,13.35,13.35,13.35,13.35,7518156,100367371,0.85,1178
98/03/27,14.25,14.25,14.25,14.25,5661109,80670797,0.90,1155
98/03/30,15.20,15.20,14.25,14.45,68458376,1010772682,0.20,10554
98/03/31,14.30,14.30,13.45,13.45,26514259,365928579,-1.00,4674
98/04/01,13.30,14.35,13.30,14.35,28683547,406101886,0.90,4461
98/04/02,14.45,14.45,13.35,13.90,27859688,382662705,-0.45,5805
98/04/03,14.00,14.25,13.45,13.45,20868713,288246682,-0.45,4568
98/04/06,13.35,13.45,12.70,12.85,17660504,231777942,-0.60,3738
98/04/07,12.70,13.70,12.70,13.70,24934371,335772075,0.85,3784
98/04/08,14.05,14.20,13.60,13.60,33213779,462277416,-0.10,5476
98/04/09,13.90,14.55,13.70,14.55,22739695,323827249,0.95,3936
98/04/10,14.50,14.60,13.85,14.25,19368060,275107336,-0.30,3238
98/04/13,14.15,14.25,13.75,13.95,9837000,137495091,-0.30,2006
98/04/14,14.25,14.90,14.10,14.90,22352304,330243968,0.95,3951
98/04/15,14.90,15.15,14.50,14.70,14946120,220694452,-0.20,2690
98/04/16,15.70,15.70,15.70,15.70,7804737,122534361,1.00,1331
98/04/17,16.75,16.75,15.35,16.00,55193402,905641752,0.30,6789
98/04/20,16.30,16.70,15.60,16.40,28770622,462746237,0.40,4980
98/04/21,15.90,17.50,15.80,17.50,25981490,432339771,1.10,4633
98/04/22,17.90,18.70,17.70,18.70,28561845,520620241,1.20,4534
98/04/23,20.00,20.00,19.25,20.00,40912927,808481090,1.30,5707
98/04/24,19.80,20.20,18.60,18.60,67244399,1299102964,-1.40,11532
98/04/27,18.75,18.95,17.30,17.30,35398345,633399367,-1.30,6254
98/04/28,17.10,17.20,16.20,16.30,55502020,926100015,-1.00,7721
98/04/29,16.50,17.20,16.10,16.30,27981033,466568430,,5552
98/04/30,17.40,17.40,17.05,17.40,21191908,367502042,1.10,3168
98/05/04,18.20,18.60,17.55,18.60,24910204,454984935,1.20,4005
98/05/05,18.75,18.80,17.30,17.30,25200048,443297175,-1.30,4710
98/05/06,17.05,18.50,17.05,18.50,20523322,375557396,1.20,3471
98/05/07,19.10,19.50,18.30,19.50,28350560,537666703,1.00,5380
98/05/08,19.05,20.15,18.80,19.50,25230955,495643465,,5417
98/05/11,19.40,19.80,18.50,18.60,21393737,409046983,-0.90,4337
98/05/12,18.30,19.10,18.30,18.45,21009576,393280529,-0.15,4159
98/05/13,18.45,18.75,17.70,18.25,22046608,398530199,-0.20,4722
98/05/14,17.40,18.20,17.40,17.50,11710707,207372616,-0.75,2755
98/05/15,18.00,18.00,17.50,17.70,13640351,242518121,0.20,2798
98/05/18,17.55,17.70,17.15,17.70,12504542,218415584,,2876
98/05/19,18.90,18.90,18.55,18.90,33689553,634166036,1.20,4785
98/05/20,18.60,18.65,17.90,18.00,16165193,294363048,-0.90,3271
98/05/21,17.90,18.45,17.10,17.65,17778341,314495845,-0.35,4298
98/05/22,17.50,17.70,17.20,17.30,18379930,319753246,-0.35,3878
98/05/25,17.45,18.20,17.30,17.40,15735234,278554905,0.10,3714
98/05/26,17.50,17.60,16.60,16.65,15069890,255847265,-0.75,3586
98/05/27,16.80,17.65,16.75,17.05,16835475,287148343,0.40,4288
98/06/01,17.40,17.40,16.50,16.65,12545835,210451984,-0.40,2882
98/06/02,17.00,17.10,16.70,16.80,11538163,195190460,0.15,2377
98/06/03,16.80,17.10,16.10,16.30,14755187,243532423,-0.50,3380
98/06/04,16.60,17.25,16.45,16.95,21323100,357741885,0.65,4360
98/06/05,17.25,17.30,16.60,16.60,7788641,131833783,-0.35,1950
98/06/06,16.60,17.30,16.60,17.10,9090056,155014302,0.50,2179
98/06/08,17.20,17.30,16.30,16.35,8508920,143298199,-0.75,2243
98/06/09,16.25,16.50,15.25,15.25,15142963,236378582,-1.10,3180
98/06/10,15.30,15.60,14.75,14.75,8713785,132157603,-0.50,2213
98/06/11,14.75,15.00,14.25,14.70,20264840,294886862,-0.05,3758
98/06/12,14.70,14.80,13.75,13.75,19218620,272125771,-0.95,3851
98/06/15,13.50,13.75,12.80,12.80,19120712,250397741,-0.95,3863
98/06/16,12.90,13.65,12.75,13.65,19125342,252489515,0.85,3822
98/06/17,13.95,14.15,13.15,13.25,15882290,218259324,-0.40,3555
98/06/18,13.25,13.60,12.80,13.10,10208807,134411191,-0.15,2365
98/06/19,13.15,13.35,12.80,12.80,9875600,128587866,-0.30,2277
98/06/22,13.15,13.50,12.95,13.50,8876630,117393636,0.70,2126
98/06/23,13.30,13.80,12.70,13.40,27513670,365807111,-0.10,5450
98/06/24,13.50,14.30,13.30,14.30,24990787,351477747,0.90,4684
98/06/25,14.45,15.00,14.40,14.40,21429712,314437898,0.10,4017
98/06/26,14.70,14.95,14.35,14.40,11922400,174465067,,2446
98/06/29,14.60,14.80,14.10,14.10,6111133,88008057,-0.30,1453
98/06/30,14.20,14.60,14.10,14.15,5520422,78787027,0.05,1431
98/07/01,14.20,15.00,14.15,15.00,8196094,120430010,0.85,2225
98/07/02,15.60,16.05,15.50,16.05,7715029,122996811,1.05,1443
98/07/03,16.40,16.55,15.85,16.30,20210525,326980700,0.25,3669
98/07/06,16.30,16.50,15.85,15.85,8214368,132142963,-0.45,1689
98/07/07,15.85,16.05,15.70,16.00,5402927,85868882,0.15,1550
98/07/08,15.80,16.00,15.40,15.50,6496170,101593935,-0.50,1697
98/07/09,15.70,15.95,15.60,15.70,4459140,70501680,0.20,1234
98/07/10,16.00,16.20,15.85,15.90,6450843,103379761,0.20,1650
98/07/13,15.80,16.00,14.80,14.80,11569003,173815492,-1.10,2501
98/07/14,14.90,15.10,14.75,15.00,6895699,102988310,0.20,1466
98/07/15,15.30,15.55,15.05,15.50,8576120,131776497,0.50,1979
98/07/16,15.95,16.35,15.65,15.70,13247780,212682114,0.20,2892
98/07/17,15.95,16.75,15.85,16.75,35062500,580581263,1.05,4028
98/07/20,17.20,17.80,17.10,17.20,24775673,431097849,0.45,4425
98/07/21,17.60,17.60,16.70,17.20,18271440,311967918,,3507
98/07/22,17.20,18.40,17.10,18.40,52482940,936937687,1.20,7853
98/07/23,19.00,19.10,17.80,17.80,41279192,759859263,-0.60,7195
98/07/24,18.30,18.80,17.80,18.45,40549251,744477346,0.65,6413
98/07/27,19.00,19.70,18.80,19.35,44642904,861180788,0.90,8072
98/07/28,19.35,20.05,19.30,19.40,40404746,796618688,0.05,6352
98/07/29,19.80,19.95,18.90,18.95,21087360,405880162,-0.45,5398
98/07/30,18.90,18.90,17.65,17.80,37389960,672055284,-1.15,7092
98/07/31,17.80,18.05,17.05,17.10,56459290,982466515,-0.70,9894
98/08/03,17.00,17.70,17.00,17.45,34807372,606263553,0.35,6507
98/08/04,18.00,18.20,17.45,17.50,28850841,515123715,0.05,5934
98/08/05,17.50,17.90,16.35,16.50,22114616,377389246,-1.00,4797
98/08/06,17.25,17.45,16.55,17.45,18172560,308503617,0.95,3457
98/08/10,16.25,16.70,16.25,16.25,89607690,1467495365,-1.20,9356
98/08/11,16.25,16.50,15.80,15.95,96587465,1544421403,-0.30,7006
98/08/12,15.85,16.40,15.85,16.05,37094039,597991569,0.10,5298
98/08/13,16.40,16.50,16.25,16.40,29403161,481892277,0.35,4590
98/08/14,16.60,16.65,16.10,16.10,19290637,314634798,-0.30,4282
98/08/17,16.10,16.50,16.00,16.45,30371161,495181055,0.35,4947
98/08/18,16.40,16.45,15.50,15.95,34262836,546711426,-0.50,5418
98/08/19,16.10,16.25,15.90,16.00,16091394,259051104,0.05,3196
98/08/20,16.20,17.10,16.10,16.90,62136811,1029804220,0.90,10737
98/08/21,17.40,17.70,16.50,16.70,50867061,875841208,-0.20,8368
98/08/24,17.40,17.50,16.90,17.10,26091606,449430652,0.40,5216
98/08/25,17.10,17.40,16.90,16.95,18057768,309395450,-0.15,3707
98/08/26,17.30,17.30,16.55,16.80,26322700,446800837,-0.15,5012
98/08/27,16.60,17.15,16.60,16.95,29662928,500301237,0.15,4933
98/08/28,17.25,18.10,17.10,18.10,59826059,1075719512,1.15,10121
98/08/31,18.10,18.50,17.70,18.50,53038615,962083508,0.40,9245
98/09/01,18.50,18.70,18.10,18.20,35086677,646566446,-0.30,6280
98/09/02,18.10,18.70,18.10,18.25,26499564,489441611,0.05,5302
98/09/03,18.50,19.50,18.40,19.30,47179303,904103254,1.05,8299
98/09/04,19.30,19.50,18.85,18.90,31019909,592033031,-0.40,5350
98/09/07,19.20,19.35,18.90,18.90,26283379,503052691,,5366
98/09/08,19.30,19.60,19.15,19.20,30082850,581473126,0.30,6337
98/09/09,19.55,19.55,18.80,18.80,24711590,470875775,-0.40,4996
98/09/10,19.40,19.50,18.95,19.20,29925345,574018783,0.40,5413
98/09/11,18.90,19.40,18.70,18.95,28663043,546756497,-0.25,5214
98/09/14,19.10,19.40,18.90,18.95,23472778,448547463,,4584
98/09/15,19.00,19.05,18.60,18.90,21656857,408458059,-0.05,4457
98/09/16,19.10,19.15,18.60,18.95,19549493,368594953,0.05,4433
98/09/17,19.00,20.10,19.00,19.85,50140552,985373165,0.90,9144
98/09/18,20.30,20.95,20.30,20.80,47806440,984999132,0.95,9777
98/09/21,21.20,21.90,21.00,21.65,38077262,820086057,0.85,7786
98/09/22,22.40,22.40,21.50,21.50,41076268,905275214,-0.15,7758
98/09/23,21.60,21.80,20.60,20.75,45006026,946209528,-0.75,8704
98/09/24,20.90,21.20,20.65,20.80,26199868,547731796,0.05,5434
98/09/25,20.75,20.90,20.50,20.60,26597149,550206339,-0.20,4578
98/09/28,20.70,21.10,20.45,20.45,28312824,586168142,-0.15,5544
98/09/29,20.80,20.95,20.60,20.80,29668835,617808614,0.35,4935
98/09/30,20.95,21.10,20.55,20.65,36936467,767670073,-0.15,6745
98/10/01,20.70,20.85,20.35,20.65,26312669,540854762,,4238
98/10/02,20.50,20.55,20.05,20.05,34292430,694677241,-0.60,6619
98/10/05,20.15,20.40,20.05,20.10,20020787,404009154,0.05,3898
98/10/06,20.45,20.90,20.45,20.50,33463136,691346717,0.40,6574
98/10/07,20.80,20.80,20.10,20.10,29142670,593010491,-0.40,5691
98/10/08,20.40,20.40,19.90,19.90,20241435,407646601,-0.20,4154
98/10/09,20.30,20.65,20.20,20.25,38238326,780566907,0.35,5932
98/10/12,20.50,21.65,20.50,21.65,66147522,1397104687,1.40,10353
98/10/13,21.65,22.50,21.65,22.20,70707079,1563959031,0.55,13722
98/10/14,22.45,22.45,21.80,21.95,31784500,700894354,-0.25,6916
98/10/15,22.30,22.70,22.00,22.05,47366870,1057461988,0.10,8704
98/10/16,21.80,22.15,21.60,21.60,21108100,459308768,-0.45,4702
98/10/19,21.35,21.85,21.35,21.85,15705035,339781557,0.25,3888
98/10/20,22.00,22.00,21.40,21.40,18764137,404951326,-0.45,4005
98/10/21,21.40,21.85,21.40,21.60,24561487,531132637,0.20,5237
98/10/22,21.60,21.60,20.70,20.80,36961916,781124304,-0.80,7778
98/10/23,21.00,21.60,21.00,21.15,27756366,590989886,0.35,5829
98/10/26,21.30,21.40,20.85,21.00,17324281,364987260,-0.15,3718
98/10/27,21.00,21.15,20.65,20.65,24008509,499708677,-0.35,4783
98/10/28,20.65,21.10,20.50,20.60,23864540,495605522,-0.05,5224
98/10/29,20.20,20.40,19.65,19.90,32705000,654556697,-0.70,6796
98/10/30,20.40,20.45,19.70,19.70,26115308,526217345,-0.20,5229
98/11/02,19.35,19.50,19.30,19.40,14034260,272649442,-0.30,3618
98/11/03,19.75,20.15,19.55,19.70,21953140,434915358,0.30,4698
98/11/04,20.15,21.05,20.10,21.05,35420207,732954502,1.35,6220
98/11/05,21.50,22.00,20.80,20.80,72378217,1557520688,-0.25,13636
98/11/06,21.25,21.30,20.60,20.70,31652308,662620537,-0.10,6937
98/11/09,20.95,21.10,20.80,20.80,15298946,320245332,0.10,3553
98/11/10,21.20,21.55,21.10,21.35,33257319,710177336,0.55,7562
98/11/11,21.50,21.80,21.20,21.55,23340289,501373677,0.20,5519
98/11/12,21.75,21.75,21.20,21.25,19130539,409752516,-0.30,4595
98/11/13,21.30,21.40,21.00,21.05,14588070,308485820,-0.20,4421
98/11/16,21.05,21.40,20.95,21.20,22645875,479091360,0.15,4629
98/11/17,21.25,21.30,20.70,20.75,21424000,448396087,-0.45,4818
98/11/18,20.90,21.15,20.55,21.15,28791124,600791704,0.40,5494
98/11/19,21.00,21.80,21.00,21.40,40010091,860216239,0.25,8266
98/11/20,21.40,21.60,21.15,21.25,22191480,473778189,-0.15,4914
98/11/23,21.35,21.40,20.70,20.90,19363380,406475367,-0.35,4224
98/11/24,21.00,21.20,20.80,20.90,13637999,285530675,,3145
98/11/25,20.70,21.00,20.70,20.70,19583051,407225694,-0.20,4306
98/11/26,20.80,20.90,20.40,20.50,19998611,413580990,-0.20,4354
98/11/27,19.30,19.70,19.20,19.20,42953007,832663036,-1.30,9515
98/11/30,19.55,19.60,19.10,19.25,32695285,630358794,0.05,6732
98/12/01,19.25,19.40,19.00,19.10,17274734,330821846,-0.15,4211
98/12/02,19.45,20.20,19.45,20.15,33050899,655402603,1.05,6409
98/12/03,20.40,20.70,20.10,20.20,31185650,635491463,0.05,5661
98/12/04,20.50,20.55,20.20,20.20,19749702,402000776,,3949
98/12/07,20.50,21.40,20.50,21.00,32309617,681729465,0.80,6753
98/12/08,21.20,21.80,21.05,21.55,51412675,1107654534,0.55,9946
98/12/09,21.85,22.05,21.30,21.30,32010130,693202256,-0.25,7042
98/12/10,21.40,21.45,20.45,20.50,25789365,539853698,-0.80,6695
98/12/11,20.50,21.10,20.45,21.10,19188806,399682476,0.60,3952
98/12/14,21.30,21.35,20.80,20.90,11949700,251004038,-0.20,2657
98/12/15,21.20,21.20,20.80,20.80,16034359,335407645,-0.10,2782
98/12/16,20.80,21.10,20.70,20.80,14584560,304701942,,3330
98/12/17,21.00,21.15,20.50,20.55,17007468,353630584,-0.25,3957
98/12/18,20.55,20.80,20.35,20.50,11169990,229047694,-0.05,2484
98/12/21,20.90,21.20,20.80,20.90,18422406,387397689,0.40,3861
98/12/22,21.60,21.60,21.20,21.30,23101912,493397880,0.40,4410
98/12/23,21.50,22.70,21.50,22.50,102815065,2288614797,1.20,18236
98/12/24,23.80,24.05,23.40,24.05,68659329,1645741838,1.55,9166
98/12/25,24.70,25.65,24.20,25.30,138603624,3447984702,1.25,24781
98/12/28,25.50,26.85,25.30,25.50,101136722,2627024732,0.20,19037
98/12/29,25.70,26.40,24.95,26.00,124754770,3209744478,0.50,24335
98/12/30,26.00,26.30,25.60,25.75,59505807,1539091571,-0.25,12390
98/12/31,26.00,27.15,25.85,26.95,98175313,2615901957,1.20,19553
99/01/04,27.00,27.00,26.05,26.30,52581414,1392758821,-0.65,11866
99/01/05,26.95,27.80,26.80,26.80,99246003,2701316319,0.50,19122
99/01/06,27.10,28.30,27.10,28.20,91806118,2561174985,1.40,18064
99/01/07,28.20,28.50,27.50,27.65,71711145,2004034831,-0.55,15236
99/01/08,27.50,27.70,26.70,27.45,46544273,1261816540,-0.20,10372
99/01/11,27.50,28.20,27.25,27.30,44066086,1219962883,-0.15,8373
99/01/12,27.30,28.20,27.15,27.70,65665716,1822695925,0.40,12624
99/01/13,27.20,28.10,26.90,27.05,68350449,1877698429,-0.65,12959
99/01/14,27.20,27.65,26.80,27.25,38136289,1040439365,0.20,7364
99/01/15,27.75,28.40,27.50,28.20,59680236,1664427569,0.95,11296
99/01/18,27.20,27.90,27.20,27.60,24879602,684634055,-0.60,5769
99/01/19,27.50,27.60,25.70,25.85,57523740,1504439190,-1.75,14187
99/01/20,26.00,26.05,25.10,25.90,30631868,783744561,0.05,7451
99/01/21,25.80,25.80,24.45,24.60,39983006,994616990,X,10337
99/01/22,24.20,25.45,24.00,24.85,43322653,1074646003,0.25,10474
99/01/25,24.50,25.05,24.30,24.35,21968650,541013223,-0.50,5975
99/01/26,24.80,25.10,23.15,23.20,47570753,1149401790,-1.15,11446
99/01/27,23.80,24.10,23.10,23.45,41374760,977450707,0.25,9221
99/01/28,23.90,23.95,23.20,23.60,38822040,915673983,0.15,8699
99/01/29,23.20,23.35,22.80,23.05,37009149,854780792,-0.55,7137
99/02/01,23.10,23.50,23.00,23.00,28467978,660390471,-0.05,6534
99/02/02,23.45,23.65,22.50,22.50,51765902,1200095107,-0.50,11390
99/02/03,22.80,23.20,22.60,22.80,29773138,681539474,0.30,7691
99/02/04,23.00,23.45,22.80,23.15,28262711,654832423,0.35,7495
99/02/05,22.40,22.60,21.55,21.55,49075946,1070812809,-1.60,11057
99/02/06,21.60,21.75,20.50,20.85,33065007,699306547,-0.70,6762
99/02/08,21.30,21.45,21.00,21.00,11053282,233926738,0.15,3421
99/02/09,21.00,21.85,20.85,21.70,21568867,464383675,0.70,5227
99/02/10,22.30,22.90,22.15,22.85,54617409,1231237505,1.15,18489
99/02/22,23.30,23.55,23.20,23.20,37218914,868152223,0.35,9302
99/02/23,23.30,23.50,22.65,23.00,19518968,449436334,-0.20,6025
99/02/24,22.80,23.50,22.75,22.90,31237492,725865790,-0.10,8502
99/02/25,23.20,23.25,22.10,22.15,23317974,526686506,-0.75,6070
99/02/26,22.75,22.75,22.05,22.05,11483803,256242965,-0.10,3244
99/03/01,22.60,23.55,22.60,23.55,36904591,857000644,1.50,9085
99/03/02,23.90,24.40,23.65,23.65,47757163,1147194067,0.10,11009
99/03/03,23.90,23.90,23.40,23.40,25164930,593724749,-0.25,5989
99/03/04,23.60,23.75,23.10,23.30,18777635,440086963,-0.10,5331
99/03/05,23.50,23.80,23.40,23.50,11264495,265487925,0.20,3244
99/03/08,23.60,24.90,23.50,24.55,53992877,1318877962,1.05,12633
99/03/09,24.70,25.00,24.35,24.35,31770105,784669435,-0.20,7924
99/03/10,24.70,24.70,24.15,24.65,20132680,492993423,0.30,5016
99/03/11,25.00,25.45,24.85,24.85,46436313,1171126446,0.20,11738
99/03/12,25.00,25.05,24.60,24.75,15265957,377895125,-0.10,3886
99/03/15,24.95,25.00,24.20,24.20,15745576,386220024,-0.55,3956
99/03/16,24.60,25.10,24.25,25.10,30658791,760073086,0.90,7046
99/03/17,25.60,25.80,25.20,25.20,52276248,1328842558,0.10,9992
99/03/19,26.15,26.15,25.55,25.65,26350729,678366023,-0.30,5540
99/03/22,25.60,25.65,25.00,25.10,22781587,574619951,-0.55,5228
99/03/23,25.60,25.90,25.30,25.40,18084928,461985658,0.30,4461
99/03/24,25.80,25.90,24.90,25.00,19185551,485089125,-0.40,4954
99/03/25,25.30,25.65,24.90,25.45,23311939,590808481,0.45,5958
99/03/26,25.45,25.70,25.35,25.35,28367935,722884586,-0.10,6692
99/03/29,25.50,25.90,25.40,25.40,28963878,741677784,0.05,6158
99/03/30,25.90,26.00,25.60,25.70,32364400,835603994,0.30,7116
99/03/31,25.80,25.90,25.40,25.60,16727347,428480451,-0.10,3816
99/04/01,25.75,26.35,25.70,26.00,45459275,1182239197,0.40,10091
99/04/02,26.00,26.15,25.65,25.70,28701187,742118950,-0.30,6442
99/04/06,25.95,26.10,25.60,25.80,26395237,681364239,0.10,6205
99/04/07,25.80,25.95,25.30,25.35,29338241,747726982,-0.45,6704
99/04/08,25.30,25.70,24.60,24.75,29337820,736479709,-0.60,7509
99/04/09,24.70,24.85,24.20,24.30,25993105,633564739,-0.45,6675
99/04/12,24.60,25.15,24.60,25.10,27359067,681684764,0.80,6606
99/04/13,25.10,25.10,24.30,24.40,19964286,492472019,-0.70,5399
99/04/14,24.00,24.30,23.50,23.80,49383692,1173196781,-0.60,11831
99/04/15,24.00,24.15,23.55,23.60,35871507,853285568,-0.20,7344
99/04/16,23.30,23.55,22.90,22.90,52556834,1218730246,-0.70,11493
99/04/19,22.50,22.80,22.00,22.10,56479794,1260750513,-0.80,10924
99/04/20,22.50,22.50,22.00,22.25,33558811,747630327,0.15,6983
99/04/21,22.50,23.20,22.45,23.20,30870741,706990428,0.95,8101
99/04/22,23.20,23.70,23.00,23.65,36010279,844214990,0.45,8476
99/04/23,23.65,23.80,23.45,23.50,19460899,458318322,-0.15,4341
99/04/26,23.80,24.00,23.30,23.40,15116611,357017636,-0.10,4183
99/04/27,23.30,23.30,22.60,22.70,22964552,524901161,-0.70,5106
99/04/28,22.00,22.90,22.00,22.80,18926268,426619909,0.10,5312
99/04/29,22.80,22.85,22.40,22.40,14010888,315824014,-0.40,3754
99/04/30,22.60,22.85,22.30,22.35,11050045,249044101,-0.05,3703
99/05/03,22.30,22.50,21.85,21.95,18437548,405967380,-0.40,5584
99/05/04,22.30,22.40,21.95,21.95,15503183,343125615,,4277
99/05/05,21.50,21.55,20.65,20.70,26046154,548239356,-1.25,7115
99/05/06,20.75,21.05,20.10,20.30,20272909,417613229,-0.40,5573
99/05/07,19.50,20.35,19.45,20.35,25711749,510248450,0.05,5584
99/05/10,20.45,21.75,20.40,21.75,21145000,445285092,1.40,5694
99/05/11,21.90,22.35,21.40,21.60,29684766,649786994,-0.15,6397
99/05/12,21.80,21.90,21.10,21.20,13800305,295929986,-0.40,3120
99/05/13,22.00,22.00,21.70,21.95,21294000,466211843,0.75,4513
99/05/14,21.70,21.85,21.55,21.75,5919727,128676446,-0.20,1668
99/05/17,21.30,21.40,20.25,20.30,21469362,443591248,-1.45,5627
99/05/18,20.15,20.20,19.00,19.20,48744414,953745176,-1.10,11077
99/05/19,18.50,18.70,17.90,17.90,100070939,1808125875,-1.30,15994
99/05/20,18.00,18.50,18.00,18.10,44090055,802976281,0.20,10289
99/05/21,17.50,17.75,16.95,17.75,48521614,840847220,-0.35,8540
99/05/24,18.05,18.55,18.00,18.50,29453038,540353093,0.75,7282
99/05/25,18.25,18.50,17.50,18.20,34111734,617425304,-0.30,6748
99/05/26,18.50,18.70,18.05,18.65,34062417,628948342,0.45,7380
99/05/27,18.55,19.15,18.45,19.15,29575824,556585369,0.50,5735
99/05/28,19.55,19.60,18.65,18.90,41544956,795735712,-0.25,7987
99/05/31,19.00,19.25,18.80,19.15,27857164,531527381,0.25,4236
99/06/01,19.05,19.10,18.65,18.65,18362461,345123944,-0.50,4017
99/06/02,18.55,19.15,18.55,18.60,18900639,355982132,-0.05,4462
99/06/03,19.25,19.50,19.15,19.15,18803777,362263873,0.55,4643
99/06/04,19.30,19.50,19.15,19.25,15463181,298904232,0.10,3321
99/06/07,18.60,19.20,18.50,19.20,14782420,278312460,-0.05,3195
99/06/08,19.20,19.30,18.90,19.05,12115943,230678913,-0.15,2221
99/06/09,19.10,19.15,18.65,18.80,11967922,226410529,-0.25,2530
99/06/10,19.00,19.10,18.80,18.90,10422046,197774924,0.10,2029
99/06/11,19.25,19.60,19.15,19.20,14161599,274460831,0.30,3313
99/06/14,19.50,19.55,19.05,19.10,6879501,132434169,-0.10,1843
99/06/15,19.30,19.60,19.15,19.45,14106598,273325696,0.35,3351
99/06/17,19.55,20.50,19.55,20.45,32153423,648454618,1.00,7869
99/06/18,20.50,20.55,20.20,20.45,14953938,304927330,,4021
99/06/21,20.60,20.80,20.45,20.70,12610709,260559083,0.25,3423
99/06/22,20.50,20.65,20.35,20.35,6325369,129615606,-0.35,2036
99/06/23,20.25,20.70,20.25,20.30,7338735,150159467,-0.05,2301
99/06/24,20.40,20.55,20.20,20.20,6580668,133726819,-0.10,1440
99/06/25,20.05,20.15,19.50,19.80,16754710,332389340,-0.40,3622
99/06/28,19.95,20.30,19.85,19.95,13057040,262119293,0.15,3137
99/06/29,20.05,20.25,18.95,18.95,32401453,629957833,-1.00,6830
99/06/30,18.30,18.40,18.00,18.05,25440148,464125580,-0.90,5566
99/07/01,18.05,18.25,17.70,17.70,26262494,472772860,-0.35,5296
99/07/02,18.00,18.15,17.70,17.90,22297339,399315989,0.20,4886
99/07/05,18.00,18.30,18.00,18.30,9893322,180097338,0.40,2363
99/07/06,18.10,18.35,18.00,18.25,13914045,252879812,-0.05,2887
99/07/07,18.35,18.50,18.20,18.20,11626559,213411570,-0.05,2701
99/07/08,18.70,18.95,18.55,18.70,18186803,341053872,0.50,4672
99/07/09,18.70,18.80,18.40,18.45,11017861,204242879,-0.25,2464
99/07/12,18.70,18.75,18.45,18.50,16106750,298902144,0.05,3114
99/07/13,18.50,18.65,18.20,18.25,10493350,192722749,-0.25,2336
99/07/14,18.50,18.60,18.35,18.40,10694050,197450957,0.15,2676
99/07/15,18.40,18.50,18.30,18.30,6840617,125610135,-0.10,2054
99/07/16,18.30,18.40,17.90,17.90,16274857,295488532,-0.40,3847
99/07/19,17.70,18.15,17.60,18.00,9194183,164678022,0.10,2461
99/07/20,18.15,18.30,18.00,18.30,7967160,144665161,0.30,1848
99/07/21,18.40,18.60,18.20,18.20,9998264,183759624,-0.10,2382
99/07/22,18.20,18.30,17.55,17.60,24271956,430338312,-0.60,6144
99/07/23,17.90,17.90,17.40,17.40,21233583,372150418,-0.20,5385
99/07/26,17.45,17.55,16.95,17.05,24393180,417441260,-0.35,5107
99/07/27,17.05,17.15,16.60,16.80,25282729,424831134,-0.25,6154
99/07/28,16.85,17.40,16.80,17.25,31215507,536775185,0.45,7327
99/07/29,17.40,17.40,16.90,17.05,12568797,214259482,-0.20,3900
99/07/30,16.95,17.05,16.85,16.90,11030933,186784705,-0.15,2783
99/08/02,17.10,17.25,16.95,17.05,11563029,197390987,0.15,2738
99/08/03,17.20,17.45,17.05,17.10,16839976,289728933,0.05,3324
99/08/04,17.20,17.25,16.85,16.85,14446058,245538915,-0.25,3822
99/08/05,16.95,17.30,16.90,17.15,13529390,231595942,0.30,3361
99/08/06,17.25,17.35,17.10,17.20,8993287,154569683,0.05,2224
99/08/09,17.25,17.55,17.20,17.50,18000677,313978345,0.30,4526
99/08/10,17.65,17.65,17.25,17.25,10448854,181411849,-0.25,2404
99/08/11,17.25,17.90,17.25,17.85,26715895,471275975,0.60,6402
99/08/12,17.70,18.15,17.60,17.60,26405884,472588202,-0.25,5672
99/08/13,17.80,18.40,17.70,18.20,39386976,714731954,0.60,9262
99/08/16,18.20,18.20,17.80,17.90,15472874,278470235,-0.30,3376
99/08/17,17.90,18.05,17.60,17.60,12717500,225780245,-0.30,3260
99/08/18,17.80,17.80,17.40,17.50,13099325,229425864,-0.10,3402
99/08/19,17.40,17.70,17.35,17.60,7680541,134984863,0.10,1818
99/08/20,17.50,17.55,17.40,17.50,6563730,114755283,-0.10,1565
99/08/23,17.35,17.45,17.15,17.15,12182974,210230608,-0.35,2557
99/08/24,17.20,17.45,17.15,17.20,6971262,120559389,0.05,2167
99/08/25,17.10,17.10,16.60,16.60,14902216,250569502,-0.60,3848
99/08/26,16.60,16.70,16.25,16.45,10734032,177015127,-0.15,2723
99/08/27,16.25,16.45,16.10,16.20,11865174,192463354,-0.25,2827
99/08/30,16.20,16.35,16.00,16.10,9873293,159437343,-0.10,1991
99/08/31,15.80,16.00,15.30,15.45,17620588,274073699,-0.65,3553
99/09/01,15.45,15.90,15.45,15.50,9659313,151129881,0.05,2635
99/09/02,15.80,16.00,15.65,15.65,6730845,106172726,0.15,1671
99/09/03,15.75,16.70,15.75,16.70,16653512,273680995,1.05,4473
99/09/06,17.00,17.60,16.95,17.50,30628768,531558009,0.80,6346
99/09/07,17.50,17.50,16.70,16.75,18791095,318991434,-0.75,4972
99/09/08,16.50,16.50,16.10,16.20,16819896,274432409,-0.55,4044
99/09/09,16.40,16.45,16.00,16.15,9960389,161999383,-0.05,2581
99/09/10,16.40,16.80,16.30,16.70,11370405,188952713,0.55,2934
99/09/13,16.80,17.00,16.50,17.00,10701684,179333707,0.30,2646
99/09/14,17.20,17.20,16.85,16.90,8668484,147291025,-0.10,1912
99/09/15,16.80,16.80,16.55,16.75,9886932,164907361,-0.15,2044
99/09/16,16.80,16.80,16.35,16.45,6659483,109766040,-0.30,1814
99/09/17,16.45,16.45,16.20,16.25,10776264,175601132,-0.20,2711
99/09/20,16.10,16.20,15.70,15.80,18071173,285768567,-0.45,4516
99/09/21,15.90,16.40,15.90,16.10,20258931,328557546,0.30,4690
99/09/23,16.10,16.30,16.00,16.15,6212164,100005790,0.05,1796
99/09/24,16.05,16.25,15.90,16.20,5941582,95616594,0.05,1571
99/09/27,16.45,16.80,16.45,16.60,17802171,296476130,0.40,3459
99/09/28,16.55,16.60,16.35,16.40,9389901,154483471,-0.20,1996
99/09/29,16.45,17.50,16.45,17.25,38571238,662182312,0.85,7439
99/09/30,17.40,18.00,17.20,17.50,44916146,792216299,0.25,9555
99/10/01,17.50,17.85,17.25,17.40,19369935,338489062,-0.10,4650
99/10/04,17.10,17.10,16.40,16.40,35344652,587568404,-1.00,7532
99/10/05,16.50,16.80,16.20,16.35,29011870,477632234,-0.05,5811
99/10/06,16.50,16.50,16.20,16.20,20450111,333356791,-0.15,4286
99/10/07,16.25,16.55,16.25,16.45,17470236,286837075,0.25,3596
99/10/08,16.50,16.50,16.20,16.30,8946084,145778113,-0.15,2259
99/10/11,16.50,16.50,16.00,16.00,12033565,195135140,-0.30,2493
99/10/12,16.05,16.15,15.90,15.90,13442130,215234161,-0.10,3817
99/10/13,16.00,16.20,15.85,15.90,13486230,215835330,,3448
99/10/14,16.10,16.20,15.85,15.85,15074046,241412779,-0.05,3601
99/10/15,15.85,15.95,15.30,15.40,19125908,297843222,-0.45,5174
99/10/18,15.30,15.45,15.00,15.05,17436609,263157359,-0.35,4245
99/10/19,15.00,15.35,15.00,15.10,10753871,162957578,0.05,3004
99/10/20,15.05,15.70,15.00,15.40,13849896,214210093,0.30,4128
99/10/21,15.40,15.45,15.00,15.00,17101530,258858961,-0.40,3883
99/10/22,15.00,15.10,14.55,14.65,23460882,345074715,-0.35,6351
99/10/25,14.70,14.90,14.60,14.85,12608528,186313305,0.20,3568
99/10/26,14.90,14.95,14.70,14.90,7460493,110744887,0.05,1851
99/10/27,15.00,15.10,14.85,14.90,9443841,141505027,,2297
99/10/28,15.05,15.30,15.00,15.15,16737670,254045357,0.25,4198
99/10/29,15.30,15.30,15.00,15.00,6748247,102039905,-0.15,1794
99/11/01,15.25,15.25,14.55,14.60,16434248,242064212,-0.40,3820
99/11/02,14.55,14.55,13.65,13.95,37014469,516571131,-0.65,7936
99/11/03,13.95,14.15,13.70,13.80,19252426,267090403,-0.15,4873
99/11/04,14.05,14.45,14.00,14.40,22093155,316108719,0.60,4714
99/11/05,14.75,14.80,14.35,14.35,12951593,188540814,-0.05,2976
99/11/08,14.35,14.35,14.05,14.10,9401395,133173293,-0.25,2218
99/11/09,14.15,14.35,14.15,14.15,4712887,67029542,0.05,1380
99/11/10,14.15,14.25,14.05,14.20,6607943,93436478,0.05,2047
99/11/11,14.20,14.25,14.00,14.05,6081059,85660526,-0.15,1740
99/11/12,13.90,14.05,13.75,13.80,7687015,106332604,-0.25,2526
99/11/15,13.90,13.90,13.60,13.65,6915079,94942982,-0.15,1743
99/11/16,13.60,13.60,12.85,12.95,25142163,329188191,-0.70,5795
99/11/17,13.00,13.35,12.80,12.80,15837966,206926351,-0.15,4243
99/11/18,12.90,13.05,12.80,12.80,8710147,112337728,,2022
99/11/19,13.00,13.15,12.90,12.95,8469106,110271915,0.15,2042
99/11/22,13.00,13.20,13.00,13.10,5314035,69603997,0.15,1296
99/11/23,13.20,13.60,13.10,13.60,18819694,253130636,0.50,4245
99/11/24,13.90,14.10,13.70,13.70,21811330,304022502,0.10,5233
99/11/25,13.85,14.10,13.85,13.90,11925798,166194405,0.20,2793
99/11/26,13.90,13.90,13.50,13.50,7457224,101867971,-0.40,1688
99/11/29,13.55,13.60,13.25,13.35,9012256,120475649,-0.15,2183
99/11/30,13.30,13.45,13.20,13.35,11089497,148230202,,2629
99/12/01,13.30,13.55,13.30,13.45,6910281,92744207,0.10,1619
99/12/02,13.65,13.70,13.50,13.50,7676086,104536502,0.05,1795
99/12/03,13.75,14.40,13.70,14.40,43144075,615690004,0.90,7060
99/12/06,14.40,14.50,14.05,14.15,20528326,292492437,-0.25,3995
99/12/07,14.15,14.55,14.10,14.30,17126646,246678028,0.15,3616
99/12/08,14.15,14.15,13.80,13.80,17325850,242021339,-0.50,4507
99/12/09,13.85,14.15,13.85,14.05,9619250,134613250,0.25,2358
99/12/10,14.20,15.00,14.20,14.75,37629660,548767165,0.70,6503
99/12/13,14.95,14.95,14.55,14.55,10504669,154659796,-0.20,2474
99/12/14,14.60,14.85,14.55,14.60,13165722,193277251,0.05,2944
99/12/15,14.90,14.90,14.20,14.20,10313657,148393691,-0.40,2666
99/12/16,14.00,14.10,13.85,13.95,10594835,147900242,-0.25,2616
99/12/17,14.00,14.40,13.95,14.00,10903278,153864063,0.05,2555
99/12/20,14.20,14.30,14.00,14.00,6676737,93989272,,1338
99/12/21,14.00,14.10,13.85,14.10,5099135,71549090,0.10,1213
99/12/22,14.00,14.45,14.00,14.35,12623441,180152452,0.25,3163
99/12/23,14.35,14.70,14.35,14.50,15024751,218680394,0.15,3533
99/12/24,14.50,14.50,14.10,14.15,10123251,144141114,-0.35,2196
99/12/27,14.05,14.25,13.95,14.05,7934880,111507821,-0.10,1929
99/12/28,14.10,14.50,14.05,14.30,14902103,212587119,0.25,2487
99/12/29,14.30,14.35,14.10,14.10,6778780,96036181,-0.20,1584
99/12/30,14.10,14.20,13.85,14.00,12276721,171354998,-0.10,2677
99/12/31,14.00,14.10,13.85,13.95,8357294,116772742,-0.05,2337
100/01/03,14.05,14.15,13.90,14.05,9075267,127365365,0.10,2023
100/01/04,14.35,15.00,14.35,15.00,23676592,352195130,0.95,3590
100/01/05,15.15,15.30,14.45,14.55,35314417,523823382,-0.45,5673
100/01/06,14.70,15.55,14.70,15.55,39726872,609157751,1.00,6636
100/01/07,15.75,16.50,15.70,16.10,94920215,1525789707,0.55,16176
100/01/10,16.40,16.45,15.90,16.15,26220266,423603425,0.05,5555
100/01/11,16.15,16.45,16.15,16.30,31393994,512158744,0.15,6702
100/01/12,16.30,16.40,15.90,16.05,27495703,441849177,-0.25,4499
100/01/13,16.50,16.90,16.25,16.25,51320995,851448656,0.20,8442
100/01/14,16.50,16.70,16.10,16.20,27617143,452772593,-0.05,5434
100/01/17,16.45,16.60,16.15,16.20,14697963,240138448,,3575
100/01/18,16.20,17.15,16.15,16.60,48790877,819147253,0.40,9160
100/01/19,16.75,17.15,16.70,17.10,39003906,661386471,0.50,7742
100/01/20,17.05,17.20,16.80,16.80,21542311,365863086,-0.30,4823
100/01/21,16.60,17.50,16.50,16.95,47710248,815404037,0.15,8800
100/01/24,17.10,17.25,16.50,16.60,24308924,410023539,-0.35,4958
100/01/25,16.75,17.75,16.75,17.75,63766050,1109934471,1.15,10998
100/01/26,17.95,18.95,17.80,18.45,92408500,1699098774,0.70,17400
100/01/27,18.70,18.70,18.15,18.30,43881611,808013722,-0.15,7847
100/01/28,18.80,18.95,18.30,18.40,64428555,1204629450,0.10,9487
100/02/08,18.60,18.65,17.70,17.70,34739070,629381773,-0.70,6653
100/02/09,18.00,18.10,17.00,17.15,29603116,518141516,-0.55,6338
100/02/10,17.30,17.95,17.30,17.75,31282241,554365219,0.60,5689
100/02/11,17.70,17.70,16.55,16.70,28619328,486929689,-1.05,6568
100/02/14,16.95,17.05,16.60,16.80,19302601,324967436,0.10,4381
100/02/15,16.85,17.40,16.85,17.35,16003217,275000386,0.55,3968
100/02/16,17.50,18.55,17.25,18.05,47831997,863687196,0.70,8183
100/02/17,18.15,18.15,17.50,17.60,17122886,305172843,-0.45,4228
100/02/18,17.95,18.10,17.60,17.70,11450823,203919307,0.10,2861
100/02/21,17.90,18.10,17.55,17.55,11638403,207241400,-0.15,3352
100/02/22,17.00,17.30,16.35,16.40,27937886,466160980,-1.15,6268
100/02/23,16.00,16.40,15.30,15.35,35731020,563371354,-1.05,7321
100/02/24,15.50,15.85,15.40,15.60,22668912,353350571,0.25,5014
100/02/25,16.15,16.15,15.60,15.60,26958567,426341297,,5287
100/03/01,15.80,16.00,15.35,15.35,23637625,369536724,-0.25,5408
100/03/02,15.10,15.30,14.95,15.10,20197560,304689114,-0.25,5128
100/03/03,15.25,15.60,15.20,15.40,18902475,291336763,0.30,4017
100/03/04,15.70,15.70,15.40,15.40,17642776,274273985,,3468
100/03/07,15.65,15.65,15.30,15.40,12977850,199985342,,2021
100/03/08,15.35,15.60,15.30,15.60,12584380,195118027,0.20,2438
100/03/09,15.75,15.95,15.60,15.65,19968888,314972446,0.05,4150
100/03/10,15.40,15.40,14.75,14.75,29714430,443095760,-0.90,6289
100/03/11,14.00,14.45,14.00,14.35,16701047,238524580,-0.40,3878
100/03/14,15.35,15.35,14.60,15.00,37874933,566247445,0.65,6593
100/03/15,15.15,15.30,13.95,14.00,43182330,621269800,-1.00,7313
100/03/16,14.50,14.55,13.80,13.85,29780094,420262700,-0.15,5759
100/03/17,13.50,13.75,12.95,13.10,34657574,459075165,-0.75,6277
100/03/18,13.30,13.70,13.15,13.70,20540808,276757113,0.60,4141
100/03/21,13.70,14.60,13.60,14.40,24473034,347051338,0.70,5456
100/03/22,14.45,14.65,14.25,14.35,19820218,285320534,-0.05,4504
100/03/23,14.40,14.55,13.95,13.95,19435118,275366302,-0.40,4078
100/03/24,14.30,14.90,14.30,14.90,29703779,440417602,0.95,3728
100/03/25,15.40,15.45,15.05,15.10,42464900,649202886,0.20,8230
100/03/28,15.15,15.35,15.05,15.20,16957182,258143863,0.10,4088
100/03/29,15.20,15.25,14.90,15.20,13219271,199619265,,2648
100/03/30,15.30,15.40,15.10,15.40,12458547,190063844,0.20,2620
100/03/31,15.30,15.30,14.80,15.00,13078461,196211765,-0.40,2459
100/04/01,15.10,15.15,14.85,15.15,5601065,83921782,0.15,1657
100/04/06,15.15,15.35,15.05,15.15,8560984,130310105,,2460
100/04/07,15.50,15.70,15.10,15.15,26283965,404734262,,4716
100/04/08,15.20,15.30,15.05,15.10,12057902,182584996,-0.05,2763
100/04/11,15.10,15.20,15.00,15.10,6168999,93034784,,1388
100/04/12,15.15,15.35,14.80,14.80,14815484,223810060,-0.30,2818
100/04/13,14.95,15.00,14.55,14.65,12062222,177635098,-0.15,3086
100/04/14,14.60,14.85,14.55,14.55,8726672,128021223,-0.10,2031
100/04/15,14.65,14.75,14.25,14.25,9333549,134954147,-0.30,2494
100/04/18,14.30,14.40,14.10,14.10,4808091,68569937,-0.15,1624
100/04/19,13.90,14.70,13.90,14.55,22383282,321194935,0.45,3967
100/04/20,14.70,15.30,14.55,15.10,26869246,403781090,0.55,6012
100/04/21,15.45,15.55,14.80,14.80,21137254,319697952,-0.30,4299
100/04/22,15.00,15.20,14.85,15.15,11417784,171913145,0.35,2660
100/04/25,15.25,15.30,14.80,14.85,4995909,74872090,-0.30,1184
100/04/26,14.85,15.25,14.80,14.80,10514760,157678842,-0.05,2233
100/04/27,15.10,15.25,14.80,14.85,12784707,191906242,0.05,2725
100/04/28,15.00,15.05,14.50,14.50,9699440,142560026,-0.35,2573
100/04/29,14.50,14.60,14.35,14.35,5770715,83382683,-0.15,1320
100/05/03,14.35,14.40,13.60,13.60,18849668,261448431,-0.75,4041
100/05/04,13.50,14.30,13.40,14.15,18605420,259894688,0.55,3410
100/05/05,14.00,14.15,13.90,14.05,8603223,120509741,-0.10,1613
100/05/06,14.00,14.20,13.90,13.90,5074900,70983765,-0.15,1437
100/05/09,14.00,14.35,13.85,14.20,10128247,143460029,0.30,2121
100/05/10,14.05,14.20,13.85,14.05,10758605,150686955,-0.15,1600
100/05/11,14.05,14.10,13.70,13.75,5519035,76377474,-0.30,1656
100/05/12,13.60,13.90,13.55,13.75,12024267,164748319,,1610
100/05/13,13.65,13.90,13.30,13.40,12780881,172311460,-0.35,3076
100/05/16,13.30,13.60,13.30,13.45,5081542,68342979,0.05,1525
100/05/17,13.35,13.45,12.85,12.95,16045301,208939513,-0.50,3201
100/05/18,12.85,13.15,12.85,13.00,9949764,128959332,0.05,2159
100/05/19,13.05,13.55,13.05,13.40,13609118,181986409,0.40,3090
100/05/20,13.50,13.50,13.25,13.25,4848473,64726539,-0.15,1277
100/05/23,13.05,13.15,12.85,12.90,8606741,111620453,-0.35,2218
100/05/24,12.75,12.85,12.35,12.45,14851389,187096387,-0.45,2396
100/05/25,12.45,12.70,12.20,12.45,14162892,176147557,,2732
100/05/26,12.55,12.65,12.35,12.40,7608865,94814725,-0.05,1514
100/05/27,12.45,12.85,12.40,12.60,12658971,159817379,0.20,2320
100/05/30,12.50,12.60,12.20,12.30,9409731,115861763,-0.30,2357
100/05/31,12.35,12.70,12.30,12.65,11247888,140713087,0.35,2752
100/06/01,12.65,12.80,12.55,12.60,14587017,185546655,-0.05,3560
100/06/02,12.35,12.45,12.30,12.40,6045458,74909525,-0.20,1649
100/06/03,12.50,12.60,12.45,12.45,4625320,57826065,0.05,1001
100/06/07,12.55,12.65,12.35,12.35,6064408,75365576,-0.10,1185
100/06/08,12.35,12.45,12.00,12.30,19538014,239440517,-0.05,4367
100/06/09,12.25,12.45,12.20,12.25,13451293,165934786,-0.05,2587
100/06/10,12.40,12.40,12.05,12.05,8617940,105132521,-0.20,1821
100/06/13,12.00,12.00,11.30,11.35,21140671,245898654,-0.70,4238
100/06/14,11.35,11.55,11.25,11.30,14516215,164759603,-0.05,3141
100/06/15,11.40,11.40,10.65,11.10,23090406,254380116,-0.20,4644
100/06/16,10.90,10.95,10.65,10.70,9292113,99935554,-0.40,2183
100/06/17,10.70,10.85,9.96,9.98,37798241,388355034,-0.72,5950
100/06/20,10.10,10.20,9.82,9.96,24334344,243127930,-0.02,6628
100/06/21,10.05,10.20,9.92,10.00,11976955,119951958,0.04,3280
100/06/22,10.20,10.35,10.05,10.10,12338746,125776005,0.10,2469
100/06/23,10.05,10.10,9.86,9.98,8401753,83635640,-0.12,1661
100/06/24,9.96,9.96,9.29,9.29,36580864,343811368,-0.69,5412
100/06/27,8.92,9.00,8.78,8.95,24562496,218340659,-0.34,5150
100/06/28,9.00,9.55,8.97,9.23,23575504,219747375,0.28,4033
100/06/29,9.30,9.34,8.85,8.91,21908512,197513728,-0.32,4797
100/06/30,8.80,9.03,8.78,8.85,21731701,193318054,-0.06,4155
100/07/01,8.99,9.00,8.69,8.72,15231754,134470741,-0.13,3364
100/07/04,8.90,9.33,8.84,9.33,22183102,205137268,0.61,3126
100/07/05,9.29,9.29,8.89,8.89,23650764,214102282,-0.44,3969
100/07/06,8.90,9.25,8.89,9.04,25441038,232034080,0.15,4673
100/07/07,9.04,9.19,8.90,9.01,19838205,179705805,-0.03,3450
100/07/08,9.19,9.23,8.91,8.92,15692651,142155606,-0.09,3893
100/07/11,8.92,8.93,8.68,8.68,11491572,100918398,-0.24,2509
100/07/12,8.45,8.49,8.08,8.08,26953092,220341540,-0.60,4549
100/07/13,8.08,8.20,7.57,7.65,29688751,233715874,-0.43,5637
100/07/14,7.66,7.85,7.30,7.65,24210242,183711043,,4401
100/07/15,7.70,8.09,7.55,8.07,22745350,179104572,0.42,4224
100/07/18,8.04,8.04,7.70,7.74,11751234,92066449,-0.33,2547
100/07/19,7.74,7.83,7.49,7.59,22549523,171301342,-0.15,4035
100/07/20,7.70,7.82,7.11,7.32,67953350,500382393,-0.27,9106
100/07/21,7.25,7.49,7.16,7.46,34667615,255472627,0.14,5038
100/07/22,7.59,7.98,7.55,7.80,43163994,336251018,0.34,6676
100/07/25,7.80,7.96,7.77,7.83,28103369,220302264,0.03,3762
100/07/26,7.94,8.37,7.88,8.23,37140852,303486977,0.40,6728
100/07/27,8.21,8.21,8.01,8.03,21259839,171603222,-0.20,3982
100/07/28,7.82,8.03,7.81,7.91,15729446,124388047,-0.12,3281
100/07/29,8.01,8.14,7.83,7.83,18790274,149191798,-0.08,4036
100/08/01,7.98,8.05,7.85,7.86,14935255,118373635,0.03,3225
100/08/02,7.80,7.86,7.53,7.55,13254776,100966217,-0.31,2928
100/08/03,7.30,7.79,7.20,7.64,18460650,138525412,0.09,4343
100/08/04,7.64,7.64,7.34,7.34,12963270,96752548,-0.30,2879
100/08/05,6.83,6.96,6.83,6.83,20702926,141669981,-0.51,3295
100/08/08,6.70,6.70,6.36,6.36,17384830,111992676,-0.47,2617
100/08/09,5.92,6.05,5.92,5.92,38379482,227775556,-0.44,4977
100/08/10,6.28,6.29,6.05,6.14,25471591,156466161,0.22,5151
100/08/11,5.76,6.28,5.74,6.18,20344548,122831601,0.04,3757
100/08/12,6.35,6.48,6.11,6.11,20704945,130239148,-0.07,3517
100/08/15,6.25,6.29,6.12,6.20,10932480,67906479,0.09,2224
100/08/16,6.21,6.25,6.14,6.14,10435714,64639228,-0.06,2203
100/08/17,6.12,6.32,6.12,6.18,12221677,76096237,0.04,2409
100/08/18,6.15,6.21,5.89,5.92,16108102,96821316,-0.26,3301
100/08/19,5.60,5.66,5.51,5.51,19116873,105943496,-0.41,2915
100/08/22,5.51,5.60,5.25,5.29,15203496,82295133,-0.22,2671
100/08/23,5.60,5.66,5.40,5.66,14196380,79734034,0.37,2569
100/08/24,5.89,6.05,5.80,5.96,25507001,152234214,0.30,3960
100/08/25,5.96,6.34,5.92,6.15,28943010,179237150,0.19,4502
100/08/26,6.22,6.22,5.81,6.00,18862053,112863958,-0.15,3268
100/08/29,6.42,6.42,6.31,6.42,23990768,153769195,0.42,2211
100/08/30,6.73,6.86,6.60,6.60,37910305,255961442,0.18,5271
100/08/31,6.45,6.74,6.34,6.68,26341563,171034922,0.08,4786
100/09/01,6.45,6.55,6.22,6.22,36472900,231473194,-0.46,5236
100/09/02,6.10,6.20,5.91,6.16,25462078,153454369,-0.06,4080
100/09/05,5.95,6.00,5.85,5.92,23983627,141804226,-0.24,4488
100/09/06,5.95,6.25,5.95,6.02,27768016,169042438,0.10,4823
100/09/07,6.25,6.26,6.04,6.26,12098165,74535657,0.24,2322
100/09/08,6.30,6.30,5.93,6.01,22282505,135238640,-0.25,3258
100/09/09,6.19,6.43,6.15,6.43,35888830,226295307,0.42,4812
100/09/13,6.63,6.88,6.54,6.86,55567099,378219319,0.43,5905
100/09/14,6.93,7.15,6.82,6.82,58769013,407278060,-0.04,9129
100/09/15,7.28,7.29,7.04,7.15,38039961,274101911,0.33,5335
100/09/16,7.15,7.15,6.90,7.07,23690112,166672174,-0.08,4223
100/09/19,7.00,7.25,6.98,7.10,13530008,96781675,0.03,2717
100/09/20,7.24,7.59,7.24,7.58,38190050,286210982,0.48,6008
100/09/21,7.57,7.65,7.37,7.50,22998832,172575087,-0.08,4170
100/09/22,7.20,7.35,6.98,7.00,28420159,202037362,-0.50,5417
100/09/23,6.60,6.75,6.51,6.66,20991415,138713680,-0.34,3780
100/09/26,6.74,7.00,6.60,6.60,20333778,138170913,-0.06,3820
100/09/27,6.87,6.89,6.63,6.72,13347255,90228904,0.12,3060
100/09/28,6.72,6.92,6.72,6.79,10682629,72816517,0.07,2341
100/09/29,6.64,7.00,6.64,6.93,12440340,84955126,0.14,3753
100/09/30,6.86,6.87,6.55,6.64,16929702,113460269,-0.29,3501
100/10/03,6.18,6.30,6.18,6.18,16565296,102671492,-0.46,2210
100/10/04,5.85,6.50,5.85,6.37,13542239,83543994,0.19,2677
100/10/05,6.47,6.47,6.16,6.21,6021680,37725570,-0.16,1479
100/10/06,6.40,6.48,6.20,6.22,9414663,59678694,0.01,2072
100/10/07,6.35,6.42,6.30,6.35,6061261,38485730,0.13,1207
100/10/11,6.54,6.57,6.41,6.41,5292124,34260562,0.06,1440
100/10/12,6.41,6.42,6.30,6.36,8784788,55746565,-0.05,1626
100/10/13,6.41,6.44,6.19,6.22,9420596,58720933,-0.14,1829
100/10/14,6.31,6.34,6.23,6.28,5997702,37318457,0.06,1075
100/10/17,6.32,6.33,6.20,6.30,4859620,30502772,0.02,1110
100/10/18,6.16,6.24,6.13,6.14,5569636,34346123,-0.16,1199
100/10/19,6.14,6.23,6.11,6.16,4478977,27604856,0.02,1142
100/10/20,5.75,6.09,5.75,5.80,12712289,74145128,-0.36,2696
100/10/21,5.70,5.78,5.40,5.40,23119882,126005011,-0.40,3508
100/10/24,5.30,5.43,5.03,5.04,35348988,180708312,-0.36,5737
100/10/25,5.05,5.15,4.85,5.00,13304303,66882445,-0.04,2649
100/10/26,4.89,4.92,4.65,4.68,29710084,140206029,-0.32,4791
100/10/27,4.65,4.97,4.65,4.89,22345676,108057181,0.21,3585
100/10/28,5.00,5.06,4.78,4.80,19565688,95354825,-0.09,3731
100/10/31,4.70,4.78,4.47,4.49,26987069,121910917,-0.31,3915
100/11/01,4.31,4.46,4.22,4.43,15801014,69073053,-0.06,3120
100/11/02,4.20,4.61,4.18,4.59,21701286,95649048,0.16,3713
100/11/03,4.47,4.59,4.31,4.32,13661708,60596214,-0.27,2942
100/11/04,4.60,4.62,4.52,4.61,35785419,165149872,0.29,3431
100/11/07,4.58,4.58,4.34,4.35,25433200,112696071,-0.26,3482
100/11/08,4.30,4.44,4.28,4.34,10984468,47944939,-0.01,2261
100/11/09,4.43,4.58,4.40,4.43,23040865,103340463,0.09,3154
100/11/10,4.30,4.38,4.12,4.12,23017401,96033077,-0.31,3152
100/11/11,4.12,4.15,3.85,4.00,28712000,113649817,-0.12,4497
100/11/14,4.09,4.25,3.95,4.08,30564565,125455351,0.08,3839
100/11/15,4.05,4.10,3.91,3.91,19897844,79263916,-0.17,3930
100/11/16,4.01,4.18,4.00,4.18,24940734,103597264,0.27,3255
100/11/17,4.47,4.47,4.21,4.47,39382798,172763149,0.29,4789
100/11/18,4.39,4.47,4.31,4.35,24184953,106168682,-0.12,3151
100/11/21,4.26,4.26,4.05,4.05,9634150,39368667,-0.30,1225
100/11/22,3.86,4.00,3.81,3.85,17906832,69472280,-0.20,2770
100/11/23,3.91,4.11,3.89,3.89,17647177,70751104,0.04,3378
100/11/24,3.73,4.04,3.73,3.97,9582002,37604245,0.08,1682
100/11/25,4.04,4.18,3.98,4.14,17634480,71802953,0.17,2653
100/11/28,4.21,4.36,4.18,4.19,16480260,70096395,0.05,2144
100/11/29,4.14,4.18,3.98,4.01,16398641,66389035,-0.18,2801
100/11/30,4.01,4.12,3.88,4.12,14628478,58515437,0.11,2403
100/12/01,4.30,4.30,4.07,4.12,14295537,59507927,,2657
100/12/02,4.10,4.28,4.10,4.12,10906553,45665720,,2196
100/12/05,4.30,4.30,4.13,4.15,9226430,38642611,0.03,1693
100/12/06,4.15,4.16,4.01,4.02,6422968,26258432,-0.13,1128
100/12/07,4.05,4.18,4.05,4.18,10122223,41832436,0.16,2057
100/12/08,4.20,4.25,4.02,4.04,13890768,56983548,-0.14,2634
100/12/09,3.98,4.02,3.91,4.02,8661341,34443130,-0.02,1633
100/12/12,4.17,4.17,4.08,4.11,8549920,35300769,0.09,917
100/12/13,4.11,4.17,4.10,4.10,6545489,27048883,-0.01,880
100/12/14,4.23,4.38,4.18,4.38,13316818,57599429,0.28,1788
100/12/15,4.38,4.46,4.31,4.31,20445300,89877409,-0.07,3277
100/12/16,4.40,4.40,4.13,4.14,11329131,47810281,-0.17,1984
100/12/19,4.12,4.23,4.07,4.15,10520646,43476978,0.01,1565
100/12/20,4.15,4.26,4.13,4.17,8694153,36435114,0.02,1676
100/12/21,4.43,4.43,4.25,4.41,12942696,56391261,0.24,2149
100/12/22,4.39,4.40,4.20,4.27,10153477,43299505,-0.14,1769
100/12/23,4.56,4.56,4.56,4.56,8328992,37980198,0.29,1167
100/12/26,4.60,4.66,4.48,4.50,17335540,79452350,-0.06,2432
100/12/27,4.50,4.81,4.47,4.81,22217390,104782092,0.31,3040
100/12/28,4.85,5.14,4.80,5.14,39234918,197659153,0.33,5921
100/12/29,5.12,5.25,4.97,5.17,21280327,108064676,0.03,3518
100/12/30,5.25,5.28,5.00,5.00,19412730,99341582,-0.17,2994
101/01/02,5.00,5.12,4.91,5.01,8803546,44260290,0.01,1707
101/01/03,5.05,5.28,5.05,5.21,14989998,77181158,0.20,2741
101/01/04,5.38,5.50,5.34,5.38,17089396,92215276,0.17,2877
101/01/05,5.40,5.45,5.22,5.30,11601584,61802472,-0.08,2133
101/01/06,5.31,5.40,5.01,5.06,15784428,81836904,-0.24,3082
101/01/09,5.05,5.05,4.73,4.92,14416718,69935096,-0.14,2726
101/01/10,5.00,5.05,4.96,4.97,8389026,41980836,0.05,2143
101/01/11,5.00,5.08,4.85,4.95,9878966,48986589,-0.02,1952
101/01/12,4.90,4.98,4.81,4.87,8257167,40280240,-0.08,1625
101/01/13,4.92,4.99,4.85,4.93,10021998,49167149,0.06,2070
101/01/16,5.05,5.05,4.85,4.86,7495898,36911830,-0.07,1323
101/01/17,4.91,5.08,4.88,5.04,9265040,46122060,0.18,1625
101/01/18,5.10,5.39,5.00,5.33,20675225,108270667,0.29,3261
101/01/30,5.62,5.68,5.42,5.43,21859707,120741842,0.10,3433
101/01/31,5.45,5.68,5.36,5.45,18003225,98998886,0.02,3213
101/02/01,5.55,5.60,5.45,5.48,17808338,97931253,0.03,2740
101/02/02,5.65,5.86,5.52,5.86,34832270,197740034,0.38,4181
101/02/03,5.90,6.14,5.86,6.03,22028977,132253937,0.17,3761
101/02/04,6.12,6.41,6.10,6.29,23518573,148284552,0.26,3396
101/02/06,6.29,6.29,5.92,5.95,19265890,116054036,-0.34,3226
101/02/07,5.90,5.95,5.80,5.82,14962724,87232953,-0.13,2819
101/02/08,5.91,6.06,5.90,5.96,13629858,81497654,0.14,2548
101/02/09,6.05,6.08,5.98,5.99,11806014,71017017,0.03,2158
101/02/10,6.00,6.17,5.83,6.03,15463058,92678888,0.04,2795
101/02/13,6.11,6.25,5.97,6.21,14901650,91420537,0.18,2732
101/02/14,6.35,6.64,6.33,6.64,29251326,191940337,0.43,4411
101/02/15,6.88,7.10,6.88,7.10,26751078,188664219,0.46,3092
101/02/16,7.57,7.59,6.65,6.70,83496439,602889611,-0.40,11742
101/02/17,7.16,7.16,7.00,7.16,43992013,313851133,0.46,5533
101/02/20,7.44,7.66,7.20,7.66,44866068,338081798,0.50,6059
101/02/21,8.00,8.01,7.70,7.72,57652093,452252372,0.06,8299
101/02/22,7.72,7.72,7.30,7.40,28782368,214996424,-0.32,5598
101/02/23,7.58,7.90,7.45,7.74,34522009,268191304,0.34,5597
101/02/24,7.85,7.88,7.46,7.52,21757974,165645212,-0.22,3573
101/02/29,8.04,8.04,8.04,8.04,6673191,53652448,0.52,1107
101/03/01,8.60,8.60,8.60,8.60,17633426,151647459,0.56,2267
101/03/02,8.99,9.19,8.34,9.04,79400984,699958666,0.44,13458
101/03/03,8.99,9.03,8.70,8.95,23263827,206937495,-0.09,4189
101/03/05,8.71,8.89,8.66,8.85,24033988,210111938,-0.10,4388
101/03/06,8.75,8.75,8.24,8.24,30437661,254354492,-0.61,5454
101/03/07,7.67,8.10,7.67,7.84,24219571,190468477,-0.40,4414
101/03/08,8.08,8.08,7.94,7.94,14304132,114434358,0.10,2931
101/03/09,8.04,8.49,7.96,8.40,20178363,166825570,0.46,3666
101/03/12,8.41,8.65,8.11,8.11,14337320,120541109,-0.29,3198
101/03/13,8.10,8.35,8.07,8.11,11020040,90034288,,3042
101/03/14,8.66,8.66,8.28,8.31,13725677,115625803,0.20,3462
101/03/15,8.34,8.49,8.27,8.29,11576053,96493384,-0.02,2207
101/03/16,8.60,8.60,8.30,8.30,9007626,75379287,0.01,1730
101/03/19,8.30,8.30,7.96,8.01,15217180,122207991,-0.29,2479
101/03/20,8.00,8.04,7.71,7.75,13305594,103982963,-0.26,2507
101/03/21,7.75,8.05,7.73,7.89,11946400,94483403,0.14,2422
101/03/22,8.00,8.10,7.85,7.91,7305150,58156228,0.02,1435
101/03/23,7.91,8.07,7.75,8.00,9503288,75207125,0.09,1699
101/03/26,8.15,8.40,7.99,8.36,18212659,149281807,0.36,3734
101/03/27,8.36,8.50,8.36,8.39,13604279,114443355,0.03,2430
101/03/28,8.45,8.50,8.34,8.38,12023524,100829006,-0.01,1974
101/03/29,8.37,8.59,8.32,8.40,22702085,190885526,0.02,3645
101/03/30,8.40,8.74,8.35,8.74,18346482,156466115,0.34,3346
101/04/02,8.74,8.83,8.52,8.65,14649897,126911782,-0.09,2872
101/04/03,8.77,8.77,8.09,8.10,26652392,221713953,-0.55,3758
101/04/05,7.60,7.82,7.54,7.57,33970800,258865599,-0.53,4408
101/04/06,7.67,7.99,7.60,7.89,14753174,115553408,0.32,3154
101/04/09,7.60,7.85,7.50,7.80,9534600,73365019,-0.09,1924
101/04/10,7.81,8.09,7.78,7.98,10054000,79765607,0.18,2853
101/04/11,7.85,7.87,7.70,7.81,7509603,58613171,-0.17,1868
101/04/12,7.90,7.99,7.86,7.91,8866988,70314235,0.10,1875
101/04/13,8.05,8.29,8.03,8.24,13358228,109138711,0.33,2349
101/04/16,8.20,8.37,8.11,8.30,8429350,69541641,0.06,1789
101/04/17,8.35,8.42,8.02,8.03,9887386,80712056,-0.27,1973
101/04/18,8.23,8.23,7.83,7.92,10531202,84127763,-0.11,1938
101/04/19,7.90,7.90,7.40,7.57,16677001,126556033,-0.35,3239
101/04/20,7.11,7.40,7.05,7.05,23438724,167669840,-0.52,4438
101/04/23,6.80,6.95,6.56,6.56,22883084,151840928,-0.49,3879
101/04/24,6.50,7.01,6.50,7.01,13417491,92307708,0.45,1960
101/04/25,7.11,7.50,7.11,7.50,20999498,155118594,0.49,3412
101/04/26,7.75,7.80,7.40,7.41,11818865,88816348,-0.09,2932
101/04/27,7.41,7.55,7.37,7.40,8673480,64490586,-0.01,2059
101/04/30,7.42,7.77,7.42,7.68,8894753,68064191,0.28,1770
101/05/02,7.74,7.92,7.74,7.81,10438487,82023944,0.13,2763
101/05/03,7.81,8.05,7.70,8.00,8883110,69755640,0.19,1993
101/05/04,8.10,8.49,8.10,8.31,15851056,132236309,0.31,3240
101/05/07,8.27,8.70,8.16,8.65,18390976,154586109,0.34,4112
101/05/08,8.78,8.97,8.60,8.63,22761097,199129761,-0.02,4291
101/05/09,8.54,8.62,8.37,8.39,16046370,136147169,-0.24,3248
101/05/10,8.45,8.90,8.41,8.73,18845244,164673231,0.34,4192
101/05/11,8.70,8.80,8.42,8.49,14660135,125332074,-0.24,3269
101/05/14,8.55,8.69,8.05,8.10,8760380,73589358,-0.39,2117
101/05/15,7.94,8.49,7.81,8.40,8930420,73300985,0.30,2408
101/05/16,8.13,8.34,7.86,7.92,10694398,86393692,-0.48,3029
101/05/17,8.00,8.18,7.92,7.97,10155910,81289995,0.05,2424
101/05/18,7.81,7.81,7.42,7.42,19697640,148023300,-0.55,4387
101/05/21,7.20,7.52,7.07,7.18,12516737,91733392,-0.24,2852
101/05/22,7.52,7.52,7.35,7.46,5689180,42269593,0.28,1861
101/05/23,7.38,7.38,7.05,7.10,10350200,74544800,-0.36,2508
101/05/24,7.10,7.25,6.82,7.02,9251582,65081354,-0.08,2461
101/05/25,7.03,7.20,7.00,7.03,3890330,27518937,0.01,1237
101/05/28,7.10,7.18,7.05,7.15,3524920,25052401,0.12,983
101/05/29,7.20,7.65,7.20,7.65,9140810,68391730,0.50,2150
101/05/30,7.65,7.65,7.40,7.57,9817313,73828137,-0.08,2952
101/05/31,7.40,7.70,7.35,7.68,11236267,85034349,0.11,2161
101/06/01,7.53,7.56,7.32,7.32,8625393,64331946,-0.36,2197
101/06/04,6.83,7.08,6.81,6.81,10071571,69378525,-0.51,2300
101/06/05,7.28,7.28,7.10,7.28,9366446,68001792,0.47,1848
101/06/06,7.25,7.49,7.18,7.22,8687230,63759991,-0.06,2092
101/06/07,7.45,7.45,7.17,7.20,5745690,41805087,-0.02,1887
101/06/08,7.20,7.40,7.20,7.24,6630480,48373814,0.04,1639
101/06/11,7.41,7.48,7.31,7.40,5260120,38916912,0.16,1607
101/06/12,7.22,7.32,7.22,7.32,3176000,23108460,-0.08,926
101/06/13,7.37,7.40,7.23,7.27,3676202,26813443,-0.05,1325
101/06/14,7.25,7.30,7.12,7.24,3038270,21937844,-0.03,894
101/06/15,7.26,7.31,7.20,7.29,4279188,31144563,0.05,1071
101/06/18,7.42,7.50,7.32,7.38,5233650,38686122,0.09,1206
101/06/19,7.38,7.45,7.30,7.30,2602500,19133800,-0.08,800
101/06/20,7.35,7.40,7.29,7.31,4642451,33989301,0.01,1146
101/06/21,7.31,7.31,7.18,7.22,3641988,26354031,-0.09,930
101/06/22,7.01,7.15,7.01,7.10,4544744,32163022,-0.12,1597
101/06/25,7.00,7.06,6.93,6.95,6433412,44891591,-0.15,1733
101/06/26,6.95,7.08,6.90,6.95,3401477,23789843,,995
101/06/27,6.95,7.00,6.85,6.86,4363681,30204489,-0.09,963
101/06/28,6.91,6.97,6.85,6.85,4885016,33674493,-0.01,952
101/06/29,7.03,7.06,6.86,6.87,8938877,62096482,0.02,1846
101/07/02,6.99,7.10,6.92,7.08,6946208,48659079,0.21,1492
101/07/03,7.49,7.50,7.30,7.30,9400001,69582346,0.22,2094
101/07/04,7.38,7.43,7.21,7.34,7882953,57705805,0.04,1619
101/07/05,7.11,7.27,7.08,7.08,7849436,56077264,-0.26,1632
101/07/06,7.02,7.13,6.99,7.02,4690600,32979470,-0.06,891
101/07/09,7.00,7.02,6.85,6.91,6697601,46269588,-0.11,1282
101/07/10,6.90,6.99,6.84,6.88,2619078,18069029,-0.03,893
101/07/11,6.86,6.91,6.85,6.85,2720033,18700143,-0.03,723
101/07/12,6.84,6.85,6.64,6.65,6924450,46449918,-0.20,1450
101/07/13,6.60,6.74,6.56,6.64,3260098,21759160,-0.01,1040
101/07/16,6.75,6.78,6.18,6.18,8142054,51416642,-0.46,1838
101/07/17,6.10,6.30,5.81,5.94,11165569,67010707,-0.24,2467
101/07/18,6.00,6.00,5.53,5.53,13828660,78444565,-0.41,2710
101/07/19,5.61,5.70,5.30,5.42,11791654,64867480,-0.11,2965
101/07/20,5.43,5.58,5.36,5.51,8384048,45987291,0.09,2282
101/07/23,5.50,5.50,5.14,5.22,9417001,49887753,-0.29,2332
101/07/24,5.01,5.18,5.00,5.12,11149529,56630852,-0.10,1885
101/07/25,5.10,5.17,5.03,5.08,8771632,44638819,-0.04,1865
101/07/26,5.09,5.18,4.85,4.87,7726167,38787731,-0.21,1543
101/07/27,5.00,5.21,5.00,5.21,14137271,73219528,0.34,2583
101/07/30,5.20,5.36,5.10,5.32,11004150,57644315,0.11,2547
101/07/31,5.38,5.69,5.38,5.69,14769900,82201821,0.37,2920
101/08/01,5.66,5.85,5.55,5.79,8764161,49862761,0.10,1955
101/08/03,5.66,5.66,5.41,5.48,8558040,47519166,-0.31,1606
101/08/06,5.60,5.67,5.35,5.38,7799400,43122387,-0.10,1608
101/08/07,5.38,5.63,5.36,5.54,6754169,37388437,0.16,1277
101/08/08,5.60,5.72,5.55,5.62,5412314,30657036,0.08,1425
101/08/09,5.63,5.83,5.63,5.75,7779551,44772947,0.13,1971
101/08/10,5.75,5.78,5.63,5.70,4389156,24926115,-0.05,1158
101/08/13,5.68,5.71,5.59,5.64,5343911,30166755,-0.06,1039
101/08/14,5.64,5.73,5.55,5.57,6674228,37505055,-0.07,1406
101/08/15,5.62,5.72,5.55,5.68,4704494,26509526,0.11,1154
101/08/16,5.75,5.75,5.60,5.60,3874859,21918756,-0.08,1095
101/08/17,5.65,5.70,5.56,5.56,3778770,21284501,-0.04,914
101/08/20,5.56,5.64,5.33,5.38,4960623,27119911,-0.18,1098
101/08/21,5.40,5.63,5.40,5.55,6342642,35163899,0.17,1332
101/08/22,5.55,5.57,5.45,5.48,2808602,15434878,-0.07,829
101/08/23,5.40,5.54,5.37,5.38,5818396,31551355,-0.10,1509
101/08/24,5.30,5.30,5.07,5.14,10198510,52517758,-0.24,1988
101/08/27,5.15,5.22,5.08,5.09,5737379,29326335,-0.05,1199
101/08/28,5.11,5.44,5.11,5.44,12595199,67236698,0.35,2283
101/08/29,5.54,5.59,5.32,5.33,8708517,47590700,-0.11,1886
101/08/30,5.27,5.33,5.16,5.17,8119840,42394110,-0.16,1942
101/08/31,5.17,5.22,5.09,5.13,4458420,22921952,-0.04,1132
101/09/03,5.13,5.19,5.06,5.06,7549879,38474155,-0.07,1526
101/09/04,5.00,5.06,4.96,5.01,6859555,34369655,-0.05,2004
101/09/05,4.96,5.10,4.96,5.00,6150070,30821194,-0.01,1865
101/09/06,5.00,5.06,4.90,4.93,6221035,30925956,-0.07,1663
101/09/07,5.15,5.15,5.02,5.03,6502413,33120945,0.10,1901
101/09/10,5.03,5.14,5.02,5.08,5318207,26920618,0.05,1086
101/09/11,5.06,5.13,5.06,5.11,4235210,21555874,0.03,988
101/09/12,5.10,5.11,5.02,5.04,6114916,30896367,-0.07,1468
101/09/13,5.05,5.10,4.97,4.97,6808198,34209596,-0.07,1829
101/09/14,5.08,5.08,4.99,5.02,9307580,46700094,0.05,2440
101/09/17,5.07,5.07,4.96,4.96,8863243,44253182,-0.06,1997
101/09/18,4.87,4.92,4.81,4.87,9623580,46736482,-0.09,2340
101/09/19,4.88,5.21,4.88,5.21,19826284,101196873,0.34,3705
101/09/20,5.25,5.25,5.07,5.08,9810937,50325774,-0.13,2326
101/09/21,5.11,5.29,5.10,5.24,10233790,53454477,0.16,2584
101/09/24,5.24,5.27,5.15,5.17,8248187,42874493,-0.07,1901
101/09/25,5.18,5.22,5.10,5.22,6539269,33820806,0.05,1464
101/09/26,5.19,5.19,5.00,5.01,7772211,39388235,-0.21,1661
101/09/27,4.95,5.07,4.95,4.98,6364386,31851784,-0.03,1659
101/09/28,5.07,5.07,4.99,5.06,8062846,40541142,0.08,2347
101/10/01,5.00,5.04,4.94,4.97,5460628,27195279,-0.09,1382
101/10/02,4.98,5.02,4.89,4.91,5142885,25356655,-0.06,1348
101/10/03,4.95,4.96,4.86,4.88,5121841,25101198,-0.03,1238
101/10/04,4.88,4.92,4.85,4.86,4666089,22758485,-0.02,1234
101/10/05,4.83,4.90,4.63,4.68,10206609,48423335,-0.18,2178
101/10/08,4.79,4.80,4.67,4.68,4219960,19885277,,1181
101/10/09,4.68,4.72,4.52,4.53,5850269,27054358,-0.15,1429
101/10/11,4.38,4.45,4.22,4.22,10859740,46449849,-0.31,2345
101/10/12,4.20,4.22,3.94,4.13,12763200,51692444,-0.09,3006
101/10/15,4.12,4.12,3.99,4.02,5266973,21158908,-0.11,1191
101/10/16,4.03,4.09,4.00,4.03,3894759,15725496,0.01,1122
101/10/17,4.10,4.13,4.06,4.07,5234892,21419663,0.04,1611
101/10/18,4.10,4.12,4.05,4.09,2222220,9090994,0.02,563
101/10/19,4.06,4.06,3.94,3.97,5626574,22353174,-0.12,1284
101/10/22,3.85,4.24,3.83,4.24,9975704,41372433,0.27,1753
101/10/23,4.40,4.42,4.22,4.24,11608206,49823383,,2619
101/10/24,4.11,4.36,4.11,4.30,7985077,33970433,0.06,2103
101/10/25,4.10,4.20,4.10,4.16,8391414,34781764,-0.14,1553
101/10/26,4.26,4.26,4.08,4.08,10743286,44827401,-0.08,2189
101/10/29,4.02,4.09,3.94,3.94,6619624,26484572,-0.14,1308
101/10/30,4.00,4.05,3.94,3.94,5375978,21430191,,1512
101/10/31,3.96,4.03,3.90,3.97,7965779,31496140,0.03,1508
101/11/01,3.70,3.80,3.70,3.71,16625871,61840587,-0.26,3489
101/11/02,3.46,3.46,3.46,3.46,12686650,43895807,-0.25,1248
101/11/05,3.22,3.22,3.22,3.22,1842300,5932205,-0.24,119
101/11/06,3.00,3.00,3.00,3.00,4752898,14258694,-0.22,222
101/11/07,2.80,2.95,2.79,2.90,26476351,74946808,-0.10,2285
101/11/08,2.74,2.98,2.71,2.94,11067059,30965248,0.04,1375
101/11/09,2.94,2.95,2.78,2.89,5006071,14381762,-0.05,1029
101/11/12,2.89,2.99,2.84,2.95,3950586,11480381,0.06,1095
101/11/13,2.90,2.91,2.76,2.82,4825215,13644062,-0.13,1035
101/11/14,2.63,2.69,2.63,2.63,6945106,18337215,-0.19,933
101/11/15,2.50,2.61,2.45,2.60,16716086,41906332,-0.03,2077
101/11/16,2.50,2.55,2.42,2.42,10224247,25310591,-0.18,1333
101/11/19,2.31,2.34,2.26,2.26,11745958,26917895,-0.16,1367
101/11/20,2.18,2.25,2.11,2.11,6455228,13705827,-0.15,685
101/11/21,2.00,2.15,1.97,2.09,12941560,26264090,-0.02,1390
101/11/22,2.12,2.23,2.09,2.23,6581015,14528398,0.14,846
101/11/23,2.25,2.38,2.20,2.20,5024357,11614046,-0.03,762
101/11/26,2.27,2.35,2.27,2.35,3032730,7063632,0.15,490
101/11/27,2.35,2.49,2.19,2.19,7228622,17343067,-0.16,1238
101/11/28,2.25,2.31,2.20,2.25,6015137,13512186,0.06,1319
101/11/29,2.31,2.34,2.23,2.27,8153047,18494359,0.02,1732
101/11/30,2.20,2.30,2.16,2.18,107041873,234974692,-0.09,4063
101/12/03,2.33,2.33,2.22,2.33,17252017,39707811,0.15,1740
101/12/04,2.32,2.49,2.30,2.49,11975400,29161462,0.16,1767
101/12/05,2.57,2.66,2.52,2.66,10066886,26545081,0.17,807
101/12/06,2.84,2.84,2.76,2.84,12559432,35641309,0.18,622
101/12/07,3.03,3.03,3.03,3.03,4715976,14289402,0.19,274
101/12/10,3.24,3.24,3.03,3.24,27466694,87672923,0.21,1829
101/12/11,3.24,3.24,3.02,3.02,10825391,33114320,-0.22,756
101/12/12,3.03,3.20,3.03,3.13,9499410,29910943,0.11,1102
101/12/13,3.20,3.34,3.15,3.34,9099981,30007759,0.21,716
101/12/14,3.36,3.57,3.34,3.57,16721682,59290841,0.23,1126
101/12/17,3.81,3.81,3.74,3.81,15462689,58887893,0.24,707
101/12/18,3.94,3.99,3.74,3.92,16876484,65829013,0.11,1883
101/12/19,3.98,3.98,3.82,3.86,4059572,15779725,-0.06,465
101/12/20,3.85,4.08,3.81,4.02,9354100,37394399,0.16,996
101/12/21,4.10,4.13,3.74,3.74,7326538,28511593,-0.28,807
101/12/22,3.51,3.76,3.48,3.75,5974744,21299364,0.01,487
101/12/24,3.79,3.99,3.71,3.98,5108411,19727162,0.23,484
101/12/25,4.01,4.01,3.87,3.92,2624720,10401797,-0.06,239
101/12/26,3.98,4.00,3.80,3.80,2113959,8183351,-0.12,366
101/12/27,3.76,3.94,3.76,3.85,2863978,11056654,0.05,274
101/12/28,4.00,4.00,3.85,3.87,2424567,9413364,0.02,329
102/01/02,3.60,4.00,3.60,3.88,4983406,19262473,0.01,600
102/01/03,3.96,3.99,3.83,3.84,2947640,11530591,-0.04,286
102/01/04,3.96,3.96,3.84,3.86,1762765,6864593,0.02,300
102/01/07,3.90,3.92,3.81,3.82,2323559,8930172,-0.04,391
102/01/08,3.85,4.00,3.85,3.98,2700289,10668216,0.16,439
102/01/09,4.00,4.09,3.98,4.09,8183877,32867837,0.11,602
102/01/10,4.15,4.37,4.09,4.37,11041587,47648665,0.28,812
102/01/11,4.53,4.67,4.53,4.67,15169809,70567574,0.30,1127
102/01/14,4.88,4.88,4.65,4.67,11428999,54279804,,1061
102/01/15,4.65,4.85,4.61,4.67,9694358,45908759,,1039
102/01/16,4.67,4.80,4.65,4.68,5642887,26532238,0.01,637
102/01/17,4.68,4.78,4.36,4.36,7119315,32577967,-0.32,761
102/01/18,4.52,4.63,4.40,4.54,7473053,33866617,0.18,975
102/01/21,4.61,4.70,4.25,4.30,5913625,26117233,-0.24,769
102/01/22,4.48,4.54,4.27,4.50,3727540,16529300,0.20,492
102/01/23,4.30,4.54,4.30,4.49,2748927,12304783,-0.01,466
102/01/24,4.59,4.80,4.52,4.79,7446375,35071242,0.30,869
102/01/25,4.84,5.05,4.73,4.78,10431568,51176935,-0.01,1228
102/01/28,4.80,5.06,4.78,4.97,11390999,56640084,0.19,1516
102/01/29,5.00,5.18,5.00,5.10,17252898,88216497,0.13,1230
102/01/30,5.15,5.17,5.05,5.08,11496843,58720699,-0.02,1839
102/01/31,5.09,5.09,4.95,4.95,9550600,47837932,-0.13,642
102/02/01,5.04,5.05,4.92,4.92,6218325,30907186,-0.03,529
102/02/04,5.00,5.18,4.98,5.10,7645635,38736345,0.18,994
102/02/05,5.12,5.15,5.00,5.15,3752734,19054190,0.05,505
102/02/06,5.20,5.32,5.16,5.17,6906057,36251340,0.02,1054
102/02/18,5.20,5.41,5.17,5.35,7297806,38769863,0.18,670
102/02/19,5.47,5.67,5.35,5.63,11551325,63785998,0.28,1407
102/02/20,5.70,6.02,5.65,6.02,15680720,93192267,0.39,2169
102/02/21,6.00,6.09,5.85,5.94,10966846,65695632,-0.08,1779
102/02/22,5.90,6.03,5.86,6.00,5346727,31948413,0.06,804
102/02/23,6.02,6.42,6.02,6.16,13458250,84510802,0.16,1448
102/02/25,6.15,6.23,6.11,6.19,5520297,34051415,0.03,968
102/02/26,6.10,6.21,5.95,6.21,5362436,33029739,0.02,712
102/02/27,6.24,6.60,6.24,6.34,10441140,67514811,0.13,1128
102/03/01,6.45,6.64,6.40,6.64,9705239,63776395,0.30,1054
102/03/04,6.78,7.00,6.75,7.00,13267131,91507417,0.36,1381
102/03/05,7.22,7.40,6.51,6.51,13883319,98632770,-0.49,1543
102/03/06,6.52,6.90,6.07,6.34,15689305,100571073,-0.17,1416
102/03/07,6.29,6.69,6.28,6.69,6407585,41992508,0.35,1450
102/03/08,7.00,7.00,6.71,6.96,8614029,59153796,0.27,1496
102/03/11,7.04,7.09,6.61,6.70,9659100,66442225,-0.26,1926
102/03/12,6.80,6.90,6.70,6.76,6810301,46183633,0.06,1282
102/03/13,6.76,6.77,6.30,6.76,9569777,62941519,,1848
102/03/14,6.76,6.97,6.70,6.80,7981819,54384814,0.04,2107
102/03/15,6.75,6.81,6.65,6.65,11730706,78355156,-0.15,1229
102/03/18,6.45,6.60,6.35,6.52,9544692,61440680,-0.13,1471
102/03/19,6.65,6.92,6.52,6.92,6084269,41183353,0.40,1106
102/03/20,7.07,7.39,6.99,7.21,14791989,106434955,0.29,2561
102/03/21,7.25,7.45,7.21,7.22,8465270,62027510,0.01,1395
102/03/22,7.00,7.30,6.96,7.24,7249286,52150322,0.02,911
102/03/25,7.50,7.63,7.40,7.53,9518548,71611431,0.29,1554
102/03/26,7.60,7.83,7.54,7.83,11313879,87547809,0.30,2484
102/03/27,7.85,8.34,7.83,8.33,17055912,139337106,0.50,2691
102/03/28,8.33,8.63,8.20,8.43,17646152,148543183,0.10,2834
102/03/29,8.55,9.01,8.50,8.99,19987198,177596277,0.56,2846
102/04/01,9.29,9.50,8.85,9.02,21217075,196157561,0.03,3249
102/04/02,9.45,9.45,8.39,8.39,14264688,127270072,-0.63,1092
102/04/03,8.37,8.97,8.37,8.97,8877978,77631651,0.58,922
102/04/08,8.99,9.42,8.66,9.42,16045430,146863715,0.45,1434
102/04/09,9.73,9.73,9.45,9.70,12707880,121929420,0.28,1326
102/04/10,9.70,9.70,9.45,9.70,7655680,73547631,,1005
102/04/11,9.89,10.00,9.89,10.00,10500770,104663690,0.30,1211
102/04/12,10.00,10.00,9.82,9.82,7570732,74683073,-0.18,750
102/04/15,9.90,10.20,9.90,10.20,9173679,92132806,0.38,1248
102/04/16,10.00,10.05,9.65,9.98,12027667,119258922,-0.22,753
102/04/17,9.98,10.00,9.70,10.00,9509633,93845172,0.02,1159
102/04/18,9.90,10.70,9.90,10.65,8152219,85504405,0.65,1153
102/04/19,10.90,11.25,10.90,11.10,12043612,133764035,0.45,1319
102/04/22,11.40,11.85,11.40,11.85,17551525,206276167,0.75,1561
102/04/23,12.00,12.60,11.05,11.05,18776325,227240876,-0.80,1818
102/04/24,11.80,11.80,10.30,10.30,27949079,299921659,-0.75,1701
102/04/25,9.90,10.95,9.81,10.95,21667452,223104995,0.65,1516
102/04/26,10.75,11.40,10.75,11.00,19622601,216346899,0.05,1205
102/04/29,10.30,11.75,10.30,11.75,20016007,228385930,0.75,1300
102/04/30,11.80,11.90,11.10,11.60,13460450,155830138,-0.15,1084
102/05/02,11.65,11.65,11.30,11.35,10627173,120895598,-0.25,776
102/05/03,11.70,11.70,11.50,11.60,7891877,91573082,0.25,869
102/05/06,11.95,11.95,11.60,11.70,7618338,89730298,0.10,879
102/05/07,11.70,11.95,11.55,11.60,10399114,122590894,-0.10,854
102/05/08,11.70,11.70,10.80,10.85,15338827,169962564,-0.75,906
102/05/09,10.55,10.55,10.10,10.20,25654516,260783386,-0.65,1655
102/05/10,10.45,10.45,9.50,9.50,20800668,202261362,-0.70,1870
102/05/13,9.69,10.05,9.69,9.85,14262406,141544373,0.35,1309
102/05/14,9.95,10.50,9.95,10.50,10186399,106221236,0.65,933
102/05/15,10.85,11.20,10.70,11.00,15092230,165946263,0.50,1842
102/05/16,10.75,10.90,10.30,10.50,9517967,100034799,-0.50,1581
102/05/17,10.60,10.80,10.50,10.60,6296334,67153937,0.10,1122
102/05/20,10.70,11.00,10.50,10.60,4293062,46136303,,557
102/05/21,10.50,10.70,10.40,10.60,4950520,52345962,,754
102/05/22,10.45,10.55,10.00,10.05,7025628,72333852,-0.55,935
102/05/23,10.20,10.40,10.00,10.15,7007913,71163748,0.10,1333
102/05/24,10.50,10.55,10.00,10.25,5560928,56979550,0.10,989
102/05/27,10.20,10.50,10.20,10.45,5802835,60018141,0.20,728
102/05/28,10.50,10.80,10.50,10.50,7879053,84088550,0.05,846
102/05/29,10.90,11.20,10.90,11.20,12786430,142077860,0.70,890
102/05/30,11.60,11.95,11.60,11.95,23536614,280214271,0.75,1596
102/05/31,12.70,12.75,12.70,12.75,32446443,413554989,0.80,1968
102/06/03,12.85,13.50,12.85,13.05,25022860,329727330,0.30,2242
102/06/04,13.70,13.70,12.15,12.95,11055864,144140582,-0.10,1023
102/06/05,12.95,13.50,12.95,13.40,8999615,120439126,0.45,1139
102/06/06,13.25,13.60,13.20,13.20,9590099,128246802,-0.20,769
102/06/07,13.30,13.40,12.50,12.50,15443879,196754198,-0.70,1120
102/06/10,13.35,13.35,13.00,13.35,11612185,154499465,0.85,1022
102/06/11,13.90,14.25,13.65,14.20,17191443,241740642,0.85,2397
102/06/13,13.80,13.95,13.25,13.25,13529304,183033526,-0.95,1525
102/06/14,13.70,14.15,13.45,13.90,14454019,200145358,0.65,1763
102/06/17,13.90,14.85,13.90,14.85,21908170,321638570,0.95,2456
102/06/18,15.45,15.75,14.85,14.85,23702165,364789375,,2347
102/06/19,15.70,15.85,15.70,15.85,14654433,231811655,1.00,1442
102/06/20,15.90,15.90,15.00,15.10,21795250,334047078,-0.75,2123
102/06/21,14.20,15.50,14.20,15.50,21265635,319258770,0.40,1896
102/06/24,16.05,16.30,15.60,16.00,21230374,340453941,0.50,1915
102/06/25,15.60,16.20,15.50,16.00,18696948,297908166,,1811
102/06/26,16.70,16.70,16.00,16.45,16151677,264468163,0.45,1849
102/06/27,16.70,16.70,16.00,16.45,18512564,301094312,,1491
102/06/28,16.45,16.45,15.60,15.65,24947350,400308877,-0.80,1530
102/07/01,15.65,16.70,15.50,16.55,21389117,348965385,0.90,3098
102/07/02,16.70,16.80,16.10,16.40,10917479,180320432,-0.15,1824
102/07/03,16.00,16.30,15.80,16.10,8486800,135891676,-0.30,1880
102/07/04,16.00,16.05,15.00,15.00,20898783,315889545,-1.10,2545
102/07/05,15.00,15.20,14.00,14.85,20827599,304721182,-0.15,3349
102/07/08,14.25,15.50,14.20,15.15,15563921,233680945,0.30,2590
102/07/09,15.50,15.50,14.25,14.60,9453840,139449753,-0.55,1517
102/07/10,13.75,14.15,13.60,13.60,26209063,360004550,-1.00,3048
102/07/11,13.20,14.10,12.80,13.90,19626800,262882718,0.30,3673
102/07/12,13.95,13.95,13.50,13.60,10258000,139766350,-0.30,2007
102/07/15,13.80,14.10,13.65,13.65,5230840,72371031,0.05,1290
102/07/16,14.00,14.60,14.00,14.60,8720518,124809210,0.95,1697
102/07/17,15.00,15.05,14.65,14.75,6774236,100633986,0.15,1382
102/07/18,15.00,15.00,13.80,14.05,10490175,147995254,-0.70,2055
102/07/19,14.00,14.40,13.90,14.35,4161085,58634359,0.30,1237
102/07/22,14.55,14.90,14.35,14.60,8886828,130333004,0.25,1684
102/07/23,14.60,14.90,13.80,14.20,11426015,164646663,-0.40,1995
102/07/24,14.20,14.40,13.60,14.40,9221550,129956218,0.20,1245
102/07/25,13.75,14.05,13.40,13.40,12393022,168488192,-1.00,2081
102/07/26,13.25,13.60,12.50,12.50,17091820,218150450,-0.90,1852
102/07/29,12.00,12.00,11.65,11.65,9386088,109909456,-0.85,786
102/07/30,10.85,12.15,10.85,12.05,30813640,345263310,0.40,3233
102/07/31,11.75,11.85,11.25,11.25,16300410,184400324,-0.80,992
102/08/01,11.30,11.65,10.95,10.95,17361100,194640312,-0.30,2054
102/08/02,11.10,11.45,10.20,10.85,17336200,185897587,-0.10,3338
102/08/05,11.60,11.60,11.60,11.60,3575428,41474963,0.75,305
102/08/06,12.40,12.40,12.10,12.40,8379787,103855207,0.80,793
102/08/07,11.90,12.35,11.75,11.85,9850600,118429250,-0.55,1798
102/08/08,11.10,11.40,11.05,11.05,11983600,132563068,-0.80,1054
102/08/09,11.10,11.10,10.40,11.00,10313065,110886115,-0.05,1834
102/08/12,11.30,11.75,11.10,11.65,8124045,93744825,0.65,1455
102/08/13,11.65,12.30,11.45,12.20,7015901,83796488,0.55,1092
102/08/14,13.05,13.05,12.80,13.05,27739596,361366848,0.85,2254
102/08/15,13.10,13.25,12.95,13.10,9901929,129530666,0.05,1993
102/08/16,12.60,13.05,12.60,13.00,6573842,84402896,-0.10,823
102/08/19,13.20,13.20,12.50,12.60,4576233,58852007,-0.40,925
102/08/20,12.55,12.80,11.75,12.05,7099140,86774911,-0.55,1051
102/08/22,11.80,12.45,11.80,12.00,4908644,59393052,-0.05,740
102/08/23,12.35,12.40,12.05,12.15,2961947,36219902,0.15,474
102/08/26,12.15,12.40,12.15,12.35,2719327,33319571,0.20,503
102/08/27,12.30,12.40,11.95,12.15,2606143,31654801,-0.20,403
102/08/28,11.60,11.90,11.45,11.85,4321040,50664330,-0.30,904
102/08/29,11.65,12.00,11.65,11.95,1268230,15080084,0.10,422
102/08/30,12.00,12.30,12.00,12.20,2532534,30733808,0.25,644
102/09/02,12.20,12.75,12.15,12.65,3761987,46773433,0.45,778
102/09/03,12.80,13.25,12.55,13.10,6799845,88367535,0.45,1014
102/09/04,13.90,13.90,13.25,13.50,7443140,101087038,0.40,1198
102/09/05,14.40,14.40,14.40,14.40,14588637,210076365,0.90,1204
102/09/06,15.30,15.40,14.55,15.10,25332648,383395000,0.70,2816
102/09/09,14.80,14.95,14.35,14.85,11575476,169651483,-0.25,1250
102/09/10,15.00,15.20,14.50,15.00,9912452,146366578,0.15,1147
102/09/11,15.00,15.35,14.80,15.15,7469710,112570478,0.15,1182
102/09/12,15.30,16.10,15.20,16.00,23082620,365313383,0.85,3567
102/09/13,16.40,16.40,15.55,15.55,8347683,132385754,-0.45,2219
102/09/14,15.60,15.90,15.10,15.30,9052247,140461676,-0.25,1062
102/09/16,15.50,15.80,15.40,15.80,7132323,111846252,0.50,2017
102/09/17,15.80,16.25,15.80,15.95,11934193,191364280,0.15,1591
102/09/18,16.20,16.20,15.70,16.00,8471027,134985124,0.05,1397
102/09/23,16.00,16.50,15.45,16.20,11842004,188121459,0.20,1238
102/09/24,16.00,16.70,15.85,16.50,18562739,302988140,0.30,2620
102/09/25,16.45,16.75,16.30,16.30,10799887,178465001,-0.20,1224
102/09/26,16.20,16.30,15.90,16.05,6327710,101393541,-0.25,1001
102/09/27,16.15,16.35,15.95,16.15,4634810,74485828,0.10,1027
102/09/30,16.00,16.50,15.95,16.50,6513325,105456378,0.35,1393
102/10/01,16.30,16.95,16.30,16.80,10886741,182752430,0.30,2084
102/10/02,17.00,17.95,16.95,17.95,25184737,441473653,1.15,3663
102/10/03,18.25,19.00,18.00,18.45,27505769,509009231,0.50,4323
102/10/04,18.50,19.00,18.45,19.00,12251121,230675795,0.55,1980
102/10/07,19.15,19.55,18.90,19.55,19081793,369962159,0.55,3623
102/10/08,19.55,19.55,18.70,19.40,14209110,272834981,-0.15,2323
102/10/09,19.05,19.10,18.10,18.10,19977620,373426309,-1.30,3391
102/10/11,18.50,18.75,17.15,17.90,18422668,332949453,-0.20,3484
102/10/14,16.80,17.50,16.65,16.90,16109692,274660964,-1.00,2783
102/10/15,17.20,17.80,17.20,17.80,7302255,128016679,0.90,1531
102/10/16,17.70,18.30,17.25,18.15,6679559,119447532,0.35,1233
102/10/17,18.10,18.20,17.80,18.20,6392831,115551967,0.05,1251
102/10/18,18.10,18.80,18.00,18.65,9818394,181948222,0.45,1616
102/10/21,18.90,19.20,18.65,18.85,12869776,243584842,0.20,2234
102/10/22,18.75,18.90,18.45,18.75,9032479,169169055,-0.10,1654
102/10/23,18.95,18.95,18.40,18.70,11122380,207303653,-0.05,1521
102/10/24,19.10,19.10,18.50,19.00,11161077,210643363,0.30,1901
102/10/25,18.50,19.00,18.50,18.85,10942486,206024704,-0.15,1534
102/10/28,18.80,18.80,18.20,18.30,8187220,151454283,-0.55,1350
102/10/29,18.30,18.70,18.20,18.70,10986079,203864314,0.40,1609
102/10/30,19.00,19.00,18.70,18.90,11050897,209239399,0.20,1629
102/10/31,18.90,19.05,18.70,18.95,9998216,189280017,0.05,1204
102/11/01,18.80,19.05,18.60,18.90,7518462,142010376,-0.05,1150
102/11/04,19.10,19.20,18.80,18.85,11636648,221300847,-0.05,1725
102/11/05,18.95,19.90,18.95,19.85,24936980,483636384,1.00,3117
102/11/06,19.90,20.40,19.65,20.35,20043296,403672920,0.50,4173
102/11/07,20.35,21.75,20.25,21.15,25919104,545994634,0.80,4099
102/11/08,21.15,21.60,20.55,21.40,16571379,353792760,0.25,2939
102/11/11,21.40,21.45,19.95,20.35,13569783,277766433,-1.05,2380
102/11/12,19.85,20.15,19.45,20.00,14106129,278349830,-0.35,3260
102/11/13,20.10,20.90,19.95,20.40,8021851,163799756,0.40,2113
102/11/14,20.75,20.80,20.05,20.40,5281440,107641568,,1506
102/11/15,20.65,21.40,20.50,21.30,12869845,271346155,0.90,2564
102/11/18,21.65,22.20,21.55,21.85,14675262,320582714,0.55,2967
102/11/19,22.00,22.30,20.35,20.35,50467495,1061561903,-1.50,8461
102/11/20,20.50,21.60,20.40,20.90,33446627,705436410,0.55,6018
102/11/21,20.75,20.75,20.00,20.50,16507380,335844587,-0.40,3200
102/11/22,20.80,21.15,19.95,20.00,20678307,423555085,-0.50,4236
102/11/25,20.10,20.15,18.80,18.95,33518663,646217370,-1.05,6693
102/11/26,18.90,19.55,18.20,19.40,21536236,408066669,0.45,4790
102/11/27,19.20,19.40,19.05,19.10,13050150,250577534,-0.30,2624
102/11/28,19.50,20.40,19.50,20.40,28722400,579062394,1.30,4758
102/11/29,20.70,21.40,20.70,21.10,31929352,672346392,0.70,5542
102/12/02,21.10,21.30,20.75,21.00,15196602,319675826,-0.10,3543
102/12/03,21.00,21.15,20.50,20.90,16133800,336817445,-0.10,2761
102/12/04,21.10,21.40,20.85,21.15,16635876,352136624,0.25,3276
102/12/05,21.80,21.85,21.10,21.20,25504129,548972615,0.05,5453
102/12/06,21.45,21.45,20.80,21.20,19323859,410042621,,4117
102/12/09,21.65,22.10,21.55,21.95,35730704,781504308,0.75,6021
102/12/10,22.00,23.00,22.00,23.00,51174485,1157167784,1.05,9349
102/12/11,23.25,23.60,22.80,22.90,39584489,918583337,-0.10,7713
102/12/12,22.30,22.75,22.00,22.10,28302026,630769172,-0.80,5406
102/12/13,21.70,21.90,21.20,21.60,28937608,623681039,-0.50,6987
102/12/16,21.60,22.15,21.60,22.00,20171707,441755678,0.40,4432
102/12/17,21.80,21.80,21.35,21.40,21107684,454045935,-0.60,4547
102/12/18,21.25,21.40,20.85,21.00,21527587,453615431,-0.40,5879
102/12/19,20.40,20.40,19.55,20.00,67021098,1323046946,-1.00,10399
102/12/20,20.20,20.90,20.20,20.40,32097361,656749531,0.40,6705
102/12/23,20.60,20.90,20.15,20.60,19734814,404987482,0.20,4749
102/12/24,20.25,20.60,20.10,20.40,14267235,289895116,-0.20,3559
102/12/25,20.55,21.20,20.55,20.90,18862605,395062375,0.50,4678
102/12/26,20.90,21.05,20.65,20.80,5814504,121331877,-0.10,1714
102/12/27,20.90,20.95,20.80,20.85,6881454,143758610,0.05,2053
102/12/30,21.10,22.25,21.10,22.05,22517256,491097357,1.20,5369
102/12/31,22.05,22.35,21.65,22.00,16592479,364691105,-0.05,3596
103/01/02,22.55,23.30,22.55,23.30,39984741,918413329,1.30,8590
103/01/03,22.80,24.70,22.75,24.05,65849555,1573296011,0.75,12674
103/01/06,24.30,24.80,23.80,24.05,42579754,1035422325,,11293
103/01/07,24.35,24.95,24.10,24.40,56470939,1387922752,0.35,10996
103/01/08,25.00,26.00,24.95,26.00,89405449,2290907678,1.60,15727
103/01/09,26.50,27.40,25.50,25.60,94150189,2504589623,-0.40,18010
103/01/10,25.60,25.85,24.80,24.80,53536094,1350593522,-0.80,11396
103/01/13,25.00,25.80,25.00,25.30,25742231,653162847,0.50,6331
103/01/14,25.10,26.80,25.05,26.50,52713691,1373261674,1.20,11186
103/01/15,26.85,27.25,26.05,26.05,55389423,1476023701,-0.45,10279
103/01/16,26.35,26.55,24.25,24.55,74681759,1882144558,-1.50,15275
103/01/17,24.00,24.50,23.50,24.25,47249944,1134544538,-0.30,11852
103/01/20,24.25,24.70,24.00,24.50,29111788,709289671,0.25,6381
103/01/21,24.35,24.95,24.10,24.95,26238841,647146640,0.45,7690
103/01/22,25.15,25.45,24.40,24.40,21783197,542471007,-0.55,5210
103/01/23,24.40,24.80,24.15,24.25,16786685,409174902,-0.15,4317
103/01/24,24.20,24.50,23.55,23.70,23007580,549082487,-0.55,6053
103/01/27,23.50,24.00,23.45,23.60,42468351,1004098780,-0.10,9426
103/02/05,23.50,24.25,23.00,23.00,46156053,1091184719,-0.60,11090
103/02/06,23.80,24.60,23.20,24.60,37772225,909337927,1.60,9717
103/02/07,25.30,26.30,25.30,25.50,53686074,1389997263,0.90,12329
103/02/10,26.30,27.10,25.85,25.95,45381309,1199393884,0.45,10939
103/02/11,26.50,26.50,25.65,25.75,21364367,554239793,-0.20,5494
103/02/12,25.90,26.90,25.80,26.70,53443470,1417149083,0.95,12486
103/02/13,26.60,26.60,25.90,25.90,29922815,782406823,-0.80,7176
103/02/14,26.20,26.40,25.30,25.40,33165825,853744802,-0.50,7574
103/02/17,25.80,25.85,25.00,25.05,21766873,548428809,-0.35,5332
103/02/18,25.20,25.45,25.00,25.20,15388683,387300734,0.15,4203
103/02/19,25.20,25.20,24.70,24.70,22138175,551435317,-0.50,5428
103/02/20,24.95,26.40,24.80,26.20,47441251,1226494635,1.50,11360
103/02/21,26.60,26.80,25.55,25.55,31592546,820268125,-0.65,8726
103/02/24,25.60,25.90,25.45,25.50,14986081,384508260,-0.05,4653
103/02/25,25.50,25.80,25.35,25.55,14703731,376747936,0.05,3924
103/02/26,25.55,25.70,25.35,25.45,14301915,364878984,-0.10,3757
103/02/27,25.45,26.20,25.45,25.65,22669982,586986677,0.20,5486
103/03/03,25.45,25.65,25.15,25.60,19316093,491664519,-0.05,5766
103/03/04,25.75,26.20,25.65,26.00,26217613,680623967,0.40,6395
103/03/05,26.60,26.80,25.50,25.50,30005550,783072420,-0.50,7628
103/03/06,25.60,25.85,25.30,25.40,24826259,634287247,-0.10,5728
103/03/07,25.60,25.70,25.00,25.00,24045842,607072950,-0.40,6488
103/03/10,24.60,24.95,23.55,24.00,37667428,907018934,-1.00,10294
103/03/11,24.20,24.70,24.20,24.60,19005122,466804934,0.60,5031
103/03/12,24.60,24.60,24.20,24.60,9273380,226271573,,3664
103/03/13,24.60,25.00,24.60,24.85,13667921,339618984,0.25,5224
103/03/14,24.60,24.60,24.00,24.40,17375832,423377244,-0.45,4744
103/03/17,24.40,25.00,23.90,24.30,20063281,488638538,-0.10,5835
103/03/18,24.60,24.80,24.35,24.45,13740379,336394392,0.15,3313
103/03/19,24.65,24.75,24.30,24.55,12307440,301641255,0.10,3874
103/03/20,24.50,24.65,24.10,24.20,15478696,375844065,-0.35,3537
103/03/21,24.40,24.45,22.65,23.35,84094020,1969456214,-0.85,11794
103/03/24,22.75,23.20,22.50,23.00,21359221,489809337,-0.35,6113
103/03/25,23.00,23.50,22.80,23.00,19064464,440966492,,5694
103/03/26,23.05,23.25,22.80,22.80,15441126,354118369,-0.20,3791
103/03/27,22.80,23.30,22.55,23.30,19639576,448137457,0.50,6288
103/03/28,23.50,23.90,23.10,23.30,24379567,570558555,,6573
103/03/31,23.90,24.40,23.85,23.85,30768908,740760995,0.55,6568
103/04/01,24.35,25.05,24.15,24.90,37353662,924538573,1.05,9082
103/04/02,25.00,25.40,24.70,24.70,30566070,766431979,-0.20,8347
103/04/03,24.90,25.10,24.70,24.85,19967142,496213064,0.15,6108
103/04/07,24.10,24.65,23.85,24.20,23855440,578282143,-0.65,5275
103/04/08,24.10,24.55,23.85,24.15,21764606,526315670,-0.05,5707
103/04/09,24.15,25.10,24.15,24.70,29365568,726213015,0.55,5777
103/04/10,25.10,25.10,24.35,25.05,28201775,698856049,0.35,6331
103/04/11,24.80,25.00,24.55,24.75,16745686,414734378,-0.30,4342
103/04/14,24.70,24.90,24.45,24.45,12144840,299762629,-0.30,3044
103/04/15,24.80,25.15,24.65,24.65,15021997,373758520,0.20,3660
103/04/16,24.65,24.75,24.25,24.50,14984110,367816994,-0.15,3587
103/04/17,24.80,26.20,24.65,26.20,112547328,2894568618,1.70,15101
103/04/18,26.70,27.40,26.00,26.70,129943286,3485902399,0.50,22985
103/04/21,27.40,28.55,27.40,28.55,109298490,3071283179,1.85,16300
103/04/22,28.90,30.00,28.70,29.50,110290091,3233069972,0.95,21198
103/04/23,29.95,31.55,29.95,31.55,152772780,4747315779,2.05,25515
103/04/24,31.95,32.35,29.50,30.40,126730010,3939813528,-1.15,28965
103/04/25,30.05,30.85,29.70,30.00,60269184,1816182611,-0.40,14545
103/04/28,29.55,32.10,29.50,32.10,85673325,2682293837,2.10,17257
103/04/29,32.20,34.05,31.20,31.20,136330267,4472987583,-0.90,29234
103/04/30,32.00,32.30,30.80,30.90,57378534,1802076354,-0.30,14806
103/05/02,32.40,32.70,31.60,32.00,51160933,1644452156,1.10,12274
103/05/05,32.55,34.20,32.05,34.20,82288146,2745271650,2.20,17851
103/05/06,34.65,36.55,34.55,35.60,105583955,3745010401,1.40,24432
103/05/07,35.30,36.30,34.60,35.00,69686184,2470055940,-0.60,16425
103/05/08,35.10,37.10,34.50,36.10,87882408,3154113694,1.10,21604
103/05/09,34.50,34.95,33.60,33.65,142694575,4882457464,-2.45,28201
103/05/12,33.65,34.90,33.65,34.05,65730261,2261115621,0.40,14524
103/05/13,34.80,35.10,34.20,34.30,45165109,1563115270,0.25,10675
103/05/14,34.65,35.50,34.30,35.50,62361695,2182226460,1.20,16010
103/05/15,35.70,36.25,35.00,35.30,79844673,2860634586,-0.20,19305
103/05/16,35.60,35.75,34.25,34.65,54605818,1907123372,-0.65,14008
103/05/19,34.65,35.15,33.95,33.95,41319589,1418568515,-0.70,10429
103/05/20,34.55,35.40,33.95,34.10,71808606,2490029053,0.15,16093
103/05/21,33.90,34.90,33.55,34.60,63571275,2179185764,0.50,14261
103/05/22,34.50,35.70,34.45,35.60,97040857,3411702086,1.00,20810
103/05/23,36.50,37.70,36.20,37.45,143643348,5241408536,1.85,27109
103/05/26,38.50,40.05,38.00,39.00,118839411,4663623479,1.55,25283
103/05/27,39.40,39.40,38.30,39.00,93868349,3640862061,,21024
103/05/28,39.20,40.20,39.10,39.55,83199776,3298700556,0.55,18178
103/05/29,40.70,42.30,40.70,42.30,135325243,5652154600,2.75,29140
103/05/30,43.20,45.25,43.20,45.25,287484017,12841871224,2.95,48991
103/06/03,46.25,47.20,45.65,47.20,183476572,8528747592,1.95,38501
103/06/04,47.40,50.50,46.20,50.50,156095917,7586374149,3.30,42229
103/06/05,50.50,54.00,49.80,54.00,164355888,8712895202,3.50,37851
103/06/06,56.00,57.30,50.30,50.50,293366505,15693505262,-3.50,73308
103/06/09,49.90,51.90,48.60,50.60,169488542,8500740683,0.10,45295
103/06/10,51.60,52.30,49.65,50.00,88005682,4475467300,-0.60,26851
103/06/11,50.00,51.50,49.90,51.00,75746586,3840234286,1.00,20895
103/06/12,50.90,51.40,48.70,49.00,122575961,6089962889,-2.00,30175
103/06/13,48.60,50.30,48.50,49.15,84259628,4155880329,0.15,22232
103/06/16,49.50,52.50,48.70,52.50,138442152,7059580355,3.35,34528
103/06/17,54.00,55.60,54.00,54.50,150173013,8232744480,2.00,38910
103/06/18,55.60,56.40,52.70,53.30,140881837,7680070084,-1.20,40074
103/06/19,54.00,54.90,53.40,54.00,67650925,3657322250,0.70,21552
103/06/20,54.00,54.40,52.50,52.70,62466386,3324879108,-1.30,17498
103/06/23,54.70,55.00,52.20,52.70,86744508,4645583857,,24176
103/06/24,53.00,54.40,52.20,54.00,84847595,4541835713,1.30,21883
103/06/25,54.80,55.00,53.30,53.30,65362964,3538327568,-0.70,18405
103/06/26,53.50,54.30,53.00,53.10,51091439,2732791196,-0.20,14863
103/06/27,53.90,53.90,51.30,51.50,80237658,4175593600,-1.60,22697
103/06/30,54.40,54.80,52.90,54.30,106774223,5769743099,2.80,27789
103/07/01,54.50,55.20,54.10,54.80,85792183,4700143860,0.50,21309
103/07/02,55.70,57.60,55.50,57.60,144613570,8187215478,2.80,38288
103/07/03,58.00,61.60,57.20,61.60,156089868,9320822013,4.00,41048
103/07/04,61.90,62.20,59.90,59.90,131692328,8034040680,-1.70,38556
103/07/07,59.90,61.30,58.70,60.90,86314348,5181831770,1.00,24571
103/07/08,60.70,61.80,60.10,60.20,68532486,4170594039,-0.70,19021
103/07/09,60.20,60.80,58.70,58.70,70950473,4221722595,-1.50,20817
103/07/10,58.80,61.40,58.80,60.50,72943856,4397382575,1.80,24130
103/07/11,59.70,60.10,56.40,57.50,121089519,7048190402,-3.00,34588
103/07/14,57.80,58.10,56.70,56.70,59837756,3421838615,-0.80,17670
103/07/15,57.90,59.80,57.60,58.10,67781761,3977637696,1.40,21230
103/07/16,58.90,59.00,57.30,58.30,40912405,2380254598,0.20,12763
103/07/17,59.00,59.80,57.40,57.80,75359274,4422381522,-0.50,22405
103/07/18,56.50,57.60,56.20,57.30,49129308,2800381506,-0.50,13954
103/07/21,57.50,57.60,56.30,56.30,40415322,2295113214,-1.00,11859
103/07/22,57.70,60.10,57.10,59.80,88982196,5238350920,3.50,27191
103/07/24,60.80,61.40,59.00,59.10,66532244,4007888582,-0.70,20158
103/07/25,59.10,59.40,57.50,58.30,51894397,3021334126,-0.80,16241
103/07/28,58.00,58.10,56.80,57.10,51050563,2929191450,-1.20,15178
103/07/29,56.50,56.90,53.20,53.20,108524074,5866224079,-3.90,26416
103/07/30,53.20,54.20,49.70,53.20,164600280,8567116408,,44237
103/07/31,53.50,53.70,51.30,52.30,59741378,3133276998,-0.90,20222
103/08/01,48.80,52.30,48.80,51.50,92688513,4686860326,-0.80,25406
103/08/04,52.20,53.30,51.80,53.00,50484227,2658095981,1.50,15700
103/08/05,53.10,54.20,50.90,51.00,77627829,4086043879,-2.00,24619
103/08/06,50.80,51.60,49.10,50.20,91353640,4585017326,-0.80,28823
103/08/07,50.20,50.40,46.70,46.70,110829617,5350477641,-3.50,32571
103/08/08,43.70,44.80,43.45,43.45,56086756,2458670927,-3.25,10612
103/08/11,44.00,46.45,44.00,46.45,103713729,4732445501,3.00,27930
103/08/12,47.50,49.30,47.00,47.55,123507557,5942157675,1.10,39855
103/08/13,47.60,48.30,47.00,47.40,51069772,2433345512,-0.15,17529
103/08/14,49.20,49.20,47.85,48.15,56755847,2743780721,0.75,16177
103/08/15,48.50,48.95,47.60,48.05,51695018,2493466360,-0.10,16243
103/08/18,48.60,48.65,47.70,48.10,35741065,1719219068,0.05,10727
103/08/19,48.70,49.75,48.70,48.90,80474396,3957827478,0.80,22230
103/08/20,49.20,49.35,47.75,48.00,65297580,3156673128,-0.90,17586
103/08/21,48.65,49.10,47.70,48.40,61178508,2963260247,0.40,17428
103/08/22,48.65,49.35,48.15,49.20,51486799,2519835005,0.80,16358
103/08/25,49.60,52.50,49.55,52.50,87740437,4462222369,3.30,24922
103/08/26,52.40,53.00,51.50,52.20,70686283,3698632655,-0.30,20697
103/08/27,53.00,53.30,52.00,52.00,57759090,3046285980,-0.20,16870
103/08/28,52.10,52.40,51.50,51.90,42049659,2184313394,-0.10,11292
103/08/29,49.85,49.85,48.30,48.90,112596132,5501082384,-3.00,26324
103/09/01,48.70,49.75,48.45,49.05,53603627,2638121681,0.15,16080
103/09/02,49.10,49.90,48.60,49.05,36737331,1808825725,,12499
103/09/03,48.50,48.50,46.50,47.00,95950824,4538156778,-2.05,28060
103/09/04,47.40,48.55,47.20,47.40,48679020,2328806093,0.40,15519
103/09/05,48.45,48.50,47.55,48.00,32799665,1574809798,0.60,9983
103/09/09,48.80,48.85,45.35,45.35,58059593,2748383015,-2.65,17765
103/09/10,45.35,47.80,45.35,47.65,62893040,2918605489,2.30,20893
103/09/11,47.95,48.30,46.60,47.30,49195728,2333309621,-0.35,16547
103/09/12,48.00,48.00,45.30,46.45,48788102,2270396716,-0.85,15968
103/09/15,45.80,46.30,43.80,43.80,89959280,4013526870,-2.65,27222
103/09/16,42.50,42.90,40.95,42.85,125963282,5297762353,-0.95,33751
103/09/17,44.00,44.75,43.85,44.00,71334771,3159143549,1.15,22368
103/09/18,44.50,44.50,43.30,43.70,39189195,1715383833,-0.30,13611
103/09/19,44.50,44.75,43.80,43.80,33117004,1466486713,0.10,10989
103/09/22,42.00,42.30,41.50,41.80,54652026,2290284092,-2.00,16983
103/09/23,40.80,42.30,40.80,41.65,66782183,2770084772,-0.15,18715
103/09/24,42.00,42.45,41.55,41.55,35346472,1481190927,-0.10,10656
103/09/25,42.50,42.85,41.35,41.70,56070449,2367171862,0.15,16636
103/09/26,42.05,43.90,42.05,43.90,78025593,3348712814,2.20,22989
103/09/29,44.85,45.10,43.20,43.20,71192871,3162949563,-0.70,20503
103/09/30,44.60,46.20,43.65,45.20,101200170,4543928004,2.00,27393
103/10/01,44.95,45.75,44.60,44.95,56082550,2530969885,-0.25,16938
103/10/02,45.90,47.30,45.70,47.05,105702690,4928896341,2.10,29355
103/10/03,47.00,47.10,46.50,46.95,50806764,2376639041,-0.10,15445
103/10/06,45.50,45.80,43.70,43.80,115962900,5161615050,-3.15,33878
103/10/07,42.50,43.45,41.80,43.10,65141780,2778189704,-0.70,21963
103/10/08,43.00,43.85,42.10,42.25,40856850,1758934354,-0.85,14145
103/10/09,43.45,43.45,41.75,41.75,40449807,1722531772,-0.50,12428
103/10/13,38.85,39.45,38.85,38.85,72747395,2835101366,-2.90,16371
103/10/14,38.90,39.70,38.65,39.00,74098928,2893281327,0.15,20247
103/10/15,39.50,41.40,39.50,40.35,92631781,3719786321,1.35,26387
103/10/16,40.35,43.15,39.70,42.95,102768872,4273937396,2.60,30551
103/10/17,43.25,43.95,40.70,40.70,104803273,4480564393,-2.25,31723
103/10/20,43.00,43.50,42.10,43.50,66553895,2856790773,2.80,21012
103/10/21,43.60,43.95,43.05,43.20,61151892,2661320165,-0.30,18553
103/10/22,44.60,44.80,42.70,42.95,72180166,3163894779,-0.25,21181
103/10/23,42.95,43.70,42.55,43.20,33726118,1453609595,0.25,11207
103/10/24,43.80,44.00,42.95,42.95,50582295,2197432463,-0.25,15256
103/10/27,43.80,44.25,43.05,43.15,50642611,2211138558,0.20,15658
103/10/28,44.75,46.10,44.40,46.10,103731203,4687490736,2.95,29347
103/10/29,46.40,48.75,46.30,47.70,117048657,5578544115,1.60,36253
103/10/30,47.50,47.50,45.65,45.80,112654599,5226811904,-1.90,35106
103/10/31,45.80,46.85,45.20,46.75,67674451,3138675730,0.95,22257
103/11/03,47.50,48.20,46.70,46.75,62820442,2977339855,,20363
103/11/04,47.60,48.05,47.20,47.55,57235071,2726557310,0.80,17473
103/11/05,48.00,48.30,47.15,47.65,55969201,2674643745,0.10,16688
103/11/06,47.95,48.00,46.20,46.30,43265941,2027373656,-1.35,15287
103/11/07,46.60,47.20,45.60,47.20,50199310,2336982770,0.90,16343
103/11/10,47.80,48.20,47.30,47.30,46881511,2238969611,0.10,14491
103/11/11,47.70,47.80,46.00,46.50,50477365,2356584331,-0.80,15809
103/11/12,46.35,46.80,45.55,45.60,51353101,2366635419,-0.90,16372
103/11/13,45.90,46.50,45.65,46.40,31456165,1449263252,0.80,11137
103/11/14,46.80,47.45,46.50,46.50,43612480,2046221617,0.10,13994
103/11/17,46.90,46.90,43.50,44.00,86623858,3892535402,-2.50,29165
103/11/18,43.20,43.20,42.15,42.30,100535496,4285404969,-1.70,29846
103/11/19,43.05,43.90,42.85,42.95,68026655,2949594365,0.65,19595
103/11/20,43.45,44.75,43.25,44.75,54769127,2405197572,1.80,17020
103/11/21,44.80,45.65,44.80,45.10,54798094,2479317980,0.35,16302
103/11/24,45.70,46.10,43.85,43.90,48382195,2167713980,-1.20,16868
103/11/25,44.90,45.70,44.30,45.65,61664854,2785307800,1.75,18188
103/11/26,45.65,45.90,44.95,45.60,38346637,1742284109,-0.05,11130
103/11/27,46.50,47.40,46.50,47.40,87544828,4114387341,1.80,25495
103/11/28,47.50,47.85,46.60,46.80,56339504,2653635376,-0.60,16296
103/12/01,45.00,47.25,45.00,47.25,53418431,2489697613,0.45,15535
103/12/02,46.80,46.95,45.80,46.30,39825750,1840123573,-0.95,13224
103/12/03,46.80,47.75,46.75,46.85,55955234,2638639831,0.55,16809
103/12/04,47.20,49.25,47.20,48.90,105459470,5096280560,2.05,30156
103/12/05,49.00,49.30,47.80,48.15,56819496,2748134125,-0.75,18136
103/12/08,48.90,49.00,47.85,47.85,42037192,2026973428,-0.30,12214
103/12/09,47.50,47.50,45.35,45.60,74129683,3419731318,-2.25,24342
103/12/10,45.40,46.20,45.15,46.00,37766024,1729039254,0.40,13410
103/12/11,45.50,46.20,45.05,46.10,30573745,1398789638,0.10,10271
103/12/12,46.40,46.80,45.65,45.65,25993383,1201457468,-0.45,9190
103/12/15,45.00,46.30,44.80,46.30,30186268,1367993256,0.65,10087
103/12/16,45.90,46.40,45.35,45.45,27233318,1246973228,-0.85,9711
103/12/17,45.95,45.95,45.15,45.30,27122712,1234231504,-0.15,8894
103/12/18,45.80,46.20,45.10,45.10,22937186,1046244551,-0.20,7870
103/12/19,46.20,46.30,44.10,45.10,45613164,2067526993,,13924
103/12/22,46.55,47.80,46.40,47.60,82252292,3870949772,2.50,22877
103/12/23,47.55,47.55,46.75,47.05,40159653,1890814314,-0.55,12054
103/12/24,46.85,47.65,46.50,47.65,41420414,1957711806,0.60,11362
103/12/25,47.60,47.75,47.15,47.15,19145818,907863259,-0.50,6565
103/12/26,47.40,48.25,46.85,47.80,32575178,1552871902,0.65,10968
103/12/27,48.20,48.20,47.60,48.00,21499480,1029486340,0.20,5098
103/12/29,49.00,50.80,49.00,50.00,115003341,5772463650,2.00,30073
103/12/30,50.60,51.40,50.10,50.20,90309701,4580287021,0.20,24204
103/12/31,50.20,50.50,49.80,50.20,38042838,1904712817,,11250
104/01/05,50.00,52.30,49.75,51.50,70107799,3586625885,1.30,21934
104/01/06,50.40,51.20,49.50,49.60,65068647,3274746459,-1.90,21377
104/01/07,48.80,49.40,48.25,49.25,62075261,3036599096,-0.35,19242
104/01/08,49.45,50.30,49.45,49.60,42984846,2141753157,0.35,14346
104/01/09,50.80,51.00,48.85,49.00,48553614,2432573736,-0.60,15629
104/01/12,49.00,49.60,48.75,49.45,25379437,1249404251,0.45,8243
104/01/13,48.30,48.75,47.80,47.80,59074609,2847595589,-1.65,20150
104/01/14,46.80,47.20,46.20,47.00,67166049,3138559324,-0.80,22229
104/01/15,46.90,47.50,46.25,47.35,49134592,2310011572,0.35,17430
104/01/16,46.65,46.65,45.50,45.50,66560224,3052802076,-1.85,24314
104/01/19,45.00,45.50,42.45,42.90,85645340,3761495751,-2.60,28810
104/01/20,43.00,45.25,42.90,45.20,57260075,2542434377,2.30,22508
104/01/21,45.50,46.00,44.40,44.65,48114934,2171631230,-0.55,16135
104/01/22,45.30,45.90,44.95,45.20,34646030,1573862156,0.55,12114
104/01/23,45.60,46.20,45.30,46.05,44501419,2039156282,0.85,12729
104/01/26,46.30,47.50,46.10,47.50,53182199,2494947148,1.45,17534
104/01/27,48.00,48.30,47.35,47.55,49291583,2352226459,0.05,16339
104/01/28,48.00,48.15,47.10,47.60,66330746,3168321852,0.05,19187
104/01/29,47.15,47.40,46.55,46.80,34524100,1618695388,-0.80,11877
104/01/30,47.20,47.25,46.35,46.35,20752851,969872965,-0.45,6783
104/02/02,46.30,46.70,45.70,45.90,15762234,724869464,-0.45,6251
104/02/03,45.40,46.70,45.05,46.65,28506262,1313142513,0.75,11602
104/02/04,47.00,47.15,46.45,46.70,24699489,1154856334,0.05,7530
104/02/05,47.00,47.15,46.55,46.95,23875619,1121019954,0.25,7235
104/02/06,47.10,47.25,46.60,46.70,16414396,767791836,-0.25,6111
104/02/09,46.70,46.70,45.60,46.00,20474522,942149707,-0.70,7797
104/02/10,46.00,46.50,45.60,46.40,16320044,754567339,0.40,6093
104/02/11,46.90,47.15,44.25,44.70,71377320,3255696950,-1.70,22658
104/02/12,45.10,46.05,44.75,45.90,30871733,1402681587,1.20,11559
104/02/13,46.20,46.20,45.70,45.80,22864593,1050005555,-0.10,6929
104/02/24,46.45,46.45,45.20,46.20,32674663,1499482923,0.40,12570
104/02/25,46.30,47.20,46.20,46.80,46099095,2154840683,0.60,13578
104/02/26,46.20,46.75,46.00,46.35,25204481,1168695935,-0.45,7325
104/03/02,46.30,46.50,45.55,45.90,27117151,1245728725,-0.45,8326
104/03/03,46.30,46.30,45.80,46.05,15356529,706600784,0.15,4635
104/03/04,45.10,45.75,45.05,45.45,28295396,1283494464,-0.60,9754
104/03/05,45.45,45.70,45.25,45.25,16438102,745793414,-0.20,6246
104/03/06,45.60,45.65,45.20,45.50,13726656,623527142,0.25,4400
104/03/09,45.40,45.40,44.50,44.50,18046072,809815624,-1.00,7035
104/03/10,44.40,44.95,43.65,44.35,20400614,903354553,-0.15,8035
104/03/11,43.50,44.20,43.50,43.80,14494237,635245694,-0.55,5861
104/03/12,44.30,45.20,44.10,44.70,18243106,815084620,0.90,7037
104/03/13,44.50,44.55,43.60,43.65,29490835,1297008001,-1.05,12118
104/03/16,43.60,44.15,43.60,43.65,12146556,532026826,,4523
104/03/17,44.00,44.15,42.80,42.90,22851071,992566953,-0.75,7709
104/03/18,42.60,43.25,42.30,42.85,35075892,1501164502,-0.05,10500
104/03/19,43.60,44.05,43.45,43.85,28447588,1244789915,1.00,10212
104/03/20,43.60,43.65,43.10,43.45,18288413,791860030,-0.40,6027
104/03/23,44.30,44.45,43.90,43.90,25150625,1108572982,0.45,8672
104/03/24,43.90,44.00,42.95,43.25,23941190,1037334564,-0.65,7730
104/03/25,43.10,43.15,42.30,42.40,26185204,1116113615,-0.85,9195
104/03/26,41.20,41.95,41.20,41.80,31416545,1308042735,-0.60,9984
104/03/27,41.75,41.80,39.40,39.80,64341455,2599285200,-2.00,21897
104/03/30,40.30,40.95,40.00,40.00,30393792,1227930255,0.20,11540
104/03/31,40.40,41.75,39.35,41.75,43316469,1760143023,1.75,15382
104/04/01,41.45,41.50,40.40,40.55,27164119,1110858296,-1.20,10162
104/04/02,41.00,41.60,40.50,40.50,47951085,1966090685,-0.05,13931
104/04/07,40.70,40.85,39.00,39.20,48648579,1926905243,-1.30,17109
104/04/08,38.60,38.60,36.50,36.70,103326200,3837167488,-2.50,32169
104/04/09,36.70,37.90,36.70,36.95,55848529,2083826262,0.25,18606
104/04/10,38.00,38.20,37.35,37.90,45267011,1709493802,0.95,15161
104/04/13,38.00,40.20,38.00,40.20,80986250,3176770335,2.30,24572
104/04/14,40.20,40.90,39.60,40.50,47696825,1923173340,0.30,16713
104/04/15,40.20,40.50,39.50,39.60,33942418,1353233072,-0.90,12099
104/04/16,40.00,40.10,39.20,39.45,26093352,1032717568,-0.15,8918
104/04/17,39.50,39.65,38.80,38.85,25646103,1001949390,-0.60,8916
104/04/20,39.25,39.85,39.00,39.15,24871009,980326946,0.30,8272
104/04/21,39.70,39.70,38.90,39.00,18332289,720493176,-0.15,6532
104/04/22,39.50,40.00,39.20,39.95,28790057,1143192872,0.95,9651
104/04/23,40.70,40.85,40.10,40.30,30430460,1230599886,0.35,9760
104/04/24,39.90,40.10,38.85,39.90,48977736,1935528699,-0.40,14266
104/04/27,39.90,40.20,39.75,40.00,22054991,882913090,0.10,6877
104/04/28,40.00,40.20,38.75,38.75,24962473,978058995,-1.25,9850
104/04/29,36.05,36.05,36.05,36.05,20493606,738794470,-2.70,4899
104/04/30,34.90,35.85,34.90,35.55,64245303,2270540825,-0.50,17421
104/05/04,35.55,36.45,34.90,34.90,41736542,1483970420,-0.65,14646
104/05/05,34.20,34.65,32.50,32.60,84232915,2783830705,-2.30,25131
104/05/06,32.60,33.60,31.60,33.60,101326092,3315220328,1.00,28769
104/05/07,33.25,33.40,32.75,32.85,43900131,1450470823,-0.75,12444
104/05/08,33.20,33.35,32.35,32.45,34727980,1138072339,-0.40,10436
104/05/11,33.10,33.25,30.35,30.45,58872239,1849882507,-2.00,16847
104/05/12,30.45,32.55,30.45,32.55,82484758,2608997464,2.10,21522
104/05/13,32.80,34.80,32.75,34.80,104779674,3550614093,2.25,30053
104/05/14,34.95,35.25,34.00,34.25,71718897,2486948978,-0.55,24220
104/05/15,34.45,34.75,33.50,33.50,39239590,1334294196,-0.75,12511
104/05/18,33.50,33.50,32.20,32.35,46380305,1515767356,-1.15,13838
104/05/19,32.35,33.90,32.35,33.70,39623094,1320307358,1.35,14202
104/05/20,33.60,34.70,33.60,33.90,60308102,2060594918,0.20,18369
104/05/21,33.60,34.40,33.10,34.10,42959536,1456207473,0.20,13220
104/05/22,34.60,36.15,34.60,35.35,81853320,2911272118,1.25,24109
104/05/25,35.25,35.85,34.80,34.95,37838095,1339327324,-0.40,11597
104/05/26,35.65,35.95,35.05,35.70,31523623,1119914297,0.75,10400
104/05/27,35.50,36.20,35.15,35.60,34561078,1235653920,-0.10,10255
104/05/28,36.30,37.30,35.90,36.00,73044152,2674532972,0.40,22503
104/05/29,36.30,36.60,35.60,36.20,34556478,1246502551,0.20,10343
104/06/01,35.80,35.90,33.50,33.85,56155334,1935596217,-2.35,18444
104/06/02,34.00,35.20,33.95,34.80,39297116,1367566248,0.95,12082
104/06/03,34.50,34.70,33.60,33.70,47024047,1594310386,-1.10,14130
104/06/04,33.05,33.40,32.05,32.40,57616006,1884588341,-1.30,16871
104/06/05,31.80,32.30,31.20,31.55,53819195,1702281807,-0.85,15174
104/06/08,31.55,33.05,31.10,32.50,50220280,1617732128,0.95,14661
104/06/09,32.20,32.45,30.80,30.95,42330238,1338269878,-1.55,14454
104/06/10,31.40,31.95,31.15,31.25,34047941,1072529439,0.30,10065
104/06/11,31.45,31.90,31.05,31.50,33988345,1072330665,0.25,10039
104/06/12,31.00,31.55,30.75,30.80,25910568,803333897,-0.70,8494
104/06/15,30.80,31.45,29.90,30.30,29717350,905269224,-0.50,10297
104/06/16,29.80,29.80,28.60,29.35,76622488,2229396862,-0.95,20043
104/06/17,29.30,29.35,28.15,28.25,66372843,1902830139,-1.10,18998
104/06/18,28.55,29.15,28.35,28.35,41768372,1198846450,0.10,13801
104/06/22,28.50,28.75,27.80,27.80,64008916,1805719490,-0.55,15025
104/06/23,28.50,28.70,28.20,28.20,62731107,1780233346,0.40,14451
104/06/24,28.20,28.30,26.15,26.40,81725286,2203451873,-1.80,25099
104/06/25,26.60,27.20,25.15,26.40,101101128,2642113882,,27954
104/06/26,25.40,27.35,25.20,26.95,120756422,3208859513,0.55,28441
104/06/29,25.40,25.95,24.60,24.75,106765078,2693834000,-2.20,25608
104/06/30,24.70,25.45,24.60,24.60,81110977,2026198975,-0.15,18057
104/07/01,25.10,25.25,24.80,24.85,48555205,1214105950,0.25,11400
104/07/02,25.00,25.70,24.85,25.40,107310178,2720529341,0.55,24469
104/07/03,25.45,25.55,24.70,24.70,84410463,2113189925,-0.70,20259
104/07/06,24.70,24.95,22.25,22.25,133406527,3126755356,-2.45,33855
104/07/07,22.40,22.80,20.90,22.10,174326545,3834574986,-0.15,35925
104/07/08,22.50,22.60,21.60,22.00,121383896,2688955076,-0.10,27654
104/07/09,21.00,21.75,20.75,21.00,93432092,1976457593,-1.00,22011
104/07/13,21.60,21.80,20.65,20.65,90780201,1925607526,-0.35,19172
104/07/14,21.00,22.70,21.00,22.70,235785214,5280627703,2.05,35657
104/07/15,23.10,23.35,21.70,21.80,171517650,3841791604,-0.90,35138
104/07/16,21.95,22.00,20.85,21.15,110939914,2353999373,-0.65,24013
104/07/17,21.50,21.70,20.90,20.90,83008136,1771935922,-0.25,16679
104/07/20,21.25,21.35,19.90,20.05,75761650,1559188223,-0.85,17070
104/07/21,20.10,21.20,19.95,21.10,108256082,2218134222,1.05,21915
104/07/22,20.50,20.65,20.10,20.10,58905132,1198640711,-1.00,13600
104/07/23,19.90,19.90,18.25,18.65,145428128,2781696747,-1.45,28660
104/07/24,19.25,19.55,19.05,19.05,95551653,1842543714,0.40,19964
104/07/27,18.65,18.95,17.15,17.15,115904302,2069732887,-1.90,24195
104/07/28,17.40,18.80,17.35,18.70,113519022,2057461700,1.55,24632
104/07/29,19.20,19.45,18.00,18.10,145748532,2746509890,-0.60,29019
104/07/30,18.45,18.80,18.00,18.50,85151349,1566748287,0.40,19494
104/07/31,18.65,19.05,18.25,19.05,70518191,1313257846,0.55,17435
104/08/03,19.55,19.90,19.15,19.15,138290987,2693931693,0.10,25076
104/08/04,19.30,19.30,18.00,18.10,90218058,1667547805,-1.05,20081
104/08/05,18.45,19.10,18.25,19.05,64508995,1210297448,0.95,15557
104/08/06,18.90,19.00,18.35,18.50,49131213,913853857,-0.55,12995
104/08/07,18.15,18.40,17.85,18.30,58572600,1061548137,-0.20,11600
104/08/10,18.30,19.10,17.90,18.60,63599177,1180871006,0.30,14225
104/08/11,18.85,18.95,18.00,18.00,68172829,1255878049,-0.60,15578
104/08/12,17.80,18.65,17.60,18.50,75626207,1378903902,0.50,15130
104/08/13,18.90,19.85,18.60,19.85,119861798,2299845731,1.35,24940
104/08/14,19.60,20.30,19.30,19.85,89403215,1769215983,,21781
104/08/17,19.25,19.50,18.45,18.70,77438287,1470571956,-1.15,18598
104/08/18,18.70,19.15,18.65,18.65,40478516,761895695,-0.05,10453
104/08/19,18.05,18.15,17.45,17.60,91884189,1634858412,-1.05,19721
104/08/20,17.50,18.15,17.40,17.95,63471771,1136833130,0.35,13240
104/08/21,17.40,17.95,17.25,17.25,80376438,1413253663,-0.70,16185
104/08/24,17.80,18.00,17.10,17.40,146647330,2572472498,0.15,28375
104/08/25,17.65,18.60,17.30,18.60,108257948,1946454135,1.20,22722
104/08/26,18.25,18.55,17.80,18.10,61056627,1109303147,-0.50,12809
104/08/27,18.55,18.60,17.85,17.90,60764479,1109566368,-0.20,13803
104/08/28,18.80,19.35,18.70,18.80,115140962,2186784379,0.90,25211
104/08/31,19.05,19.75,18.75,19.60,108735946,2110052476,0.80,21828
104/09/01,19.60,20.15,19.45,19.75,109709691,2178834879,0.15,21567
104/09/02,19.50,21.65,19.35,21.40,136668157,2802038149,1.65,30318
104/09/03,21.60,23.50,21.60,23.20,239379269,5441181424,1.80,46730
104/09/04,23.55,24.20,22.20,22.20,215554054,4999015120,-1.00,43220
104/09/07,22.00,23.20,22.00,23.05,174845717,3953719462,0.85,26665
104/09/08,22.80,23.00,22.40,22.95,72367931,1644644956,-0.10,15711
104/09/09,24.20,24.40,23.70,23.70,131618340,3155760332,0.75,26890
104/09/10,23.40,24.10,23.25,23.65,81320690,1926827818,-0.05,18548
104/09/11,23.30,23.60,22.75,22.75,91597382,2109214169,-0.90,20813
104/09/14,22.85,23.10,22.10,22.10,68939860,1547322644,-0.65,16137
104/09/15,22.45,23.00,22.35,23.00,94851137,2157064531,0.90,19722
104/09/16,23.60,23.75,22.60,22.60,100999681,2341563254,-0.40,21532
104/09/17,23.00,23.30,22.80,22.80,70589132,1621160455,0.20,16400
104/09/18,22.90,23.45,22.75,23.15,77705823,1799681229,0.35,15642
104/09/21,22.95,23.05,22.50,22.55,76512260,1737586655,-0.60,16136
104/09/22,22.80,23.05,22.70,22.70,50153401,1145802780,0.15,10127
104/09/23,22.55,22.60,21.55,21.55,79602124,1749685408,-1.15,18488
104/09/24,21.35,21.55,20.15,20.45,154305945,3192598015,-1.10,32748
104/09/25,20.20,20.80,19.80,20.65,87280481,1778503073,0.20,19799
104/09/30,20.00,20.60,19.80,20.55,81468380,1640308453,-0.10,15881
104/10/01,21.30,21.45,21.00,21.30,61376600,1305380130,0.75,15207
104/10/02,21.55,22.30,21.40,22.25,101143768,2213432731,0.95,23197
104/10/05,23.25,24.05,23.10,23.35,171058912,4025170934,1.10,33266
104/10/06,23.40,23.55,22.30,22.70,133837585,3074439142,-0.65,27074
104/10/07,23.30,24.90,23.30,24.85,153818046,3684257062,2.15,35218
104/10/08,25.10,25.35,23.80,23.80,129274280,3168932401,-1.05,26699
104/10/12,24.00,24.40,23.50,24.40,65699938,1578586881,0.60,14491
104/10/13,24.10,24.40,23.95,24.25,53051035,1281702745,-0.15,9340
104/10/14,24.30,25.40,24.30,24.45,98213838,2451287472,0.20,20446
104/10/15,24.85,25.10,24.35,24.35,68144210,1681912395,-0.10,14342
104/10/16,24.50,24.55,23.75,24.00,61777101,1483639327,-0.35,13839
104/10/19,24.00,24.30,23.85,24.00,33160878,795624872,,7991
104/10/20,24.45,24.85,24.10,24.10,53490269,1307417144,0.10,11938
104/10/21,22.95,22.95,22.20,22.80,112804001,2549409623,-1.30,23255
104/10/22,22.60,23.30,22.55,22.90,46183187,1060784107,0.10,11046
104/10/23,23.50,23.55,22.85,22.85,35711507,828256827,-0.05,9159
104/10/26,23.35,23.60,23.10,23.55,36334764,851503735,0.70,9096
104/10/27,23.50,24.30,23.25,23.90,61482035,1469216275,0.35,12801
104/10/28,24.20,24.20,23.60,23.75,50329114,1201863786,-0.15,11884
104/10/29,24.15,24.65,23.95,24.25,65555769,1595222511,0.50,18068
104/10/30,24.15,25.10,24.00,25.10,82489595,2030805747,0.85,17022
104/11/02,25.10,25.30,24.60,25.05,61546771,1538305411,-0.05,13453
104/11/03,25.10,26.05,24.95,26.00,111609121,2874300296,0.95,23194
104/11/04,26.60,27.30,26.50,26.80,102672291,2760316826,0.80,24037
104/11/05,26.50,26.95,26.40,26.80,51490849,1375886148,,12561
104/11/06,26.60,26.75,26.05,26.15,64841272,1706999373,-0.65,15288
104/11/09,26.30,26.65,25.60,25.80,58767716,1536326083,-0.35,14191
104/11/10,25.45,25.80,24.90,25.80,57717170,1459268467,,13675
104/11/11,25.90,26.35,24.60,24.60,76983140,1957945824,-1.20,17186
104/11/12,25.00,25.45,24.40,25.35,55425800,1384791675,0.75,12449
104/11/13,24.80,25.30,23.55,23.55,87658620,2128932422,-1.80,19132
104/11/16,22.85,24.45,22.85,24.40,50903660,1192469186,0.85,11940
104/11/17,24.85,24.85,23.60,23.60,64515020,1564358229,-0.80,15093
104/11/18,23.80,24.20,23.70,24.20,44891080,1076330835,0.60,11144
104/11/19,24.60,24.75,24.30,24.35,50451415,1238195872,0.15,11196
104/11/20,24.10,24.20,23.70,23.75,34903982,834871220,-0.60,9310
104/11/23,23.60,23.75,22.60,22.60,83202476,1902079745,-1.15,19821
104/11/24,22.50,22.80,22.20,22.45,53743954,1209405154,-0.15,14137
104/11/25,22.60,22.75,22.35,22.45,34280241,772082929,,8338
104/11/26,22.80,23.40,22.70,23.10,47314958,1092768779,0.65,11234
104/11/27,23.30,23.40,22.50,22.50,38433985,879321361,-0.60,9760
104/11/30,22.10,22.35,21.60,22.10,49606221,1093644277,-0.40,10048
104/12/01,22.95,23.30,22.80,23.00,49863305,1146894365,0.90,13188
104/12/02,23.30,23.45,22.90,23.10,33117177,767507276,0.10,8676
104/12/03,23.00,23.85,22.80,23.70,50907621,1197212630,0.60,13546
104/12/04,23.40,23.60,23.20,23.40,31733331,741693273,-0.30,9037
104/12/07,23.70,23.70,22.90,22.90,30423369,705910994,-0.50,8769
104/12/08,22.20,22.35,21.85,22.00,63420934,1400053583,-0.90,16466
104/12/09,22.00,22.20,21.75,21.80,34448450,755287604,-0.20,8946
104/12/10,21.75,21.75,20.80,20.80,49470384,1045034996,-1.00,15059
104/12/11,21.00,21.55,20.50,21.55,38852520,821447850,0.75,10261
104/12/14,21.35,23.35,21.35,23.00,130786054,2969596997,1.45,29649
104/12/15,25.30,25.30,25.30,25.30,7080976,179148681,2.30,2163
104/12/16,27.80,27.80,27.80,27.80,67512335,1876842892,2.50,13674
104/12/17,28.50,28.50,27.90,27.90,255081406,7171849073,0.10,39158
104/12/18,28.05,28.20,27.95,28.00,73456203,2059025745,0.10,15317
104/12/21,28.00,28.10,27.85,27.85,39545765,1105074977,-0.15,7254
104/12/22,27.95,27.95,27.40,27.50,53168671,1470171894,-0.35,11573
104/12/23,27.70,27.75,27.50,27.55,27653231,763339646,0.05,8961
104/12/24,27.60,27.65,27.30,27.30,35299841,968690456,-0.25,10192
104/12/25,27.40,27.80,27.40,27.55,29126385,805505340,0.25,5827
104/12/28,27.75,27.75,27.60,27.70,18970015,525183854,0.15,2677
104/12/29,27.75,27.80,27.60,27.65,18171115,502993061,-0.05,2617
104/12/30,27.70,27.90,27.65,27.85,25272285,702069501,0.20,4186
104/12/31,27.85,28.00,27.85,27.95,25635940,716759563,0.10,3881
105/01/04,28.00,28.15,28.00,28.10,31958275,897411467,0.15,7303
105/01/05,28.10,28.15,28.05,28.05,28816036,809057556,-0.05,5479
105/01/06,28.10,28.15,28.00,28.10,28757263,807552467,0.05,5552
105/01/07,28.05,28.15,28.05,28.10,35815578,1006846535,,6190
105/01/08,28.10,28.20,28.10,28.10,24461099,688133772,,3431
105/01/11,28.10,28.15,28.05,28.10,24343597,684348433,,4152
105/01/12,28.10,28.20,28.05,28.10,26660171,749613298,,4107
105/01/13,28.10,28.15,28.10,28.10,13885068,390355998,,3226
105/01/14,28.10,28.20,28.10,28.15,18617352,523627932,0.05,3125
105/01/15,28.20,28.35,28.15,28.25,21696505,612656562,0.10,4012
105/01/18,28.20,28.60,28.20,28.40,14990010,424522327,0.15,3230
105/01/19,28.45,28.70,28.45,28.70,15585937,445321286,0.30,2620
105/01/20,28.70,28.70,28.45,28.50,20868945,596193674,-0.20,3348
105/01/21,28.55,28.55,28.40,28.45,23048926,656447439,-0.05,4208
105/01/22,28.50,28.50,28.40,28.40,31671517,901117129,-0.05,4822
105/01/25,28.45,28.50,28.40,28.40,14269159,405707863,,1964
105/01/26,28.40,28.45,28.35,28.40,18782965,533252203,,2378
105/01/27,28.35,28.40,28.20,28.20,16323431,461491702,-0.20,3200
105/01/28,28.25,28.35,28.20,28.30,7731979,218737086,0.10,1476
105/01/29,28.30,28.40,28.25,28.40,16250404,460779529,0.10,2346
105/01/30,28.45,28.45,28.35,28.40,5834571,165732386,,1327
105/02/01,28.40,28.50,28.35,28.45,18170668,516873749,0.05,3707
105/02/02,28.50,28.50,28.35,28.45,20292226,576609845,,5211
105/02/03,28.40,28.40,28.30,28.30,19702315,558759727,-0.15,7823
105/02/15,28.65,28.70,28.45,28.50,44658193,1275486398,0.20,6177
105/02/16,28.50,28.60,28.45,28.55,10572295,301524355,0.05,2214
105/02/17,28.55,28.60,28.45,28.45,11081236,315949122,-0.10,3086
105/02/18,28.55,28.60,28.45,28.50,18397487,524364349,0.05,3589
105/02/19,28.45,28.50,28.30,28.35,36877688,1046674764,-0.15,6054
105/02/22,28.35,28.40,28.30,28.35,16340262,463432024,,2937
105/02/23,28.35,28.50,28.35,28.40,20377268,579035259,0.05,2836
105/02/24,28.40,28.45,28.35,28.35,17320371,491660014,-0.05,2973
105/02/25,28.40,28.45,28.30,28.30,17562913,497682971,-0.05,4325
105/02/26,28.40,28.50,28.30,28.50,10927320,310650081,0.20,2013
105/03/01,28.40,28.45,28.35,28.40,10092793,286665167,-0.10,3229
105/03/02,28.45,28.45,28.35,28.45,12111701,344190755,0.05,3201
105/03/03,28.45,28.55,28.40,28.55,14092515,401639270,0.10,3422
105/03/04,28.55,28.60,28.50,28.55,8291521,236711068,,2287
105/03/07,28.60,28.75,28.60,28.70,12700672,364204065,0.15,2175
105/03/08,28.65,28.70,28.50,28.55,16528913,472385162,-0.15,4369
105/03/09,28.55,28.65,28.50,28.60,14338320,406115782,0.05,2328
105/03/10,28.60,28.65,28.55,28.60,4944619,141336501,,1642
105/03/11,28.60,28.65,28.55,28.60,11068542,313212221,,2402
105/03/14,28.65,28.70,28.60,28.60,7096865,203311434,,1773
105/03/15,28.60,28.70,28.60,28.70,11992235,343744912,0.10,2421
105/03/16,28.70,28.85,28.65,28.80,10804201,310882634,0.10,3077
105/03/17,28.80,28.90,28.75,28.85,15968360,460078928,0.05,4513
105/03/18,28.90,28.95,28.80,28.95,15288030,438384411,0.10,3411
105/03/21,28.90,28.95,28.80,28.80,10992370,317015301,-0.15,2466
105/03/22,28.85,28.90,28.80,28.90,9026374,260368352,0.10,1445
105/03/23,28.90,28.95,28.80,28.85,9702625,280000245,-0.05,1846
105/03/24,28.85,29.00,28.85,29.00,6071757,175697910,0.15,1673
105/03/25,29.00,29.00,28.90,29.00,6000579,173864955,,1692
105/03/28,29.00,29.10,29.00,29.00,7270610,211093140,,2142
105/03/29,29.05,29.10,29.00,29.00,11832344,343418826,,3548
105/03/30,29.05,29.20,29.05,29.20,9476780,276327043,0.20,2478
105/03/31,29.20,29.25,29.15,29.15,10715517,312508460,-0.05,3209
105/04/01,29.15,29.20,29.10,29.15,7890468,229856635,,2371
105/04/06,29.10,29.15,29.00,29.00,26319852,765194858,-0.15,3092
105/04/07,29.05,29.05,28.95,28.95,13690431,396779122,-0.05,2760
105/04/08,28.95,29.00,28.90,29.00,8760689,253658390,0.05,1293
105/04/11,29.00,29.05,28.95,29.05,7624216,221215318,0.05,1452
105/04/12,29.00,29.10,29.00,29.00,10573207,306736196,-0.05,1163
105/04/13,29.00,29.15,28.90,29.15,27746879,804266326,0.15,4755
105/04/14,29.15,29.15,28.95,29.00,27858098,810053542,-0.15,3524
105/04/15,29.00,29.25,29.00,29.20,21684021,631219502,0.20,2835
105/04/18,29.10,29.20,29.10,29.15,6929752,202105462,-0.05,1198
105/04/19,29.15,29.20,29.15,29.15,7939147,231525026,,1242
105/04/20,29.15,29.20,29.15,29.15,15003755,437503302,,3518
105/04/21,29.20,29.25,29.20,29.20,15029799,438969538,0.05,3481
105/04/22,29.20,29.30,29.20,29.25,13021154,380585843,0.05,3008
105/04/25,29.25,29.30,29.25,29.25,9730456,284707286,,1531
105/04/26,29.30,29.35,29.25,29.30,9937961,291139506,0.05,2737
105/04/27,29.35,29.35,29.30,29.30,6756091,198017211,,2060
105/04/28,29.35,29.35,29.30,29.30,7914881,231950410,,3425
105/04/29,29.30,29.35,29.30,29.30,8959194,259658831,,2974
105/05/03,29.30,29.35,29.30,29.30,13132110,384813118,,3065
105/05/04,29.30,29.35,29.30,29.35,9039869,265010007,0.05,2137
105/05/05,29.30,29.35,29.20,29.25,28819831,844112501,-0.10,3344
105/05/06,29.25,29.30,29.25,29.30,7518875,220033633,0.05,1906
105/05/09,29.30,29.35,29.25,29.35,7540051,221029537,0.05,2594
105/05/10,29.30,29.35,29.30,29.30,6905240,202392275,-0.05,2718
105/05/11,29.35,29.35,29.30,29.35,8585621,251692494,0.05,3488
105/05/12,29.30,29.35,29.30,29.30,11006248,308318661,-0.05,2602
105/05/13,29.30,29.40,29.30,29.40,10929392,320738103,0.10,4133
105/05/16,29.35,29.45,29.35,29.45,29050498,856147988,0.05,2998
105/05/17,29.45,29.50,29.45,29.45,18355208,542217122,,2338
105/05/18,29.45,29.50,29.30,29.40,17849222,525726019,-0.05,2824
105/05/19,29.40,29.40,29.30,29.35,6516000,191195746,-0.05,1858
105/05/20,29.35,29.40,29.30,29.30,7718282,226298308,-0.05,2091
105/05/23,29.30,29.45,29.30,29.40,4122076,121134027,0.10,1245
105/05/24,29.40,29.50,29.40,29.40,4533157,133390410,,2015
105/05/25,29.40,29.45,29.35,29.40,4888918,143631922,,1489
105/05/26,29.35,29.40,29.35,29.35,5184127,152275926,-0.05,1125
105/05/27,29.40,29.40,29.30,29.35,6927748,203369901,,1945
105/05/30,29.35,29.35,29.20,29.25,18006262,526918001,-0.10,3874
105/05/31,29.25,29.30,29.15,29.15,33759637,984883596,-0.10,4234
105/06/01,29.45,29.50,29.35,29.40,23057649,678576640,0.25,3060
105/06/02,29.40,29.45,29.35,29.35,13808663,405908837,-0.05,1841
105/06/03,29.35,29.40,29.30,29.35,7821065,229419953,,2563
105/06/04,29.35,29.40,29.30,29.35,1552538,45563337,,290
105/06/06,29.30,29.35,29.20,29.30,18131600,530704980,-0.05,4669
105/06/07,29.30,29.35,29.20,29.25,14961160,438231229,-0.05,2521
105/06/08,29.30,29.40,29.30,29.40,9235999,270969068,0.15,1966
105/06/13,26.50,26.50,26.50,26.50,16751982,468302519,-2.90,1077
105/06/14,23.85,23.85,23.85,23.85,11078911,264232019,-2.65,1463
105/06/15,21.50,23.75,21.50,23.25,393695520,8741649113,-0.60,61878
105/06/16,23.35,24.15,23.15,23.75,114906950,2733173303,0.50,25733
105/06/17,24.30,26.10,24.10,26.10,188565281,4797943423,2.35,33117
105/06/20,25.70,26.15,24.80,25.45,112808179,2887108777,-0.65,21089
105/06/21,25.50,25.85,25.05,25.65,50272678,1283775484,0.20,10992
105/06/22,26.70,27.80,25.65,25.65,111220183,2951320058,,23481
105/06/23,26.00,26.15,25.55,25.70,28651401,740646891,0.05,7867
105/06/24,25.90,26.25,24.35,25.20,56097200,1429671190,-0.50,13874
105/06/27,25.25,25.70,25.15,25.65,22005522,560714210,0.45,6868
105/06/28,25.55,25.90,25.50,25.70,14525304,373956558,0.05,4363
105/06/29,25.90,26.10,25.45,25.45,15063902,387262240,-0.25,5117
105/06/30,25.65,25.70,25.10,25.10,18052322,457354311,-0.35,5172
105/07/01,25.15,25.25,23.85,23.95,79295477,1915073367,-1.15,17176
105/07/04,24.00,24.70,23.75,24.55,32205818,785619588,0.60,10575
105/07/05,24.20,24.45,24.15,24.35,9773700,237383484,-0.20,4215
105/07/06,24.30,24.30,23.85,23.85,12695100,304994310,-0.50,4600
105/07/07,24.10,24.20,23.90,23.90,6052750,145245573,0.05,2275
105/07/11,24.15,24.20,24.00,24.10,9658458,232878542,0.20,3850
105/07/12,24.10,24.95,24.00,24.80,22004750,540733346,0.70,7254
105/07/13,24.95,26.00,24.90,25.80,45955834,1176057694,1.00,13016
105/07/14,26.80,27.25,26.50,26.60,73917826,1981082322,0.80,17784
105/07/15,26.95,27.10,26.60,26.90,42281291,1137086421,0.30,9198
105/07/18,26.80,26.85,26.20,26.50,20084235,532729475,-0.40,6333
105/07/19,26.60,26.75,26.45,26.65,9831571,261511331,0.15,3014
105/07/20,26.65,26.65,26.40,26.65,6362440,169140186,,2490
105/07/21,26.65,26.80,26.50,26.60,7941853,211639506,-0.05,2810
105/07/22,26.60,26.65,26.20,26.25,7791560,206162149,-0.35,2156
105/07/25,26.25,26.55,26.15,26.30,5801988,152496232,0.05,1888
105/07/26,26.40,27.00,26.15,27.00,23098248,615830179,0.70,5486
105/07/27,26.90,26.90,26.40,26.85,18404176,491195321,-0.15,4990
105/07/28,26.60,26.60,26.15,26.20,11148253,293381974,-0.65,3603
105/07/29,26.25,26.25,26.00,26.00,8439505,219957080,-0.20,2731
105/08/01,26.10,26.30,26.00,26.25,5508449,144101589,0.25,1912
105/08/02,26.20,26.20,26.00,26.00,3621296,94412774,-0.25,1019
105/08/03,25.90,26.00,25.70,25.85,2951870,76302070,-0.15,1208
105/08/04,25.90,26.10,25.80,26.10,2662200,69172504,0.25,1414
105/08/05,26.25,26.30,26.05,26.15,4106080,107524637,0.05,2465
105/08/08,26.25,26.30,26.05,26.30,4024180,105446442,0.15,1775
105/08/09,26.20,26.30,26.10,26.25,3674660,96397526,-0.05,1505
105/08/10,26.45,26.90,26.30,26.80,18909840,504318968,0.55,4174
105/08/11,26.70,26.80,26.45,26.80,9704600,258570649,,2678
105/08/12,26.80,26.90,26.65,26.65,5661495,151425817,-0.15,1480
105/08/15,26.75,26.80,26.60,26.65,5960061,161477819,,1308
105/08/16,26.75,26.95,26.65,26.70,7163900,191796079,0.05,1860
105/08/17,26.70,26.80,26.40,26.50,4108413,108919647,-0.20,1772
105/08/18,26.50,26.50,26.40,26.45,3897593,103123543,-0.05,947
105/08/19,26.50,26.65,26.20,26.30,6349331,167544600,-0.15,1780
105/08/22,26.40,26.55,26.25,26.55,5770500,152530550,0.25,1509
105/08/23,26.55,26.55,26.30,26.40,2678785,70944904,-0.15,1004
105/08/24,26.50,26.65,26.40,26.60,5792987,153760056,0.20,3165
105/08/25,26.45,26.60,26.40,26.60,3279187,86938504,,1472
105/08/26,26.70,27.40,26.65,27.30,26126736,708543230,0.70,6767
105/08/29,27.30,27.30,26.90,27.10,9701995,263035465,-0.20,2511
105/08/30,27.20,27.65,27.15,27.35,11966448,327403827,0.25,2884
105/08/31,27.20,27.20,26.90,26.90,8195240,221583982,-0.45,2049
105/09/01,26.80,26.90,26.40,26.70,7248772,192860056,-0.20,2532
105/09/02,26.85,26.95,26.75,26.80,8231410,220886335,0.10,2215
105/09/05,26.90,27.05,26.70,26.80,7084129,189886834,,1861
105/09/06,26.95,27.10,26.85,27.00,10727275,289386130,0.20,2770
105/09/07,27.00,27.05,26.65,26.85,9678820,259870792,-0.15,3190
105/09/08,26.90,27.05,26.75,27.00,9754555,262715229,0.15,2631
105/09/09,26.95,27.00,26.75,27.00,9831470,264756292,,4014
105/09/10,26.65,26.95,26.65,26.95,5837050,156894447,-0.05,2344
105/09/12,26.95,27.00,26.70,26.85,9773163,262644451,-0.10,3077
105/09/13,26.80,27.15,26.80,26.95,14638000,395102850,0.10,3323
105/09/14,26.95,27.00,26.55,26.55,8823052,235952467,-0.40,2607
105/09/19,26.60,26.95,26.60,26.80,10967457,293777254,0.25,3250
105/09/20,26.65,27.50,26.65,27.40,23093559,626889130,0.60,5761
105/09/21,27.20,27.20,26.80,27.00,23697839,640353570,-0.40,4678
105/09/22,27.05,27.10,26.55,26.75,22036245,589988538,-0.25,5510
105/09/23,27.25,27.50,26.95,27.30,46933452,1276428561,0.55,7474
105/09/26,27.35,28.40,27.35,27.90,42799430,1193776437,0.60,8579
105/09/29,28.00,28.05,27.75,27.95,27093537,756202449,0.05,6330
105/09/30,28.00,28.00,27.60,27.60,13899130,385195712,-0.35,4463
105/10/03,27.60,28.00,27.55,27.75,9143940,254606234,0.15,3699
105/10/04,27.80,28.05,27.75,28.05,14411195,390724287,0.30,2978
105/10/05,29.25,29.35,29.15,29.25,94312312,2757989341,1.20,11808
105/10/06,29.30,29.35,29.25,29.35,27892817,816755287,0.10,5479
105/10/07,29.35,29.35,29.25,29.25,21577086,632111457,-0.10,4307
105/10/11,29.30,29.35,29.25,29.30,30079030,880944919,0.05,6774
105/10/12,29.50,29.55,29.45,29.50,30600983,902785265,0.20,5282
105/10/13,29.50,29.55,29.50,29.50,20050401,591556216,,3972
105/10/14,29.50,29.55,29.50,29.50,8205087,242141305,,1623
105/10/17,29.50,29.55,29.50,29.55,7395914,218249557,0.05,3157
105/10/18,29.55,29.60,29.50,29.60,14533484,429458533,0.05,2762
105/10/19,29.55,29.60,29.55,29.60,7689388,227286749,,1860
105/10/20,29.55,29.60,29.55,29.55,6716003,198479633,-0.05,1504
105/10/21,29.60,29.60,29.50,29.50,5251087,155190564,-0.05,1053
105/10/24,29.55,29.55,29.50,29.50,3959353,116867209,,673
105/10/25,29.55,29.60,29.50,29.50,4063259,120034688,,616
105/10/26,29.55,29.60,29.50,29.55,7430994,219409616,0.05,1201
105/10/27,29.55,29.60,29.55,29.55,5951628,175933645,,1312
105/10/28,29.55,29.60,29.55,29.60,5236954,154859980,0.05,799
105/10/31,29.55,29.60,29.55,29.55,15539937,459234683,-0.05,5654
105/11/01,29.55,29.60,29.55,29.55,6056288,178970953,,1735
105/11/02,29.55,29.60,29.55,29.55,5538813,163679419,,1321
105/11/03,29.55,29.60,29.55,29.55,7653666,226201610,,1829
105/11/04,29.55,29.60,29.55,29.55,5984307,176889318,,1878
105/11/07,29.60,29.60,29.55,29.55,4964895,146758191,,1626
105/11/08,29.55,29.60,29.55,29.60,17835147,527155183,0.05,1868
105/11/09,29.60,29.60,29.55,29.60,11893430,351613053,,2144
105/11/10,29.60,29.65,29.60,29.65,8940803,264795803,0.05,1956
105/11/11,29.65,29.70,29.60,29.60,14373990,426166486,-0.05,5623
105/11/14,29.65,29.70,29.65,29.65,8736722,259230234,0.05,1724
105/11/15,29.70,29.70,29.65,29.65,4548151,134921168,,1636
105/11/16,29.70,29.75,29.70,29.75,5335235,158552721,0.10,1315
105/11/17,29.75,29.80,29.70,29.75,4793895,142568219,,1750
105/11/18,29.75,29.80,29.75,29.75,5204198,154853882,,1303
105/11/21,29.80,29.80,29.75,29.75,4132659,122953100,,920
105/11/22,29.80,29.80,29.75,29.80,3634559,108225424,0.05,1973
105/11/23,29.75,29.80,29.75,29.75,5855858,174232464,-0.05,2048
105/11/24,29.75,29.80,29.75,29.75,15120535,449944194,,3934
105/11/25,29.80,29.80,29.75,29.75,17339703,515952593,,8836
105/11/28,29.80,29.85,29.80,29.80,10605664,316094633,0.05,3253
105/11/29,29.80,29.85,29.80,29.80,19139105,570702161,,7671
